distances
0	671	792	542	316	444	318	603	301	723	648	316	386	467	671	603	576	468	464	438	365	
671	0	625	571	333	648	726	322	446	514	415	314	334	319	661	531	391	395	359	698	627	
792	625	0	388	698	703	580	314	328	668	645	335	302	302	520	758	745	659	689	710	399	
542	571	388	0	382	678	555	744	772	687	700	672	400	597	554	516	730	694	751	635	588	
316	333	698	382	0	655	793	744	601	536	647	742	315	634	672	351	508	788	414	424	334	
444	648	703	678	655	0	749	608	731	610	768	596	722	536	336	700	557	679	603	347	625	
318	726	580	555	793	749	0	367	315	495	761	790	620	769	777	668	655	772	617	547	535	
603	322	314	744	744	608	367	0	385	520	721	396	399	318	702	782	307	582	465	737	600	
301	446	328	772	601	731	315	385	0	475	609	527	668	445	467	768	369	729	533	637	643	
723	514	668	687	536	610	495	520	475	0	589	308	389	412	553	442	309	562	320	473	631	
648	415	645	700	647	768	761	721	609	589	0	502	454	783	339	741	740	497	566	481	579	
316	314	335	672	742	596	790	396	527	308	502	0	462	406	546	692	414	540	653	542	547	
386	334	302	400	315	722	620	399	668	389	454	462	0	627	626	485	307	394	318	615	548	
467	319	302	597	634	536	769	318	445	412	783	406	627	0	477	771	376	451	739	407	476	
671	661	520	554	672	336	777	702	467	553	339	546	626	477	0	350	685	343	793	775	358	
603	531	758	516	351	700	668	782	768	442	741	692	485	771	350	0	535	379	707	553	796	
576	391	745	730	508	557	655	307	369	309	740	414	307	376	685	535	0	777	483	559	455	
468	395	659	694	788	679	772	582	729	562	497	540	394	451	343	379	777	0	428	374	677	
464	359	689	751	414	603	617	465	533	320	566	653	318	739	793	707	483	428	0	350	556	
438	698	710	635	424	347	547	737	637	473	481	542	615	407	775	553	559	374	350	0	769	
365	627	399	588	334	625	535	600	643	631	579	547	548	476	358	796	455	677	556	769	0	
etats
Id_Station	Poids W	Min (P)	WSPT	Priorité	
1	5				
2	1				
3	1				
4	3				
5	6				
6	2				
7	1				
8	7				
9	7				
10	3				
11	1				
12	7				
13	5				
14	7				
15	6				
16	7				
17	4				
18	1				
19	3				
20	6				
 