distances
0	418	348	459	566	589	667	397	314	381	366	572	603	529	513	699	586	740	499	424	328	
418	0	700	500	372	645	429	713	736	463	495	376	628	659	307	353	602	491	577	534	786	
348	700	0	402	773	599	702	419	588	501	731	332	355	402	632	758	538	796	780	482	334	
459	500	402	0	696	669	783	664	797	518	364	505	699	793	484	318	395	568	647	668	651	
566	372	773	696	0	377	764	436	701	656	567	635	447	361	473	502	448	463	621	790	563	
589	645	599	669	377	0	543	541	488	433	570	679	536	651	769	414	773	475	722	356	660	
667	429	702	783	764	543	0	786	706	757	764	598	378	559	533	384	789	685	663	426	632	
397	713	419	664	436	541	786	0	432	431	705	553	619	629	554	797	428	701	523	369	624	
314	736	588	797	701	488	706	432	0	508	597	460	368	317	690	468	543	546	631	795	526	
381	463	501	518	656	433	757	431	508	0	517	441	339	395	384	460	582	766	375	340	632	
366	495	731	364	567	570	764	705	597	517	0	449	583	443	521	509	594	305	571	631	534	
572	376	332	505	635	679	598	553	460	441	449	0	417	598	300	442	778	715	576	630	347	
603	628	355	699	447	536	378	619	368	339	583	417	0	584	304	606	405	711	577	432	577	
529	659	402	793	361	651	559	629	317	395	443	598	584	0	536	466	560	605	783	655	445	
513	307	632	484	473	769	533	554	690	384	521	300	304	536	0	560	710	695	645	447	634	
699	353	758	318	502	414	384	797	468	460	509	442	606	466	560	0	678	612	533	390	322	
586	602	538	395	448	773	789	428	543	582	594	778	405	560	710	678	0	493	614	659	701	
740	491	796	568	463	475	685	701	546	766	305	715	711	605	695	612	493	0	664	511	481	
499	577	780	647	621	722	663	523	631	375	571	576	577	783	645	533	614	664	0	649	484	
424	534	482	668	790	356	426	369	795	340	631	630	432	655	447	390	659	511	649	0	723	
328	786	334	651	563	660	632	624	526	632	534	347	577	445	634	322	701	481	484	723	0	
etats
Id_Station	Poids W	Min (P)	WSPT	Priorité	
1	2				
2	1				
3	2				
4	1				
5	1				
6	1				
7	5				
8	8				
9	2				
10	4				
11	1				
12	9				
13	7				
14	6				
15	6				
16	6				
17	9				
18	4				
19	2				
20	4				
 
