distances
0	571	325	327	582	753	515	750	531	779	432	744	570	364	491	475	354	349	444	612	654	
571	0	576	480	319	691	647	591	667	476	739	515	332	447	670	473	527	654	453	694	762	
325	576	0	346	769	508	474	367	325	400	482	729	774	576	591	491	472	353	446	615	454	
327	480	346	0	615	729	365	502	638	358	766	325	469	591	553	751	551	477	494	609	402	
582	319	769	615	0	535	525	620	693	708	435	742	369	789	393	404	412	751	466	638	522	
753	691	508	729	535	0	795	454	529	437	512	616	797	454	612	528	616	576	392	796	472	
515	647	474	365	525	795	0	651	595	352	643	431	738	602	699	430	718	582	564	382	720	
750	591	367	502	620	454	651	0	532	383	566	713	795	566	761	515	526	594	548	555	654	
531	667	325	638	693	529	595	532	0	507	330	693	765	602	522	484	525	495	528	371	322	
779	476	400	358	708	437	352	383	507	0	786	759	633	660	604	778	625	367	708	302	320	
432	739	482	766	435	512	643	566	330	786	0	610	353	791	731	739	610	660	530	518	593	
744	515	729	325	742	616	431	713	693	759	610	0	702	536	734	375	530	611	756	660	308	
570	332	774	469	369	797	738	795	765	633	353	702	0	435	730	674	342	607	638	327	506	
364	447	576	591	789	454	602	566	602	660	791	536	435	0	634	515	564	374	457	394	504	
491	670	591	553	393	612	699	761	522	604	731	734	730	634	0	791	675	368	707	463	560	
475	473	491	751	404	528	430	515	484	778	739	375	674	515	791	0	479	792	478	462	660	
354	527	472	551	412	616	718	526	525	625	610	530	342	564	675	479	0	787	544	416	686	
349	654	353	477	751	576	582	594	495	367	660	611	607	374	368	792	787	0	620	508	314	
444	453	446	494	466	392	564	548	528	708	530	756	638	457	707	478	544	620	0	445	320	
612	694	615	609	638	796	382	555	371	302	518	660	327	394	463	462	416	508	445	0	468	
654	762	454	402	522	472	720	654	322	320	593	308	506	504	560	660	686	314	320	468	0	
etats
Id_Station	Poids W	Min (P)	WSPT	Priorité	
1	4				
2	1				
3	2				
4	1				
5	1				
6	3				
7	4				
8	1				
9	8				
10	8				
11	1				
12	9				
13	7				
14	8				
15	9				
16	9				
17	4				
18	3				
19	5				
20	4				
 
