distances
0	516	609	782	706	617	473	772	321	478	387	601	607	302	778	329	495	653	585	409	638	
516	0	667	427	306	626	539	473	403	481	592	648	329	691	499	735	504	672	769	767	508	
609	667	0	553	618	577	340	488	341	450	790	683	685	450	664	750	561	777	689	508	450	
782	427	553	0	650	330	304	789	594	563	441	441	770	770	315	559	661	569	383	734	447	
706	306	618	650	0	462	730	348	565	335	685	520	311	767	547	360	435	618	344	331	752	
617	626	577	330	462	0	435	620	357	730	359	472	533	333	487	745	469	630	535	507	519	
473	539	340	304	730	435	0	367	698	632	540	471	362	529	431	366	650	535	525	462	430	
772	473	488	789	348	620	367	0	445	737	476	582	302	760	501	603	575	369	474	772	428	
321	403	341	594	565	357	698	445	0	739	686	391	637	521	799	485	796	318	494	323	342	
478	481	450	563	335	730	632	737	739	0	652	531	435	337	323	397	780	678	317	699	555	
387	592	790	441	685	359	540	476	686	652	0	305	320	383	384	492	315	606	411	358	650	
601	648	683	441	520	472	471	582	391	531	305	0	670	467	511	554	664	324	549	422	672	
607	329	685	770	311	533	362	302	637	435	320	670	0	694	682	625	722	371	309	351	760	
302	691	450	770	767	333	529	760	521	337	383	467	694	0	475	763	704	432	464	412	553	
778	499	664	315	547	487	431	501	799	323	384	511	682	475	0	556	752	664	790	727	476	
329	735	750	559	360	745	366	603	485	397	492	554	625	763	556	0	496	504	682	445	651	
495	504	561	661	435	469	650	575	796	780	315	664	722	704	752	496	0	585	321	414	771	
653	672	777	569	618	630	535	369	318	678	606	324	371	432	664	504	585	0	600	734	630	
585	769	689	383	344	535	525	474	494	317	411	549	309	464	790	682	321	600	0	663	618	
409	767	508	734	331	507	462	772	323	699	358	422	351	412	727	445	414	734	663	0	728	
638	508	450	447	752	519	430	428	342	555	650	672	760	553	476	651	771	630	618	728	0	
etats
Id_Station	Poids W	Min (P)	WSPT	Priorité	
1	5				
2	6				
3	6				
4	1				
5	1				
6	3				
7	6				
8	4				
9	1				
10	5				
11	8				
12	5				
13	5				
14	6				
15	2				
16	9				
17	1				
18	8				
19	5				
20	8				

