distances
0	653	615	412	695	714	368	458	478	633	798	621	312	771	430	758	466	460	711	781	461	
653	0	566	449	556	631	584	622	715	325	422	300	585	594	594	365	542	307	646	688	584	
615	566	0	506	420	635	469	769	695	641	426	341	343	788	481	336	418	673	387	434	497	
412	449	506	0	633	573	365	345	466	749	354	309	412	616	428	315	638	388	772	726	578	
695	556	420	633	0	327	738	702	435	775	709	356	626	642	757	617	755	587	610	785	374	
714	631	635	573	327	0	402	659	740	786	793	541	713	365	335	526	371	381	500	766	662	
368	584	469	365	738	402	0	560	536	649	780	414	500	669	355	565	467	423	571	608	426	
458	622	769	345	702	659	560	0	656	464	359	620	336	421	303	725	512	680	698	542	702	
478	715	695	466	435	740	536	656	0	744	791	503	656	714	785	759	659	401	384	465	708	
633	325	641	749	775	786	649	464	744	0	453	647	738	332	745	672	530	655	304	706	772	
798	422	426	354	709	793	780	359	791	453	0	693	773	631	510	667	701	717	394	304	747	
621	300	341	309	356	541	414	620	503	647	693	0	331	318	508	599	346	574	630	774	780	
312	585	343	412	626	713	500	336	656	738	773	331	0	695	718	546	425	447	335	705	763	
771	594	788	616	642	365	669	421	714	332	631	318	695	0	791	618	402	357	377	584	363	
430	594	481	428	757	335	355	303	785	745	510	508	718	791	0	486	714	702	485	789	753	
758	365	336	315	617	526	565	725	759	672	667	599	546	618	486	0	754	710	307	728	740	
466	542	418	638	755	371	467	512	659	530	701	346	425	402	714	754	0	601	366	317	588	
460	307	673	388	587	381	423	680	401	655	717	574	447	357	702	710	601	0	530	782	516	
711	646	387	772	610	500	571	698	384	304	394	630	335	377	485	307	366	530	0	389	336	
781	688	434	726	785	766	608	542	465	706	304	774	705	584	789	728	317	782	389	0	585	
461	584	497	578	374	662	426	702	708	772	747	780	763	363	753	740	588	516	336	585	0	
etats
Id_Station	Poids W	Min (P)	WSPT	Priorité	
1	2				
2	5				
3	4				
4	1				
5	7				
6	9				
7	6				
8	1				
9	5				
10	3				
11	2				
12	3				
13	1				
14	5				
15	4				
16	3				
17	8				
18	4				
19	3				
20	8				

