distances
0	633	683	357	510	663	756	795	611	392	780	393	398	485	617	632	470	580	650	768	555	
633	0	495	433	457	479	664	463	379	603	748	651	565	651	529	731	352	697	554	493	562	
683	495	0	744	615	353	453	657	398	395	477	754	419	323	690	495	612	724	774	527	595	
357	433	744	0	641	653	687	622	538	478	706	771	770	392	407	384	603	417	311	511	740	
510	457	615	641	0	663	758	390	732	645	451	744	776	312	507	711	540	666	321	406	547	
663	479	353	653	663	0	328	394	572	646	615	779	394	601	772	598	370	350	475	532	423	
756	664	453	687	758	328	0	592	515	478	555	756	422	556	434	519	378	323	629	543	743	
795	463	657	622	390	394	592	0	691	671	701	458	641	743	687	446	733	353	566	586	498	
611	379	398	538	732	572	515	691	0	555	795	509	793	358	434	681	551	613	591	302	345	
392	603	395	478	645	646	478	671	555	0	392	785	533	359	741	480	398	323	775	636	489	
780	748	477	706	451	615	555	701	795	392	0	656	518	500	325	403	430	688	670	771	456	
393	651	754	771	744	779	756	458	509	785	656	0	650	415	752	437	608	305	747	624	762	
398	565	419	770	776	394	422	641	793	533	518	650	0	544	617	542	380	313	422	780	440	
485	651	323	392	312	601	556	743	358	359	500	415	544	0	707	346	360	402	723	746	410	
617	529	690	407	507	772	434	687	434	741	325	752	617	707	0	512	660	615	458	488	364	
632	731	495	384	711	598	519	446	681	480	403	437	542	346	512	0	745	354	388	472	577	
470	352	612	603	540	370	378	733	551	398	430	608	380	360	660	745	0	492	756	477	451	
580	697	724	417	666	350	323	353	613	323	688	305	313	402	615	354	492	0	596	721	485	
650	554	774	311	321	475	629	566	591	775	670	747	422	723	458	388	756	596	0	675	334	
768	493	527	511	406	532	543	586	302	636	771	624	780	746	488	472	477	721	675	0	402	
555	562	595	740	547	423	743	498	345	489	456	762	440	410	364	577	451	485	334	402	0	
etats
Id_Station	Poids W	Min (P)	WSPT	Priorité	
1	8				
2	5				
3	4				
4	8				
5	8				
6	7				
7	3				
8	8				
9	3				
10	9				
11	9				
12	1				
13	1				
14	7				
15	8				
16	1				
17	3				
18	4				
19	9				
20	9				
 