distances
0	373	548	408	596	546	558	409	501	414	411	698	484	534	437	738	717	600	547	386	338	
373	0	697	753	534	721	759	575	641	396	645	581	398	551	389	565	771	742	711	481	618	
548	697	0	614	537	485	525	688	588	347	600	338	735	622	315	656	542	390	588	436	438	
408	753	614	0	414	557	557	440	773	353	590	480	534	552	580	340	754	428	692	725	766	
596	534	537	414	0	786	765	572	791	403	681	611	539	799	647	394	467	622	624	384	375	
546	721	485	557	786	0	792	594	305	514	684	554	498	580	626	329	507	546	705	641	769	
558	759	525	557	765	792	0	794	427	465	563	798	478	745	520	693	595	403	601	434	591	
409	575	688	440	572	594	794	0	670	507	479	542	460	418	555	483	342	541	685	458	365	
501	641	588	773	791	305	427	670	0	660	363	447	473	473	533	757	454	712	633	334	755	
414	396	347	353	403	514	465	507	660	0	715	381	777	598	507	335	551	470	696	500	378	
411	645	600	590	681	684	563	479	363	715	0	525	503	539	354	392	506	617	588	355	526	
698	581	338	480	611	554	798	542	447	381	525	0	745	700	539	347	715	692	562	569	397	
484	398	735	534	539	498	478	460	473	777	503	745	0	569	515	529	468	483	707	744	657	
534	551	622	552	799	580	745	418	473	598	539	700	569	0	588	734	527	440	611	317	674	
437	389	315	580	647	626	520	555	533	507	354	539	515	588	0	456	492	783	364	651	344	
738	565	656	340	394	329	693	483	757	335	392	347	529	734	456	0	798	345	405	547	309	
717	771	542	754	467	507	595	342	454	551	506	715	468	527	492	798	0	690	745	441	433	
600	742	390	428	622	546	403	541	712	470	617	692	483	440	783	345	690	0	467	407	707	
547	711	588	692	624	705	601	685	633	696	588	562	707	611	364	405	745	467	0	656	624	
386	481	436	725	384	641	434	458	334	500	355	569	744	317	651	547	441	407	656	0	566	
338	618	438	766	375	769	591	365	755	378	526	397	657	674	344	309	433	707	624	566	0	
etats
Id_Station	Poids W	Min (P)	WSPT	Priorité	
1	1				
2	8				
3	9				
4	1				
5	7				
6	3				
7	3				
8	8				
9	1				
10	8				
11	3				
12	5				
13	6				
14	7				
15	1				
16	7				
17	4				
18	1				
19	2				
20	8				
 
