distances
0	490	365	642	490	466	629	311	431	685	582	442	797	630	491	513	400	663	577	728	314	
490	0	717	623	725	587	746	763	569	344	320	656	535	553	755	322	610	743	570	762	498	
365	717	0	517	430	421	647	468	639	694	383	673	708	789	385	471	440	730	775	458	585	
642	623	517	0	702	691	674	450	426	741	328	405	597	343	414	636	541	721	632	490	556	
490	725	430	702	0	499	776	695	551	515	680	356	725	765	646	376	466	755	372	388	506	
466	587	421	691	499	0	793	460	505	719	382	464	368	714	362	402	548	740	378	375	404	
629	746	647	674	776	793	0	478	430	395	462	323	509	799	698	499	393	714	658	507	763	
311	763	468	450	695	460	478	0	632	396	764	579	682	719	686	344	750	313	502	453	462	
431	569	639	426	551	505	430	632	0	638	382	357	485	405	394	314	719	763	415	473	625	
685	344	694	741	515	719	395	396	638	0	516	666	610	523	665	552	780	438	433	659	702	
582	320	383	328	680	382	462	764	382	516	0	603	702	663	515	525	615	753	575	300	316	
442	656	673	405	356	464	323	579	357	666	603	0	455	666	504	573	763	707	505	533	513	
797	535	708	597	725	368	509	682	485	610	702	455	0	453	512	379	384	672	522	389	774	
630	553	789	343	765	714	799	719	405	523	663	666	453	0	394	510	637	314	671	446	545	
491	755	385	414	646	362	698	686	394	665	515	504	512	394	0	781	379	323	496	789	602	
513	322	471	636	376	402	499	344	314	552	525	573	379	510	781	0	564	526	493	778	777	
400	610	440	541	466	548	393	750	719	780	615	763	384	637	379	564	0	317	372	504	383	
663	743	730	721	755	740	714	313	763	438	753	707	672	314	323	526	317	0	596	394	326	
577	570	775	632	372	378	658	502	415	433	575	505	522	671	496	493	372	596	0	497	385	
728	762	458	490	388	375	507	453	473	659	300	533	389	446	789	778	504	394	497	0	724	
314	498	585	556	506	404	763	462	625	702	316	513	774	545	602	777	383	326	385	724	0	
etats
Id_Station	Poids W	Min (P)	WSPT	Priorité	
1	4				
2	4				
3	1				
4	1				
5	7				
6	1				
7	5				
8	3				
9	6				
10	6				
11	4				
12	9				
13	1				
14	7				
15	9				
16	2				
17	5				
18	5				
19	7				
20	8				
 