distances
0	407	568	570	650	513	675	692	521	660	696	526	651	786	775	628	476	752	471	561	715	
407	0	749	692	650	737	555	791	686	650	534	669	735	394	461	760	409	425	307	596	547	
568	749	0	593	525	401	740	582	561	638	761	639	510	636	481	490	532	430	724	527	365	
570	692	593	0	473	424	620	373	456	353	763	433	466	567	361	440	516	791	592	696	582	
650	650	525	473	0	573	514	625	409	392	719	364	361	441	382	457	776	548	340	762	395	
513	737	401	424	573	0	676	330	687	760	429	381	363	445	631	764	763	451	726	730	328	
675	555	740	620	514	676	0	581	539	539	448	580	635	622	430	669	573	571	401	772	790	
692	791	582	373	625	330	581	0	412	795	304	427	544	524	380	568	519	577	650	488	572	
521	686	561	456	409	687	539	412	0	646	728	711	395	579	571	462	701	729	466	483	540	
660	650	638	353	392	760	539	795	646	0	679	617	794	322	739	795	362	318	489	624	606	
696	534	761	763	719	429	448	304	728	679	0	788	511	397	656	591	633	495	317	609	574	
526	669	639	433	364	381	580	427	711	617	788	0	477	679	705	368	545	599	751	458	381	
651	735	510	466	361	363	635	544	395	794	511	477	0	683	480	536	582	538	525	303	766	
786	394	636	567	441	445	622	524	579	322	397	679	683	0	608	655	359	725	561	725	780	
775	461	481	361	382	631	430	380	571	739	656	705	480	608	0	323	644	493	527	375	426	
628	760	490	440	457	764	669	568	462	795	591	368	536	655	323	0	385	671	510	446	522	
476	409	532	516	776	763	573	519	701	362	633	545	582	359	644	385	0	572	661	575	607	
752	425	430	791	548	451	571	577	729	318	495	599	538	725	493	671	572	0	483	388	472	
471	307	724	592	340	726	401	650	466	489	317	751	525	561	527	510	661	483	0	528	393	
561	596	527	696	762	730	772	488	483	624	609	458	303	725	375	446	575	388	528	0	694	
715	547	365	582	395	328	790	572	540	606	574	381	766	780	426	522	607	472	393	694	0	
etats
Id_Station	Poids W	Min (P)	WSPT	Priorité	
1	1				
2	2				
3	3				
4	1				
5	1				
6	7				
7	8				
8	1				
9	4				
10	5				
11	1				
12	5				
13	2				
14	4				
15	9				
16	4				
17	8				
18	1				
19	2				
20	2				
 