distances
0	447	460	493	621	762	734	771	780	530	668	542	537	555	498	456	449	667	780	661	699	
447	0	471	331	775	440	744	569	383	430	301	691	568	464	358	656	374	353	749	376	680	
460	471	0	511	330	609	300	713	514	753	692	338	538	347	429	331	509	563	536	663	715	
493	331	511	0	580	758	381	340	693	736	501	633	477	496	494	627	365	709	791	661	301	
621	775	330	580	0	386	767	508	632	346	458	474	724	467	590	736	430	475	774	373	678	
762	440	609	758	386	0	469	575	574	341	589	595	469	576	475	626	510	397	705	334	738	
734	744	300	381	767	469	0	374	611	337	426	334	327	723	472	760	517	434	767	422	599	
771	569	713	340	508	575	374	0	579	439	709	687	745	497	770	506	606	380	506	360	459	
780	383	514	693	632	574	611	579	0	379	403	624	707	452	468	622	794	586	363	404	363	
530	430	753	736	346	341	337	439	379	0	393	520	329	635	375	696	559	617	357	532	771	
668	301	692	501	458	589	426	709	403	393	0	459	759	397	682	541	614	475	374	435	493	
542	691	338	633	474	595	334	687	624	520	459	0	470	328	424	742	396	683	474	726	596	
537	568	538	477	724	469	327	745	707	329	759	470	0	558	478	681	592	333	611	775	722	
555	464	347	496	467	576	723	497	452	635	397	328	558	0	442	302	638	367	462	675	748	
498	358	429	494	590	475	472	770	468	375	682	424	478	442	0	598	516	476	528	475	420	
456	656	331	627	736	626	760	506	622	696	541	742	681	302	598	0	704	748	686	529	569	
449	374	509	365	430	510	517	606	794	559	614	396	592	638	516	704	0	712	435	649	477	
667	353	563	709	475	397	434	380	586	617	475	683	333	367	476	748	712	0	382	420	315	
780	749	536	791	774	705	767	506	363	357	374	474	611	462	528	686	435	382	0	633	452	
661	376	663	661	373	334	422	360	404	532	435	726	775	675	475	529	649	420	633	0	347	
699	680	715	301	678	738	599	459	363	771	493	596	722	748	420	569	477	315	452	347	0	
etats
Id_Station	Poids W	Min (P)	WSPT	Priorité	
1	1				
2	2				
3	1				
4	1				
5	3				
6	5				
7	2				
8	1				
9	3				
10	7				
11	3				
12	6				
13	9				
14	1				
15	7				
16	5				
17	5				
18	7				
19	9				
20	4				
 