distances
0	373	685	389	380	374	737	418	708	487	306	324	747	380	601	602	734	640	703	505	630	
373	0	357	496	463	314	697	534	319	473	312	753	780	686	632	326	351	436	772	557	771	
685	357	0	585	517	718	517	742	324	504	424	771	712	333	765	595	455	369	519	707	351	
389	496	585	0	449	353	528	308	736	531	557	382	755	761	460	467	593	700	364	667	494	
380	463	517	449	0	789	653	561	469	386	479	330	355	396	464	570	568	454	540	306	740	
374	314	718	353	789	0	634	672	609	796	502	647	374	797	535	512	543	759	681	632	762	
737	697	517	528	653	634	0	387	713	732	645	573	304	755	402	649	488	365	687	697	450	
418	534	742	308	561	672	387	0	713	526	494	549	576	720	365	680	324	796	758	697	391	
708	319	324	736	469	609	713	713	0	431	386	538	315	510	397	685	633	713	561	369	492	
487	473	504	531	386	796	732	526	431	0	342	697	642	547	358	422	625	575	480	541	426	
306	312	424	557	479	502	645	494	386	342	0	787	543	518	514	335	704	556	713	306	406	
324	753	771	382	330	647	573	549	538	697	787	0	575	482	596	477	303	383	391	523	426	
747	780	712	755	355	374	304	576	315	642	543	575	0	746	549	483	394	394	747	608	671	
380	686	333	761	396	797	755	720	510	547	518	482	746	0	471	330	637	469	795	661	548	
601	632	765	460	464	535	402	365	397	358	514	596	549	471	0	742	534	652	501	630	580	
602	326	595	467	570	512	649	680	685	422	335	477	483	330	742	0	304	397	662	754	329	
734	351	455	593	568	543	488	324	633	625	704	303	394	637	534	304	0	491	500	604	330	
640	436	369	700	454	759	365	796	713	575	556	383	394	469	652	397	491	0	752	404	334	
703	772	519	364	540	681	687	758	561	480	713	391	747	795	501	662	500	752	0	640	468	
505	557	707	667	306	632	697	697	369	541	306	523	608	661	630	754	604	404	640	0	787	
630	771	351	494	740	762	450	391	492	426	406	426	671	548	580	329	330	334	468	787	0	
etats
Id_Station	Poids W	Min (P)	WSPT	Priorité	
1	3				
2	2				
3	5				
4	3				
5	1				
6	1				
7	7				
8	3				
9	7				
10	4				
11	5				
12	4				
13	5				
14	9				
15	1				
16	3				
17	3				
18	1				
19	1				
20	1				

