distances
0	429	399	629	587	336	321	600	495	313	359	456	505	709	327	738	652	642	613	355	523	
429	0	372	717	732	447	576	516	678	559	311	524	486	361	455	618	734	523	430	550	360	
399	372	0	473	549	522	701	522	319	534	494	389	449	767	348	394	764	301	748	502	664	
629	717	473	0	518	426	557	495	555	351	390	559	390	311	722	519	796	646	387	628	300	
587	732	549	518	0	424	742	733	601	319	676	585	365	622	687	713	542	354	414	752	413	
336	447	522	426	424	0	496	669	517	746	682	534	773	721	666	489	368	754	310	413	411	
321	576	701	557	742	496	0	588	422	544	566	526	636	703	495	377	534	676	320	435	303	
600	516	522	495	733	669	588	0	492	381	420	477	578	687	343	373	624	705	598	413	777	
495	678	319	555	601	517	422	492	0	644	354	344	604	583	592	551	562	307	402	629	624	
313	559	534	351	319	746	544	381	644	0	497	563	603	681	301	407	571	513	707	432	404	
359	311	494	390	676	682	566	420	354	497	0	476	517	560	476	469	751	678	417	768	615	
456	524	389	559	585	534	526	477	344	563	476	0	713	593	694	572	684	350	459	506	473	
505	486	449	390	365	773	636	578	604	603	517	713	0	432	760	656	327	512	790	311	302	
709	361	767	311	622	721	703	687	583	681	560	593	432	0	664	511	493	505	469	548	435	
327	455	348	722	687	666	495	343	592	301	476	694	760	664	0	344	682	604	360	695	446	
738	618	394	519	713	489	377	373	551	407	469	572	656	511	344	0	714	640	637	700	312	
652	734	764	796	542	368	534	624	562	571	751	684	327	493	682	714	0	783	514	728	738	
642	523	301	646	354	754	676	705	307	513	678	350	512	505	604	640	783	0	604	772	507	
613	430	748	387	414	310	320	598	402	707	417	459	790	469	360	637	514	604	0	764	342	
355	550	502	628	752	413	435	413	629	432	768	506	311	548	695	700	728	772	764	0	741	
523	360	664	300	413	411	303	777	624	404	615	473	302	435	446	312	738	507	342	741	0	
etats
Id_Station	Poids W	Min (P)	WSPT	Priorité	
1	4				
2	7				
3	5				
4	2				
5	1				
6	6				
7	6				
8	2				
9	5				
10	1				
11	6				
12	9				
13	5				
14	3				
15	3				
16	3				
17	7				
18	3				
19	8				
20	2				

