distances
0	302	484	300	519	521	462	799	714	422	639	579	566	530	555	714	638	783	323	568	418	
302	0	645	336	352	653	485	404	706	758	329	651	683	341	602	456	779	416	592	341	656	
484	645	0	788	344	781	759	720	442	797	349	366	576	462	359	464	689	510	558	615	356	
300	336	788	0	327	647	771	558	365	467	513	389	700	701	723	456	617	335	367	599	358	
519	352	344	327	0	352	766	663	521	459	654	720	321	306	777	380	707	353	522	376	521	
521	653	781	647	352	0	605	645	363	700	761	388	756	337	522	362	670	374	507	483	492	
462	485	759	771	766	605	0	776	675	498	579	657	787	360	564	568	433	434	364	675	517	
799	404	720	558	663	645	776	0	713	667	521	562	459	769	613	325	663	734	516	661	540	
714	706	442	365	521	363	675	713	0	329	328	594	453	675	680	734	426	757	575	419	345	
422	758	797	467	459	700	498	667	329	0	578	533	586	522	760	754	316	631	424	667	705	
639	329	349	513	654	761	579	521	328	578	0	685	500	629	759	346	465	475	702	432	347	
579	651	366	389	720	388	657	562	594	533	685	0	370	407	791	738	475	461	439	328	321	
566	683	576	700	321	756	787	459	453	586	500	370	0	358	322	429	741	773	787	752	393	
530	341	462	701	306	337	360	769	675	522	629	407	358	0	616	754	676	402	344	380	620	
555	602	359	723	777	522	564	613	680	760	759	791	322	616	0	685	730	329	449	745	760	
714	456	464	456	380	362	568	325	734	754	346	738	429	754	685	0	481	350	713	582	328	
638	779	689	617	707	670	433	663	426	316	465	475	741	676	730	481	0	482	578	636	654	
783	416	510	335	353	374	434	734	757	631	475	461	773	402	329	350	482	0	620	424	572	
323	592	558	367	522	507	364	516	575	424	702	439	787	344	449	713	578	620	0	655	449	
568	341	615	599	376	483	675	661	419	667	432	328	752	380	745	582	636	424	655	0	646	
418	656	356	358	521	492	517	540	345	705	347	321	393	620	760	328	654	572	449	646	0	
etats
Id_Station	Poids W	Min (P)	WSPT	Priorité	
1	5				
2	1				
3	4				
4	8				
5	1				
6	7				
7	3				
8	8				
9	3				
10	2				
11	2				
12	5				
13	5				
14	1				
15	1				
16	5				
17	2				
18	4				
19	6				
20	2				
 
