distances
0	579	751	767	346	596	467	486	641	315	367	708	546	388	544	376	313	720	369	564	596	
579	0	749	767	700	575	378	326	605	339	464	316	586	720	486	557	583	359	468	426	557	
751	749	0	636	436	573	723	536	568	368	713	600	401	690	493	509	650	603	548	460	339	
767	767	636	0	462	316	645	447	335	482	455	607	409	330	323	759	539	373	501	483	665	
346	700	436	462	0	510	665	709	471	408	329	636	712	789	769	350	789	628	384	481	460	
596	575	573	316	510	0	650	644	456	787	600	503	673	777	515	321	688	760	439	386	338	
467	378	723	645	665	650	0	383	413	696	437	607	522	766	392	715	489	758	765	653	777	
486	326	536	447	709	644	383	0	579	313	338	728	555	393	686	343	454	433	434	574	645	
641	605	568	335	471	456	413	579	0	300	788	711	345	740	603	321	621	641	682	431	330	
315	339	368	482	408	787	696	313	300	0	401	307	785	772	698	320	351	798	398	301	637	
367	464	713	455	329	600	437	338	788	401	0	446	639	331	785	689	497	763	359	441	622	
708	316	600	607	636	503	607	728	711	307	446	0	354	736	745	547	791	304	741	669	329	
546	586	401	409	712	673	522	555	345	785	639	354	0	356	505	748	457	401	693	346	422	
388	720	690	330	789	777	766	393	740	772	331	736	356	0	339	648	436	785	580	515	504	
544	486	493	323	769	515	392	686	603	698	785	745	505	339	0	483	311	419	628	392	792	
376	557	509	759	350	321	715	343	321	320	689	547	748	648	483	0	340	671	396	688	580	
313	583	650	539	789	688	489	454	621	351	497	791	457	436	311	340	0	506	585	695	647	
720	359	603	373	628	760	758	433	641	798	763	304	401	785	419	671	506	0	556	505	670	
369	468	548	501	384	439	765	434	682	398	359	741	693	580	628	396	585	556	0	483	572	
564	426	460	483	481	386	653	574	431	301	441	669	346	515	392	688	695	505	483	0	383	
596	557	339	665	460	338	777	645	330	637	622	329	422	504	792	580	647	670	572	383	0	
etats
Id_Station	Poids W	Min (P)	WSPT	Priorité	
1	9				
2	6				
3	6				
4	4				
5	7				
6	3				
7	1				
8	2				
9	3				
10	5				
11	1				
12	4				
13	9				
14	6				
15	6				
16	2				
17	8				
18	9				
19	1				
20	9				
 
