distances
0	400	657	513	597	791	630	603	418	686	728	554	727	758	359	640	502	751	413	585	596	
400	0	562	452	589	417	547	796	625	656	398	643	690	402	321	346	709	382	455	755	676	
657	562	0	589	531	629	521	432	441	504	549	699	356	527	467	604	642	554	300	777	532	
513	452	589	0	302	448	758	331	748	419	641	743	513	342	370	772	494	643	319	327	554	
597	589	531	302	0	795	682	367	546	773	515	388	569	741	782	308	734	628	558	425	322	
791	417	629	448	795	0	522	790	501	564	380	302	796	337	738	667	414	730	578	768	571	
630	547	521	758	682	522	0	653	521	405	529	608	482	709	647	788	660	479	491	547	354	
603	796	432	331	367	790	653	0	471	394	518	430	755	380	417	569	679	336	414	427	474	
418	625	441	748	546	501	521	471	0	336	357	513	747	484	763	791	489	621	448	452	503	
686	656	504	419	773	564	405	394	336	0	561	598	661	705	404	422	359	684	418	312	644	
728	398	549	641	515	380	529	518	357	561	0	510	756	620	428	371	737	689	743	335	630	
554	643	699	743	388	302	608	430	513	598	510	0	338	799	611	364	508	444	478	392	535	
727	690	356	513	569	796	482	755	747	661	756	338	0	465	334	706	532	547	772	497	703	
758	402	527	342	741	337	709	380	484	705	620	799	465	0	355	459	775	766	522	487	402	
359	321	467	370	782	738	647	417	763	404	428	611	334	355	0	540	744	512	510	426	469	
640	346	604	772	308	667	788	569	791	422	371	364	706	459	540	0	346	562	343	534	405	
502	709	642	494	734	414	660	679	489	359	737	508	532	775	744	346	0	680	752	758	416	
751	382	554	643	628	730	479	336	621	684	689	444	547	766	512	562	680	0	734	530	357	
413	455	300	319	558	578	491	414	448	418	743	478	772	522	510	343	752	734	0	330	722	
585	755	777	327	425	768	547	427	452	312	335	392	497	487	426	534	758	530	330	0	491	
596	676	532	554	322	571	354	474	503	644	630	535	703	402	469	405	416	357	722	491	0	
etats
Id_Station	Poids W	Min (P)	WSPT	Priorité	
1	2				
2	7				
3	2				
4	7				
5	4				
6	1				
7	1				
8	4				
9	9				
10	3				
11	8				
12	8				
13	8				
14	8				
15	6				
16	9				
17	1				
18	5				
19	4				
20	4				
 