distances
0	508	796	389	348	380	426	476	588	666	691	759	444	356	357	623	682	542	656	676	775	
508	0	756	651	366	453	630	373	692	403	325	442	565	357	301	724	699	309	339	772	627	
796	756	0	374	401	395	300	486	619	473	332	554	708	752	539	798	435	366	597	666	355	
389	651	374	0	522	365	720	307	318	556	364	742	557	678	762	653	509	772	720	770	388	
348	366	401	522	0	340	393	668	642	769	549	719	399	532	643	793	547	347	502	780	448	
380	453	395	365	340	0	320	426	780	752	521	659	385	571	386	475	545	429	469	670	336	
426	630	300	720	393	320	0	376	481	769	427	451	345	645	415	448	450	438	549	593	314	
476	373	486	307	668	426	376	0	798	783	480	404	784	799	585	626	382	518	436	534	566	
588	692	619	318	642	780	481	798	0	795	519	302	425	682	433	426	709	443	608	557	588	
666	403	473	556	769	752	769	783	795	0	508	416	474	524	301	484	334	615	561	454	719	
691	325	332	364	549	521	427	480	519	508	0	637	560	650	313	553	370	752	702	380	620	
759	442	554	742	719	659	451	404	302	416	637	0	460	715	341	447	599	671	360	443	484	
444	565	708	557	399	385	345	784	425	474	560	460	0	386	744	403	318	646	608	623	645	
356	357	752	678	532	571	645	799	682	524	650	715	386	0	635	551	655	602	606	643	374	
357	301	539	762	643	386	415	585	433	301	313	341	744	635	0	371	495	763	513	456	376	
623	724	798	653	793	475	448	626	426	484	553	447	403	551	371	0	608	768	529	607	326	
682	699	435	509	547	545	450	382	709	334	370	599	318	655	495	608	0	785	571	540	344	
542	309	366	772	347	429	438	518	443	615	752	671	646	602	763	768	785	0	631	634	475	
656	339	597	720	502	469	549	436	608	561	702	360	608	606	513	529	571	631	0	463	569	
676	772	666	770	780	670	593	534	557	454	380	443	623	643	456	607	540	634	463	0	649	
775	627	355	388	448	336	314	566	588	719	620	484	645	374	376	326	344	475	569	649	0	
etats
Id_Station	Poids W	Min (P)	WSPT	Priorité	
1	8				
2	7				
3	1				
4	5				
5	1				
6	2				
7	3				
8	7				
9	5				
10	1				
11	2				
12	1				
13	9				
14	2				
15	1				
16	8				
17	4				
18	2				
19	3				
20	4				
 