distances
0	547	393	490	335	381	500	679	700	352	698	760	486	705	528	447	417	718	527	750	477	
547	0	363	756	484	567	307	758	768	524	582	747	551	563	628	301	752	406	722	513	599	
393	363	0	370	647	552	730	602	437	351	404	414	584	548	789	451	647	554	572	513	733	
490	756	370	0	403	346	717	796	540	593	697	720	355	719	781	627	729	460	382	539	483	
335	484	647	403	0	743	548	375	345	541	698	685	707	318	704	587	314	580	623	332	756	
381	567	552	346	743	0	687	495	531	543	390	533	592	317	741	334	359	749	504	791	645	
500	307	730	717	548	687	0	379	518	764	676	658	522	709	435	685	423	433	321	674	682	
679	758	602	796	375	495	379	0	682	329	625	374	648	740	655	780	512	391	446	491	310	
700	768	437	540	345	531	518	682	0	451	778	749	576	337	393	331	509	706	377	583	359	
352	524	351	593	541	543	764	329	451	0	447	304	766	750	409	447	332	447	470	467	667	
698	582	404	697	698	390	676	625	778	447	0	650	674	642	379	496	406	687	783	567	365	
760	747	414	720	685	533	658	374	749	304	650	0	720	723	472	321	783	738	463	637	671	
486	551	584	355	707	592	522	648	576	766	674	720	0	755	467	666	330	456	780	417	447	
705	563	548	719	318	317	709	740	337	750	642	723	755	0	326	384	538	601	502	385	587	
528	628	789	781	704	741	435	655	393	409	379	472	467	326	0	412	768	574	465	668	370	
447	301	451	627	587	334	685	780	331	447	496	321	666	384	412	0	665	455	477	361	464	
417	752	647	729	314	359	423	512	509	332	406	783	330	538	768	665	0	567	569	397	525	
718	406	554	460	580	749	433	391	706	447	687	738	456	601	574	455	567	0	591	388	686	
527	722	572	382	623	504	321	446	377	470	783	463	780	502	465	477	569	591	0	542	461	
750	513	513	539	332	791	674	491	583	467	567	637	417	385	668	361	397	388	542	0	385	
477	599	733	483	756	645	682	310	359	667	365	671	447	587	370	464	525	686	461	385	0	
etats
Id_Station	Poids W	Min (P)	WSPT	Priorité	
1	8				
2	5				
3	2				
4	5				
5	6				
6	4				
7	2				
8	9				
9	1				
10	7				
11	1				
12	7				
13	9				
14	1				
15	9				
16	9				
17	1				
18	8				
19	3				
20	6				
 