distances
0	887	758	726	548	325	565	607	374	542	825	775	535	505	358	370	638	817	617	423	418	643	319	314	553	332	723	625	713	318	304	390	477	705	854	847	840	860	567	596	828	322	739	549	487	786	459	520	406	448	538	532	621	418	404	752	329	783	564	883	472	
887	0	504	582	523	353	445	597	608	309	479	864	613	600	894	521	360	872	370	896	658	517	468	747	755	788	508	853	473	828	643	534	486	366	722	397	637	879	453	339	574	408	566	852	545	522	622	371	813	572	679	639	512	815	508	739	466	652	463	663	808	
758	504	0	308	787	402	837	322	827	573	398	817	358	539	794	853	884	573	328	548	647	347	376	312	682	463	426	893	842	429	561	511	483	869	498	318	456	422	698	811	861	451	335	452	671	452	530	371	612	337	700	526	470	797	413	712	895	579	611	324	399	
726	582	308	0	861	354	417	790	584	848	656	751	880	592	596	778	307	580	751	367	734	322	405	480	712	582	801	640	562	318	535	708	762	559	619	597	357	532	772	432	570	440	340	593	416	363	722	463	453	525	593	689	353	372	741	574	874	470	745	678	432	
548	523	787	861	0	543	342	821	520	668	856	561	471	477	430	466	516	316	635	354	787	465	382	721	360	366	638	458	845	786	728	630	843	482	858	470	498	307	407	500	651	655	329	445	894	430	473	300	601	438	849	736	556	683	777	589	429	803	677	874	803	
325	353	402	354	543	0	360	675	811	899	766	336	836	350	891	741	405	748	524	783	664	308	547	436	749	369	320	318	428	827	682	787	331	383	418	329	634	663	779	656	416	778	843	363	408	519	671	396	755	655	762	352	875	749	555	507	616	369	526	473	815	
565	445	837	417	342	360	0	762	353	775	855	651	888	301	451	875	805	806	551	527	783	455	813	707	742	872	574	619	473	878	828	462	312	628	648	483	304	608	610	687	521	435	444	362	538	735	696	772	681	651	512	499	648	376	809	609	574	837	479	803	801	
607	597	322	790	821	675	762	0	361	833	457	729	526	805	817	877	497	810	872	827	726	841	416	417	538	528	476	475	685	733	639	827	874	456	476	567	770	573	832	506	391	818	845	388	302	427	809	514	766	629	715	373	537	631	401	762	878	871	715	875	625	
374	608	827	584	520	811	353	361	0	511	495	602	404	333	308	583	333	883	406	336	496	824	503	532	492	482	517	889	663	886	338	416	779	366	790	655	465	887	440	728	355	832	357	465	567	407	886	688	751	640	596	406	331	598	555	638	532	781	547	379	859	
542	309	573	848	668	899	775	833	511	0	714	468	671	708	635	779	396	477	357	538	421	677	301	491	474	616	428	527	370	821	693	857	685	733	576	544	773	551	463	425	416	711	322	310	707	893	741	427	643	544	528	898	444	384	738	867	524	647	541	509	827	
825	479	398	656	856	766	855	457	495	714	0	540	481	670	502	446	764	427	834	742	352	411	495	609	500	760	803	479	778	708	707	553	382	819	876	738	313	619	849	309	529	359	861	714	627	534	491	857	893	612	329	846	452	726	636	509	394	766	759	427	426	
775	864	817	751	561	336	651	729	602	468	540	0	645	882	470	471	307	814	808	463	657	672	555	312	606	831	819	710	467	628	783	669	475	525	791	782	373	894	583	729	493	535	433	877	870	439	873	681	311	366	698	616	718	466	413	830	420	619	559	599	583	
535	613	358	880	471	836	888	526	404	671	481	645	0	351	675	356	879	653	574	681	772	516	561	811	624	331	815	355	316	338	839	665	759	399	731	702	360	769	524	895	677	767	364	507	534	752	706	470	300	692	717	620	354	501	636	804	325	526	427	815	866	
505	600	539	592	477	350	301	805	333	708	670	882	351	0	408	695	559	364	532	807	355	699	520	741	327	557	878	518	325	365	507	795	445	777	673	862	558	492	839	781	839	837	405	335	568	578	864	648	899	729	508	351	471	577	464	696	342	341	409	465	571	
358	894	794	596	430	891	451	817	308	635	502	470	675	408	0	881	830	679	802	764	712	424	439	531	604	423	562	308	347	381	652	428	740	598	348	716	792	338	626	609	659	558	888	302	598	755	378	582	439	659	758	680	597	559	827	781	414	394	345	452	749	
370	521	853	778	466	741	875	877	583	779	446	471	356	695	881	0	493	736	488	451	487	355	895	332	699	728	573	893	600	538	452	550	415	493	362	350	402	497	313	574	518	580	516	706	648	734	388	330	785	834	386	861	606	313	610	561	803	698	567	488	312	
638	360	884	307	516	405	805	497	333	396	764	307	879	559	830	493	0	492	469	812	885	383	827	366	751	300	595	410	465	343	373	454	888	718	514	781	443	834	422	481	746	310	456	834	522	540	729	440	345	668	621	442	784	856	855	588	465	508	738	634	409	
817	872	573	580	316	748	806	810	883	477	427	814	653	364	679	736	492	0	513	316	486	539	354	440	796	750	586	391	693	317	442	447	512	415	643	790	771	514	350	328	350	601	787	342	621	833	788	495	633	759	851	480	476	890	447	359	532	775	595	757	767	
617	370	328	751	635	524	551	872	406	357	834	808	574	532	802	488	469	513	0	452	504	641	892	693	305	329	657	837	605	792	859	395	829	651	603	851	370	827	689	311	601	405	727	595	380	453	707	479	686	622	393	567	626	605	705	385	749	545	860	532	340	
423	896	548	367	354	783	527	827	336	538	742	463	681	807	764	451	812	316	452	0	810	885	710	737	753	700	606	762	577	353	687	573	777	879	439	331	341	379	505	463	409	662	440	536	723	836	445	447	409	880	802	701	511	566	534	805	617	369	503	555	553	
418	658	647	734	787	664	783	726	496	421	352	657	772	355	712	487	885	486	504	810	0	685	336	664	777	760	425	700	459	762	545	820	421	311	660	475	712	834	833	767	858	449	552	637	329	686	367	577	850	455	883	505	853	493	441	417	334	842	667	530	899	
643	517	347	322	465	308	455	841	824	677	411	672	516	699	424	355	383	539	641	885	685	0	851	434	568	585	804	696	774	682	694	469	388	752	421	306	428	580	755	681	810	685	421	386	791	670	682	708	897	342	701	494	617	867	518	350	481	367	605	477	894	
319	468	376	405	382	547	813	416	503	301	495	555	561	520	439	895	827	354	892	710	336	851	0	404	878	776	407	862	894	747	664	494	704	656	753	684	781	647	577	607	498	387	329	523	581	334	392	415	772	508	424	600	865	340	459	311	748	553	574	314	316	
314	747	312	480	721	436	707	417	532	491	609	312	811	741	531	332	366	440	693	737	664	434	404	0	430	840	583	744	473	598	423	480	834	741	586	484	613	466	531	509	749	830	381	378	310	301	660	754	348	794	792	628	773	527	855	702	554	696	880	350	501	
553	755	682	712	360	749	742	538	492	474	500	606	624	327	604	699	751	796	305	753	777	568	878	430	0	787	695	336	796	769	445	606	504	400	548	705	649	581	832	338	643	646	715	393	630	781	848	761	529	582	815	493	512	606	779	542	347	686	769	381	772	
332	788	463	582	366	369	872	528	482	616	760	831	331	557	423	728	300	750	329	700	760	585	776	840	787	0	546	640	892	867	579	546	690	453	813	632	323	787	883	630	392	495	806	720	645	351	704	698	341	876	744	606	337	890	680	701	854	731	759	490	790	
723	508	426	801	638	320	574	476	517	428	803	819	815	878	562	573	595	586	657	606	425	804	407	583	695	546	0	339	439	418	778	486	895	745	565	623	756	541	895	351	543	359	483	420	517	528	323	758	525	358	703	347	499	511	875	771	694	503	863	813	649	
625	853	893	640	458	318	619	475	889	527	479	710	355	518	308	893	410	391	837	762	700	696	862	744	336	640	339	0	411	355	300	376	614	647	373	596	567	566	648	545	751	516	497	848	455	372	834	477	537	580	476	469	661	810	731	375	879	450	656	514	623	
713	473	842	562	845	428	473	685	663	370	778	467	316	325	347	600	465	693	605	577	459	774	894	473	796	892	439	411	0	738	635	476	621	461	753	430	490	737	509	328	743	497	409	639	741	681	434	881	467	774	324	896	341	359	834	605	344	796	877	459	300	
318	828	429	318	786	827	878	733	886	821	708	628	338	365	381	538	343	317	792	353	762	682	747	598	769	867	418	355	738	0	354	321	615	511	341	853	806	381	690	325	523	706	574	787	688	541	842	764	891	678	343	381	559	777	798	534	792	862	873	364	695	
304	643	561	535	728	682	828	639	338	693	707	783	839	507	652	452	373	442	859	687	545	694	664	423	445	579	778	300	635	354	0	465	421	666	663	410	842	522	602	773	685	551	856	300	645	600	771	492	861	785	452	602	501	519	303	397	348	415	605	751	888	
390	534	511	708	630	787	462	827	416	857	553	669	665	795	428	550	454	447	395	573	820	469	494	480	606	546	486	376	476	321	465	0	350	614	821	507	607	726	591	657	515	805	613	437	582	846	368	767	653	647	732	665	501	540	359	405	352	781	307	497	573	
477	486	483	762	843	331	312	874	779	685	382	475	759	445	740	415	888	512	829	777	421	388	704	834	504	690	895	614	621	615	421	350	0	464	897	536	523	701	586	849	793	844	796	422	875	824	753	617	856	663	318	698	626	613	511	655	833	573	312	842	489	
705	366	869	559	482	383	628	456	366	733	819	525	399	777	598	493	718	415	651	879	311	752	656	741	400	453	745	647	461	511	666	614	464	0	606	894	458	306	311	401	868	809	408	554	619	402	582	863	680	885	881	879	886	354	853	312	377	836	817	535	374	
854	722	498	619	858	418	648	476	790	576	876	791	731	673	348	362	514	643	603	439	660	421	753	586	548	813	565	373	753	341	663	821	897	606	0	835	680	645	828	771	869	403	642	307	476	891	633	835	428	599	634	740	790	679	698	308	770	876	512	672	544	
847	397	318	597	470	329	483	567	655	544	738	782	702	862	716	350	781	790	851	331	475	306	684	484	705	632	623	596	430	853	410	507	536	894	835	0	679	668	682	731	317	645	309	309	800	617	826	438	771	757	340	371	732	440	509	607	378	430	611	680	339	
840	637	456	357	498	634	304	770	465	773	313	373	360	558	792	402	443	771	370	341	712	428	781	613	649	323	756	567	490	806	842	607	523	458	680	679	0	669	542	350	401	874	529	314	552	714	477	823	590	654	388	749	621	552	526	786	880	433	859	855	893	
860	879	422	532	307	663	608	573	887	551	619	894	769	492	338	497	834	514	827	379	834	580	647	466	581	787	541	566	737	381	522	726	701	306	645	668	669	0	672	688	657	360	878	361	338	631	709	786	380	448	897	740	549	722	303	749	350	598	874	491	604	
567	453	698	772	407	779	610	832	440	463	849	583	524	839	626	313	422	350	689	505	833	755	577	531	832	883	895	648	509	690	602	591	586	311	828	682	542	672	0	300	600	783	692	610	300	482	706	829	337	622	753	770	380	673	847	803	753	322	708	845	566	
596	339	811	432	500	656	687	506	728	425	309	729	895	781	609	574	481	328	311	463	767	681	607	509	338	630	351	545	328	325	773	657	849	401	771	731	350	688	300	0	525	387	410	392	497	701	643	356	359	430	850	451	340	363	602	859	651	359	872	481	461	
828	574	861	570	651	416	521	391	355	416	529	493	677	839	659	518	746	350	601	409	858	810	498	749	643	392	543	751	743	523	685	515	793	868	869	317	401	657	600	525	0	659	552	881	470	785	747	862	530	330	439	714	897	865	384	313	702	834	793	754	666	
322	408	451	440	655	778	435	818	832	711	359	535	767	837	558	580	310	601	405	662	449	685	387	830	646	495	359	516	497	706	551	805	844	809	403	645	874	360	783	387	659	0	803	835	450	578	615	776	861	846	328	409	539	896	619	501	782	659	856	455	418	
739	566	335	340	329	843	444	845	357	322	861	433	364	405	888	516	456	787	727	440	552	421	329	381	715	806	483	497	409	574	856	613	796	408	642	309	529	878	692	410	552	803	0	305	742	486	735	338	451	837	503	682	722	874	368	777	730	627	457	662	520	
549	852	452	593	445	363	362	388	465	310	714	877	507	335	302	706	834	342	595	536	637	386	523	378	393	720	420	848	639	787	300	437	422	554	307	309	314	361	610	392	881	835	305	0	505	405	661	716	700	500	678	798	406	720	349	766	870	474	549	588	823	
487	545	671	416	894	408	538	302	567	707	627	870	534	568	598	648	522	621	380	723	329	791	581	310	630	645	517	455	741	688	645	582	875	619	476	800	552	338	300	497	470	450	742	505	0	733	323	728	845	674	301	611	840	635	610	541	749	828	792	851	557	
786	522	452	363	430	519	735	427	407	893	534	439	752	578	755	734	540	833	453	836	686	670	334	301	781	351	528	372	681	541	600	846	824	402	891	617	714	631	482	701	785	578	486	405	733	0	537	797	345	552	502	572	431	477	535	784	406	393	333	533	773	
459	622	530	722	473	671	696	809	886	741	491	873	706	864	378	388	729	788	707	445	367	682	392	660	848	704	323	834	434	842	771	368	753	582	633	826	477	709	706	643	747	615	735	661	323	537	0	539	418	316	627	526	610	501	317	602	704	793	559	665	757	
520	371	371	463	300	396	772	514	688	427	857	681	470	648	582	330	440	495	479	447	577	708	415	754	761	698	758	477	881	764	492	767	617	863	835	438	823	786	829	356	862	776	338	716	728	797	539	0	620	808	635	815	597	782	488	668	646	461	330	422	496	
406	813	612	453	601	755	681	766	751	643	893	311	300	899	439	785	345	633	686	409	850	897	772	348	529	341	525	537	467	891	861	653	856	680	428	771	590	380	337	359	530	861	451	700	845	345	418	620	0	482	549	806	358	435	319	891	356	555	891	675	488	
448	572	337	525	438	655	651	629	640	544	612	366	692	729	659	834	668	759	622	880	455	342	508	794	582	876	358	580	774	678	785	647	663	885	599	757	654	448	622	430	330	846	837	500	674	552	316	808	482	0	802	465	812	539	709	346	708	353	610	302	824	
538	679	700	593	849	762	512	715	596	528	329	698	717	508	758	386	621	851	393	802	883	701	424	792	815	744	703	476	324	343	452	732	318	881	634	340	388	897	753	850	439	328	503	678	301	502	627	635	549	802	0	323	536	480	719	617	742	313	434	380	711	
532	639	526	689	736	352	499	373	406	898	846	616	620	351	680	861	442	480	567	701	505	494	600	628	493	606	347	469	896	381	602	665	698	879	740	371	749	740	770	451	714	409	682	798	611	572	526	815	806	465	323	0	321	821	730	594	454	656	693	710	751	
621	512	470	353	556	875	648	537	331	444	452	718	354	471	597	606	784	476	626	511	853	617	865	773	512	337	499	661	341	559	501	501	626	886	790	732	621	549	380	340	897	539	722	406	840	431	610	597	358	812	536	321	0	661	778	319	599	445	456	888	710	
418	815	797	372	683	749	376	631	598	384	726	466	501	577	559	313	856	890	605	566	493	867	340	527	606	890	511	810	359	777	519	540	613	354	679	440	552	722	673	363	865	896	874	720	635	477	501	782	435	539	480	821	661	0	834	852	833	663	473	822	406	
404	508	413	741	777	555	809	401	555	738	636	413	636	464	827	610	855	447	705	534	441	518	459	855	779	680	875	731	834	798	303	359	511	853	698	509	526	303	847	602	384	619	368	349	610	535	317	488	319	709	719	730	778	834	0	557	733	631	329	707	841	
752	739	712	574	589	507	609	762	638	867	509	830	804	696	781	561	588	359	385	805	417	350	311	702	542	701	771	375	605	534	397	405	655	312	308	607	786	749	803	859	313	501	777	766	541	784	602	668	891	346	617	594	319	852	557	0	818	689	706	594	841	
329	466	895	874	429	616	574	878	532	524	394	420	325	342	414	803	465	532	749	617	334	481	748	554	347	854	694	879	344	792	348	352	833	377	770	378	880	350	753	651	702	782	730	870	749	406	704	646	356	708	742	454	599	833	733	818	0	430	724	489	689	
783	652	579	470	803	369	837	871	781	647	766	619	526	341	394	698	508	775	545	369	842	367	553	696	686	731	503	450	796	862	415	781	573	836	876	430	433	598	322	359	834	659	627	474	828	393	793	461	555	353	313	656	445	663	631	689	430	0	515	327	568	
564	463	611	745	677	526	479	715	547	541	759	559	427	409	345	567	738	595	860	503	667	605	574	880	769	759	863	656	877	873	605	307	312	817	512	611	859	874	708	872	793	856	457	549	792	333	559	330	891	610	434	693	456	473	329	706	724	515	0	671	343	
883	663	324	678	874	473	803	875	379	509	427	599	815	465	452	488	634	757	532	555	530	477	314	350	381	490	813	514	459	364	751	497	842	535	672	680	855	491	845	481	754	455	662	588	851	533	665	422	675	302	380	710	888	822	707	594	489	327	671	0	525	
472	808	399	432	803	815	801	625	859	827	426	583	866	571	749	312	409	767	340	553	899	894	316	501	772	790	649	623	300	695	888	573	489	374	544	339	893	604	566	461	666	418	520	823	557	773	757	496	488	824	711	751	710	406	841	841	689	568	343	525	0	
etats
Id_Station	Poids W	Min (P)	WSPT	Priorité	
1	3	304	304,00	53	
2	2	302	151,00	41	
3	3	303	303,00	51	
4	9	355	71,00	30	
5	6	300	33,33	1	
6	6	309	103,00	36	
7	1	329	54,83	24	
8	5	303	303,00	52	
9	8	310	62,00	27	
10	3	301	301,00	49	
11	8	301	33,44	3	
12	7	301	37,63	9	
13	5	304	76,00	32	
14	3	305	305,00	54	
15	1	302	151,00	42	
16	3	318	318,00	60	
17	5	303	151,50	43	
18	1	301	37,63	10	
19	5	305	152,50	44	
20	9	305	61,00	26	
21	5	303	37,88	13	
22	5	304	60,80	25	
23	1	310	155,00	48	
24	1	308	34,22	6	
25	3	303	50,50	20	
26	7	305	305,00	55	
27	4	312	78,00	33	
28	7	311	62,20	28	
29	4	309	103,00	37	
30	3	311	51,83	23	
31	3	301	37,63	11	
32	7	311	311,00	59	
33	9	306	306,00	56	
34	5	302	33,56	4	
35	6	302	37,75	12	
36	7	305	38,13	14	
37	1	335	111,67	38	
38	3	305	50,83	21	
39	9	309	154,50	47	
40	2	300	150,00	39	
41	1	309	309,00	58	
42	1	302	75,50	31	
43	6	319	63,80	29	
44	1	302	302,00	50	
45	4	305	43,57	17	
46	5	309	34,33	7	
47	1	300	150,00	40	
48	3	305	101,67	35	
49	6	305	152,50	45	
50	6	308	154,00	46	
51	3	318	35,33	8	
52	7	304	33,78	5	
53	9	300	33,33	2	
54	1	313	78,25	34	
55	5	308	38,50	16	
56	6	306	306,00	57	
57	1	309	51,50	22	
58	1	307	38,38	15	
59	8	301	50,17	19	
60	6	309	44,14	18	

