distances
0	877	407	438	656	738	551	651	896	750	519	417	466	864	544	471	502	482	387	666	453	499	388	564	856	449	654	686	886	366	432	628	347	803	385	689	339	568	580	475	470	316	864	391	644	690	621	361	760	628	742	693	882	547	551	370	366	345	303	793	493	
877	0	673	379	533	497	373	516	362	614	709	453	889	571	798	359	852	773	807	865	341	725	446	787	670	405	898	796	857	786	679	641	397	618	787	658	597	839	476	468	705	367	554	800	497	839	701	839	331	784	771	434	617	634	603	565	399	466	592	845	742	
407	673	0	561	858	801	807	879	802	364	592	612	514	462	381	516	573	579	857	744	397	369	694	316	462	668	424	807	383	554	322	751	667	790	450	774	836	454	399	716	642	467	768	312	615	409	464	462	506	488	571	757	347	818	369	409	778	733	751	786	566	
438	379	561	0	791	399	815	468	770	304	809	555	786	368	747	718	512	485	446	637	840	385	460	448	852	712	882	790	389	707	770	545	886	579	586	586	690	700	724	602	754	381	675	431	747	375	463	353	841	340	537	816	631	841	883	619	740	457	342	819	536	
656	533	858	791	0	507	768	896	570	683	439	454	822	305	708	621	417	899	633	855	893	801	317	891	666	522	762	500	631	516	686	462	769	501	468	557	844	810	483	880	680	484	682	878	778	467	379	576	473	805	301	433	578	599	644	854	667	817	555	723	541	
738	497	801	399	507	0	368	649	523	763	786	393	474	536	777	536	496	303	666	441	897	494	692	732	746	401	317	544	846	806	467	323	709	653	667	709	383	343	594	388	820	444	626	554	769	679	340	315	414	347	646	325	808	742	325	512	598	378	624	324	528	
551	373	807	815	768	368	0	540	666	881	408	374	884	410	856	723	335	413	432	779	589	487	608	845	509	358	558	832	837	535	589	638	367	386	419	618	872	556	488	329	450	734	373	712	646	408	513	613	706	827	746	524	865	475	833	356	626	381	586	614	312	
651	516	879	468	896	649	540	0	770	745	475	372	639	469	459	381	880	342	574	891	705	714	454	412	393	635	818	338	874	343	778	827	894	331	494	354	390	886	611	450	699	582	847	371	779	806	365	710	776	703	511	460	709	733	592	745	468	861	677	592	609	
896	362	802	770	570	523	666	770	0	634	441	642	405	595	802	422	339	422	444	786	880	427	745	830	329	413	813	611	866	302	590	652	620	343	632	650	354	334	566	589	519	709	687	420	795	414	490	851	450	806	759	657	446	798	381	814	567	365	307	545	874	
750	614	364	304	683	763	881	745	634	0	517	763	606	603	318	776	759	660	319	461	544	670	385	505	479	345	488	663	523	711	817	891	692	355	361	363	742	704	368	440	490	373	869	442	761	642	497	818	438	706	791	501	320	546	458	540	801	365	759	417	679	
519	709	592	809	439	786	408	475	441	517	0	533	651	887	364	365	853	858	490	428	368	436	378	442	687	857	645	410	639	636	552	483	335	553	650	563	813	420	737	561	727	332	528	842	622	447	768	800	510	321	774	822	581	424	847	646	856	308	788	309	663	
417	453	612	555	454	393	374	372	642	763	533	0	512	811	616	830	741	406	744	894	323	546	506	852	330	433	791	456	491	776	588	583	728	404	694	849	478	554	558	357	564	849	618	523	876	645	323	798	839	311	746	511	778	823	545	887	768	706	883	669	595	
466	889	514	786	822	474	884	639	405	606	651	512	0	799	600	638	508	383	361	892	515	699	758	645	413	895	825	602	863	792	694	315	452	379	844	755	480	848	427	605	518	485	730	380	829	690	405	626	849	473	317	370	731	540	837	498	533	719	800	529	739	
864	571	462	368	305	536	410	469	595	603	887	811	799	0	799	481	627	376	886	426	810	693	899	320	712	850	735	786	834	393	535	332	327	362	477	683	777	723	414	665	397	426	869	776	668	343	744	765	750	899	780	322	465	844	532	351	371	866	439	523	562	
544	798	381	747	708	777	856	459	802	318	364	616	600	799	0	376	792	597	369	467	774	579	671	827	810	592	745	592	761	775	452	827	690	808	420	585	385	548	791	845	808	713	384	828	566	442	421	711	755	566	809	809	425	557	554	691	898	631	446	862	732	
471	359	516	718	621	536	723	381	422	776	365	830	638	481	376	0	328	739	314	353	335	604	370	623	492	372	544	548	708	339	479	827	625	873	526	806	624	834	562	532	620	630	454	371	686	443	598	353	678	455	307	393	623	309	685	814	553	754	353	804	494	
502	852	573	512	417	496	335	880	339	759	853	741	508	627	792	328	0	747	799	690	485	498	717	749	890	526	492	838	320	536	300	686	505	719	632	704	572	681	793	402	393	771	382	327	825	359	519	407	445	565	717	488	312	501	641	832	337	404	318	636	658	
482	773	579	485	899	303	413	342	422	660	858	406	383	376	597	739	747	0	726	886	886	883	641	375	481	681	799	790	447	623	464	784	615	557	701	883	595	863	560	416	856	471	843	727	575	897	458	527	800	471	812	525	305	340	747	756	627	575	492	705	822	
387	807	857	446	633	666	432	574	444	319	490	744	361	886	369	314	799	726	0	835	726	497	628	488	832	572	559	874	623	351	535	550	452	359	538	633	819	730	749	726	351	811	849	812	336	391	857	827	639	708	523	315	430	778	850	816	579	573	814	594	673	
666	865	744	637	855	441	779	891	786	461	428	894	892	426	467	353	690	886	835	0	888	579	316	303	762	390	354	528	741	348	726	649	883	507	594	412	393	544	457	357	706	580	862	765	575	358	806	483	339	897	832	780	558	711	572	359	753	636	697	509	415	
453	341	397	840	893	897	589	705	880	544	368	323	515	810	774	335	485	886	726	888	0	854	890	787	649	784	735	344	375	391	405	340	662	419	814	818	366	522	390	463	676	494	683	399	871	304	508	774	766	869	378	523	666	701	498	867	511	817	532	460	736	
499	725	369	385	801	494	487	714	427	670	436	546	699	693	579	604	498	883	497	579	854	0	503	717	759	631	833	583	759	676	301	657	667	311	465	414	895	586	875	459	699	569	308	884	754	757	704	323	310	801	656	879	759	874	812	326	765	432	383	673	872	
388	446	694	460	317	692	608	454	745	385	378	506	758	899	671	370	717	641	628	316	890	503	0	390	612	865	757	884	433	591	743	804	667	899	816	499	363	730	634	683	753	365	731	860	850	712	740	367	669	848	514	450	310	525	601	692	643	683	324	834	611	
564	787	316	448	891	732	845	412	830	505	442	852	645	320	827	623	749	375	488	303	787	717	390	0	888	335	504	558	637	491	581	379	757	864	563	381	805	676	624	657	414	560	355	692	524	790	604	766	835	315	383	674	885	387	665	533	849	728	615	892	879	
856	670	462	852	666	746	509	393	329	479	687	330	413	712	810	492	890	481	832	762	649	759	612	888	0	797	339	507	729	643	614	505	871	779	725	466	884	774	880	734	705	519	334	824	642	763	734	413	665	575	770	888	338	652	385	611	806	618	759	625	539	
449	405	668	712	522	401	358	635	413	345	857	433	895	850	592	372	526	681	572	390	784	631	865	335	797	0	346	318	406	422	372	638	586	514	556	893	317	787	442	477	410	310	471	419	818	747	782	714	374	497	782	490	831	625	634	890	829	631	500	744	666	
654	898	424	882	762	317	558	818	813	488	645	791	825	735	745	544	492	799	559	354	735	833	757	504	339	346	0	803	555	364	476	397	598	510	455	526	509	510	315	408	840	487	384	584	844	345	679	708	811	345	327	546	516	352	875	862	829	559	501	489	731	
686	796	807	790	500	544	832	338	611	663	410	456	602	786	592	548	838	790	874	528	344	583	884	558	507	318	803	0	843	732	733	385	403	855	845	345	884	365	751	683	305	607	898	672	367	755	324	490	479	805	835	544	660	476	408	415	653	592	853	436	512	
886	857	383	389	631	846	837	874	866	523	639	491	863	834	761	708	320	447	623	741	375	759	433	637	729	406	555	843	0	485	668	689	561	856	686	697	459	428	394	779	715	342	314	426	450	339	669	781	441	793	748	588	345	349	745	862	537	718	802	427	841	
366	786	554	707	516	806	535	343	302	711	636	776	792	393	775	339	536	623	351	348	391	676	591	491	643	422	364	732	485	0	370	516	400	869	767	747	555	867	489	541	830	434	613	713	409	789	833	718	398	799	783	382	641	329	336	662	653	794	510	328	375	
432	679	322	770	686	467	589	778	590	817	552	588	694	535	452	479	300	464	535	726	405	301	743	581	614	372	476	733	668	370	0	557	466	508	365	549	578	448	734	483	829	377	380	375	734	880	708	755	794	403	375	375	327	378	544	330	517	752	881	709	882	
628	641	751	545	462	323	638	827	652	891	483	583	315	332	827	827	686	784	550	649	340	657	804	379	505	638	397	385	689	516	557	0	419	675	833	499	654	558	739	492	708	422	446	588	848	519	412	502	302	326	796	880	384	587	679	410	881	789	363	708	608	
347	397	667	886	769	709	367	894	620	692	335	728	452	327	690	625	505	615	452	883	662	667	667	757	871	586	598	403	561	400	466	419	0	590	493	786	332	718	459	655	327	602	645	339	882	729	787	546	311	329	527	760	826	451	314	838	731	339	710	610	785	
803	618	790	579	501	653	386	331	343	355	553	404	379	362	808	873	719	557	359	507	419	311	899	864	779	514	510	855	856	869	508	675	590	0	736	589	799	342	721	346	653	416	857	704	787	782	700	392	312	735	633	678	504	302	313	611	788	838	864	784	822	
385	787	450	586	468	667	419	494	632	361	650	694	844	477	420	526	632	701	538	594	814	465	816	563	725	556	455	845	686	767	365	833	493	736	0	883	813	789	811	595	465	633	769	866	855	767	629	887	623	734	873	334	872	758	382	417	515	562	695	525	712	
689	658	774	586	557	709	618	354	650	363	563	849	755	683	585	806	704	883	633	412	818	414	499	381	466	893	526	345	697	747	549	499	786	589	883	0	841	637	808	884	794	626	771	452	698	670	640	820	540	647	371	773	425	749	394	424	800	702	423	390	675	
339	597	836	690	844	383	872	390	354	742	813	478	480	777	385	624	572	595	819	393	366	895	363	805	884	317	509	884	459	555	578	654	332	799	813	841	0	412	532	399	758	590	667	435	614	375	401	418	347	708	346	628	363	873	430	339	597	792	689	762	587	
568	839	454	700	810	343	556	886	334	704	420	554	848	723	548	834	681	863	730	544	522	586	730	676	774	787	510	365	428	867	448	558	718	342	789	637	412	0	706	657	899	596	809	622	842	650	887	613	424	849	675	602	764	834	548	718	326	690	798	792	844	
580	476	399	724	483	594	488	611	566	368	737	558	427	414	791	562	793	560	749	457	390	875	634	624	880	442	315	751	394	489	734	739	459	721	811	808	532	706	0	583	747	357	806	881	797	706	737	502	406	647	485	805	329	760	461	826	819	881	490	754	331	
475	468	716	602	880	388	329	450	589	440	561	357	605	665	845	532	402	416	726	357	463	459	683	657	734	477	408	683	779	541	483	492	655	346	595	884	399	657	583	0	404	500	742	866	819	866	633	395	521	671	662	663	544	799	735	619	387	762	561	793	619	
470	705	642	754	680	820	450	699	519	490	727	564	518	397	808	620	393	856	351	706	676	699	753	414	705	410	840	305	715	830	829	708	327	653	465	794	758	899	747	404	0	899	393	474	518	799	823	746	473	486	629	748	774	838	671	895	491	547	652	896	898	
316	367	467	381	484	444	734	582	709	373	332	849	485	426	713	630	771	471	811	580	494	569	365	560	519	310	487	607	342	434	377	422	602	416	633	626	590	596	357	500	899	0	797	758	583	694	548	725	521	702	477	589	540	614	724	670	716	411	575	751	804	
864	554	768	675	682	626	373	847	687	869	528	618	730	869	384	454	382	843	849	862	683	308	731	355	334	471	384	898	314	613	380	446	645	857	769	771	667	809	806	742	393	797	0	817	782	618	399	603	505	353	320	732	755	794	703	845	549	883	870	491	517	
391	800	312	431	878	554	712	371	420	442	842	523	380	776	828	371	327	727	812	765	399	884	860	692	824	419	584	672	426	713	375	588	339	704	866	452	435	622	881	866	474	758	817	0	808	583	372	820	770	893	388	367	432	302	637	591	757	693	459	655	689	
644	497	615	747	778	769	646	779	795	761	622	876	829	668	566	686	825	575	336	575	871	754	850	524	642	818	844	367	450	409	734	848	882	787	855	698	614	842	797	819	518	583	782	808	0	673	811	864	519	703	521	337	433	492	705	570	365	556	784	844	558	
690	839	409	375	467	679	408	806	414	642	447	645	690	343	442	443	359	897	391	358	304	757	712	790	763	747	345	755	339	789	880	519	729	782	767	670	375	650	706	866	799	694	618	583	673	0	680	670	581	638	356	401	605	614	870	310	735	714	853	425	583	
621	701	464	463	379	340	513	365	490	497	768	323	405	744	421	598	519	458	857	806	508	704	740	604	734	782	679	324	669	833	708	412	787	700	629	640	401	887	737	633	823	548	399	372	811	680	0	498	675	603	309	526	474	495	877	671	798	891	653	419	548	
361	839	462	353	576	315	613	710	851	818	800	798	626	765	711	353	407	527	827	483	774	323	367	766	413	714	708	490	781	718	755	502	546	392	887	820	418	613	502	395	746	725	603	820	864	670	498	0	625	508	732	448	345	395	442	355	435	863	447	377	653	
760	331	506	841	473	414	706	776	450	438	510	839	849	750	755	678	445	800	639	339	766	310	669	835	665	374	811	479	441	398	794	302	311	312	623	540	347	424	406	521	473	521	505	770	519	581	675	625	0	471	786	639	592	346	356	891	708	395	502	431	726	
628	784	488	340	805	347	827	703	806	706	321	311	473	899	566	455	565	471	708	897	869	801	848	315	575	497	345	805	793	799	403	326	329	735	734	647	708	849	647	671	486	702	353	893	703	638	603	508	471	0	302	693	418	421	651	464	312	651	700	646	487	
742	771	571	537	301	646	746	511	759	791	774	746	317	780	809	307	717	812	523	832	378	656	514	383	770	782	327	835	748	783	375	796	527	633	873	371	346	675	485	662	629	477	320	388	521	356	309	732	786	302	0	700	571	741	488	759	636	898	789	775	627	
693	434	757	816	433	325	524	460	657	501	822	511	370	322	809	393	488	525	315	780	523	879	450	674	888	490	546	544	588	382	375	880	760	678	334	773	628	602	805	663	748	589	732	367	337	401	526	448	639	693	700	0	725	763	443	564	622	537	372	538	897	
882	617	347	631	578	808	865	709	446	320	581	778	731	465	425	623	312	305	430	558	666	759	310	885	338	831	516	660	345	641	327	384	826	504	872	425	363	764	329	544	774	540	755	432	433	605	474	345	592	418	571	725	0	574	638	667	464	529	478	786	326	
547	634	818	841	599	742	475	733	798	546	424	823	540	844	557	309	501	340	778	711	701	874	525	387	652	625	352	476	349	329	378	587	451	302	758	749	873	834	760	799	838	614	794	302	492	614	495	395	346	421	741	763	574	0	839	322	405	393	823	416	515	
551	603	369	883	644	325	833	592	381	458	847	545	837	532	554	685	641	747	850	572	498	812	601	665	385	634	875	408	745	336	544	679	314	313	382	394	430	548	461	735	671	724	703	637	705	870	877	442	356	651	488	443	638	839	0	778	327	423	837	714	744	
370	565	409	619	854	512	356	745	814	540	646	887	498	351	691	814	832	756	816	359	867	326	692	533	611	890	862	415	862	662	330	410	838	611	417	424	339	718	826	619	895	670	845	591	570	310	671	355	891	464	759	564	667	322	778	0	835	858	322	439	661	
366	399	778	740	667	598	626	468	567	801	856	768	533	371	898	553	337	627	579	753	511	765	643	849	806	829	829	653	537	653	517	881	731	788	515	800	597	326	819	387	491	716	549	757	365	735	798	435	708	312	636	622	464	405	327	835	0	770	691	399	872	
345	466	733	457	817	378	381	861	365	365	308	706	719	866	631	754	404	575	573	636	817	432	683	728	618	631	559	592	718	794	752	789	339	838	562	702	792	690	881	762	547	411	883	693	556	714	891	863	395	651	898	537	529	393	423	858	770	0	419	300	879	
303	592	751	342	555	624	586	677	307	759	788	883	800	439	446	353	318	492	814	697	532	383	324	615	759	500	501	853	802	510	881	363	710	864	695	423	689	798	490	561	652	575	870	459	784	853	653	447	502	700	789	372	478	823	837	322	691	419	0	787	797	
793	845	786	819	723	324	614	592	545	417	309	669	529	523	862	804	636	705	594	509	460	673	834	892	625	744	489	436	427	328	709	708	610	784	525	390	762	792	754	793	896	751	491	655	844	425	419	377	431	646	775	538	786	416	714	439	399	300	787	0	481	
493	742	566	536	541	528	312	609	874	679	663	595	739	562	732	494	658	822	673	415	736	872	611	879	539	666	731	512	841	375	882	608	785	822	712	675	587	844	331	619	898	804	517	689	558	583	548	653	726	487	627	897	326	515	744	661	872	879	797	481	0	
etats
Id_Station	Poids W	Min (P)	WSPT	Priorité	
1	7	306	102,00	42	
2	1	304	76,00	33	
3	2	300	75,00	32	
4	9	302	60,40	27	
5	9	306	61,20	28	
6	6	321	321,00	59	
7	8	304	43,43	14	
8	3	314	62,80	30	
9	4	307	153,50	50	
10	1	300	50,00	20	
11	8	300	150,00	47	
12	7	314	34,89	3	
13	8	302	302,00	55	
14	5	317	45,29	18	
15	8	336	67,20	31	
16	2	326	81,50	37	
17	5	307	51,17	23	
18	8	306	51,00	22	
19	2	304	76,00	34	
20	6	300	37,50	4	
21	6	315	315,00	57	
22	3	320	106,67	45	
23	1	300	60,00	26	
24	6	302	50,33	21	
25	1	343	114,33	46	
26	1	323	161,50	54	
27	2	305	76,25	36	
28	6	317	317,00	58	
29	6	306	38,25	6	
30	2	322	40,25	11	
31	5	309	103,00	43	
32	1	333	55,50	25	
33	6	309	103,00	44	
34	4	330	330,00	60	
35	9	302	33,56	2	
36	7	313	39,13	9	
37	4	300	33,33	1	
38	1	304	76,00	35	
39	1	302	43,14	12	
40	7	308	38,50	7	
41	2	326	46,57	19	
42	8	300	100,00	38	
43	1	306	153,00	49	
44	4	302	43,14	13	
45	9	310	44,29	16	
46	1	312	312,00	56	
47	7	331	55,17	24	
48	6	308	154,00	51	
49	1	302	151,00	48	
50	1	302	100,67	40	
51	6	309	154,50	52	
52	7	314	44,86	17	
53	6	308	38,50	8	
54	1	300	100,00	39	
55	4	304	43,43	15	
56	5	310	62,00	29	
57	9	305	101,67	41	
58	5	313	39,13	10	
59	6	304	38,00	5	
60	6	309	154,50	53	
