distances
0	739	481	846	610	503	502	332	416	323	709	620	494	849	486	461	592	653	725	464	314	521	755	740	663	404	559	611	889	354	484	308	783	868	836	742	431	773	657	488	766	767	442	792	686	732	430	315	735	346	663	801	621	800	378	616	868	384	595	813	747	
739	0	818	771	785	368	644	721	347	450	651	521	352	410	498	395	845	815	771	310	871	502	891	890	678	753	785	361	871	607	385	413	558	818	688	333	505	356	837	756	793	549	547	602	412	378	392	445	751	568	717	878	362	315	772	497	598	774	765	673	829	
481	818	0	476	814	816	846	716	487	480	894	585	569	526	560	561	531	591	639	384	748	753	414	311	849	778	856	898	349	702	740	757	464	459	529	880	402	598	667	578	421	318	449	655	453	392	439	660	562	354	899	635	642	750	631	502	809	498	740	790	442	
846	771	476	0	358	492	807	444	668	637	358	662	351	750	718	848	337	710	496	793	589	426	604	438	855	767	474	472	614	598	828	867	726	813	499	510	329	515	791	899	672	537	690	771	464	365	384	570	302	672	312	684	485	881	738	713	518	471	409	632	752	
610	785	814	358	0	784	873	631	753	829	388	734	844	593	465	603	833	683	600	868	866	391	822	595	690	890	462	331	397	328	483	528	600	670	339	778	451	828	553	398	797	861	358	522	362	753	573	586	461	741	612	807	709	350	702	390	657	840	382	876	720	
503	368	816	492	784	0	579	313	761	524	512	801	621	869	784	788	873	385	632	816	581	777	343	731	412	548	709	719	775	867	811	463	413	513	502	849	787	398	630	765	480	402	532	328	698	780	758	685	500	369	894	374	720	489	578	838	546	347	478	874	607	
502	644	846	807	873	579	0	777	726	836	312	702	550	710	494	346	645	628	837	751	882	798	834	386	896	764	474	399	350	749	547	496	816	451	587	779	899	688	693	634	453	676	492	794	800	627	706	458	329	355	334	588	805	820	734	801	431	822	396	422	872	
332	721	716	444	631	313	777	0	634	817	396	341	326	574	874	527	845	392	684	893	596	468	809	309	758	304	398	471	526	704	336	606	776	374	851	591	378	653	708	311	633	527	741	741	426	765	536	849	342	305	872	832	775	454	300	714	462	732	433	508	615	
416	347	487	668	753	761	726	634	0	507	372	706	380	384	463	481	440	560	399	586	587	739	795	373	714	772	683	622	715	488	303	856	462	771	647	585	313	319	547	684	590	750	658	376	584	510	330	359	428	855	490	411	458	357	390	702	729	403	714	772	709	
323	450	480	637	829	524	836	817	507	0	565	667	488	650	455	865	360	876	646	448	319	819	606	655	379	843	360	640	324	819	448	482	363	383	578	536	884	356	578	722	341	342	797	432	718	842	736	363	347	430	398	601	504	533	481	801	893	700	672	796	684	
709	651	894	358	388	512	312	396	372	565	0	403	753	363	340	545	580	490	755	690	592	388	571	725	787	515	756	612	369	685	631	653	721	625	580	448	478	868	516	821	341	355	332	489	646	378	547	679	728	726	833	347	589	310	529	476	389	566	760	399	849	
620	521	585	662	734	801	702	341	706	667	403	0	876	437	752	859	428	832	892	735	606	646	791	391	652	331	751	547	476	795	809	422	821	686	499	672	542	406	596	799	782	754	831	743	423	891	555	678	694	768	414	819	481	725	366	820	447	796	395	513	545	
494	352	569	351	844	621	550	326	380	488	753	876	0	644	321	496	364	568	587	510	333	756	704	728	609	895	896	581	419	405	347	496	493	738	468	767	733	330	828	639	319	518	485	752	373	754	363	487	361	872	456	412	362	699	674	858	318	747	822	595	710	
849	410	526	750	593	869	710	574	384	650	363	437	644	0	552	759	796	534	839	741	641	494	628	709	746	477	717	433	407	424	791	787	846	866	848	639	845	403	587	502	613	554	619	871	814	804	555	377	778	747	858	455	320	729	654	896	766	717	517	554	703	
486	498	560	718	465	784	494	874	463	455	340	752	321	552	0	686	749	755	506	762	566	837	505	607	408	406	533	605	360	694	796	808	570	479	756	432	619	615	340	647	462	618	719	596	397	831	739	535	484	636	446	582	775	863	526	579	781	692	592	561	738	
461	395	561	848	603	788	346	527	481	865	545	859	496	759	686	0	715	502	836	896	655	613	477	388	560	716	414	754	337	738	747	594	660	875	452	446	575	634	364	827	530	669	616	372	836	527	836	721	414	631	745	750	462	736	658	330	404	319	718	534	486	
592	845	531	337	833	873	645	845	440	360	580	428	364	796	749	715	0	461	532	483	341	498	785	493	467	764	432	710	848	340	696	803	807	737	798	328	629	620	619	532	590	385	385	593	465	735	673	508	894	585	851	315	483	542	722	498	666	420	423	711	874	
653	815	591	710	683	385	628	392	560	876	490	832	568	534	755	502	461	0	550	808	500	828	651	764	568	302	370	815	659	521	708	353	853	833	687	696	331	523	393	526	412	453	307	831	464	703	838	837	565	710	759	351	853	625	330	538	349	649	409	844	843	
725	771	639	496	600	632	837	684	399	646	755	892	587	839	506	836	532	550	0	381	372	653	415	663	368	431	733	530	506	468	550	694	433	324	812	765	534	855	428	696	673	417	815	381	876	573	546	372	465	427	619	839	532	544	380	372	330	661	897	390	710	
464	310	384	793	868	816	751	893	586	448	690	735	510	741	762	896	483	808	381	0	523	766	336	600	645	703	757	623	813	867	758	675	561	631	447	838	774	668	757	414	571	636	449	772	832	600	647	573	541	704	586	680	875	529	537	756	504	755	617	419	501	
314	871	748	589	866	581	882	596	587	319	592	606	333	641	566	655	341	500	372	523	0	749	653	431	713	680	341	711	313	771	854	615	630	516	794	666	316	706	866	370	388	432	775	305	401	815	594	723	386	647	564	631	895	491	336	893	538	741	834	322	802	
521	502	753	426	391	777	798	468	739	819	388	646	756	494	837	613	498	828	653	766	749	0	487	492	875	364	742	754	558	628	504	455	667	448	562	749	353	721	760	521	541	371	734	645	572	395	477	441	809	643	679	348	730	512	753	842	765	628	716	603	312	
755	891	414	604	822	343	834	809	795	606	571	791	704	628	505	477	785	651	415	336	653	487	0	777	727	419	776	667	407	432	585	425	840	673	546	897	496	787	743	852	853	517	726	869	698	859	522	634	485	532	716	467	818	813	687	719	481	408	521	454	584	
740	890	311	438	595	731	386	309	373	655	725	391	728	709	607	388	493	764	663	600	431	492	777	0	352	724	579	778	583	838	893	594	849	563	328	316	491	829	670	753	535	756	525	800	596	898	835	594	351	457	422	466	344	434	700	316	889	871	446	470	361	
663	678	849	855	690	412	896	758	714	379	787	652	609	746	408	560	467	568	368	645	713	875	727	352	0	566	897	490	823	686	481	653	598	636	832	700	750	513	466	474	801	498	831	452	484	570	558	479	724	805	885	795	317	782	561	703	666	428	770	394	676	
404	753	778	767	890	548	764	304	772	843	515	331	895	477	406	716	764	302	431	703	680	364	419	724	566	0	324	614	317	527	464	434	865	719	373	410	447	651	627	581	883	887	820	518	468	339	344	542	433	867	664	871	372	473	590	429	318	434	681	360	684	
559	785	856	474	462	709	474	398	683	360	756	751	896	717	533	414	432	370	733	757	341	742	776	579	897	324	0	830	773	414	780	331	839	341	630	448	447	891	710	438	548	878	380	711	754	361	444	632	557	702	757	481	368	631	730	719	416	605	308	396	336	
611	361	898	472	331	719	399	471	622	640	612	547	581	433	605	754	710	815	530	623	711	754	667	778	490	614	830	0	375	416	572	676	615	380	375	605	468	531	765	764	631	732	465	384	888	886	502	774	317	460	813	668	527	891	506	833	590	768	379	361	406	
889	871	349	614	397	775	350	526	715	324	369	476	419	407	360	337	848	659	506	813	313	558	407	583	823	317	773	375	0	737	611	735	498	876	559	782	428	446	719	859	763	588	794	358	867	338	343	837	581	406	325	462	440	635	677	324	618	492	563	380	602	
354	607	702	598	328	867	749	704	488	819	685	795	405	424	694	738	340	521	468	867	771	628	432	838	686	527	414	416	737	0	546	664	503	320	750	709	447	710	717	779	864	817	697	405	367	829	500	303	548	561	725	379	580	754	863	839	714	572	699	560	623	
484	385	740	828	483	811	547	336	303	448	631	809	347	791	796	747	696	708	550	758	854	504	585	893	481	464	780	572	611	546	0	714	636	386	813	466	884	336	369	317	511	764	513	374	387	414	728	709	400	789	848	638	586	529	334	886	754	323	840	402	358	
308	413	757	867	528	463	496	606	856	482	653	422	496	787	808	594	803	353	694	675	615	455	425	594	653	434	331	676	735	664	714	0	439	432	862	501	809	301	896	778	508	817	308	333	806	321	311	596	602	476	647	622	509	382	429	446	626	396	642	644	353	
783	558	464	726	600	413	816	776	462	363	721	821	493	846	570	660	807	853	433	561	630	667	840	849	598	865	839	615	498	503	636	439	0	820	658	534	891	489	430	405	309	356	447	574	533	779	630	512	437	841	330	334	584	345	528	432	503	797	580	742	333	
868	818	459	813	670	513	451	374	771	383	625	686	738	866	479	875	737	833	324	631	516	448	673	563	636	719	341	380	876	320	386	432	820	0	378	386	751	657	307	391	681	377	778	576	387	620	538	517	487	484	506	649	879	358	694	761	894	353	736	451	532	
836	688	529	499	339	502	587	851	647	578	580	499	468	848	756	452	798	687	812	447	794	562	546	328	832	373	630	375	559	750	813	862	658	378	0	466	323	355	894	776	504	839	354	347	406	639	337	308	400	744	562	789	699	529	322	352	773	574	595	819	889	
742	333	880	510	778	849	779	591	585	536	448	672	767	639	432	446	328	696	765	838	666	749	897	316	700	410	448	605	782	709	466	501	534	386	466	0	792	623	364	516	618	794	402	837	647	709	405	336	516	577	305	694	862	848	674	340	330	469	716	426	870	
431	505	402	329	451	787	899	378	313	884	478	542	733	845	619	575	629	331	534	774	316	353	496	491	750	447	447	468	428	447	884	809	891	751	323	792	0	384	396	535	886	617	842	667	797	436	666	388	830	656	334	447	403	502	347	877	449	677	627	779	497	
773	356	598	515	828	398	688	653	319	356	868	406	330	403	615	634	620	523	855	668	706	721	787	829	513	651	891	531	446	710	336	301	489	657	355	623	384	0	554	300	606	533	796	446	857	636	582	710	471	502	749	663	445	832	691	884	592	722	831	583	465	
657	837	667	791	553	630	693	708	547	578	516	596	828	587	340	364	619	393	428	757	866	760	743	670	466	627	710	765	719	717	369	896	430	307	894	364	396	554	0	683	405	871	831	382	640	455	449	771	562	390	467	790	707	384	447	746	344	464	547	433	744	
488	756	578	899	398	765	634	311	684	722	821	799	639	502	647	827	532	526	696	414	370	521	852	753	474	581	438	764	859	779	317	778	405	391	776	516	535	300	683	0	332	331	864	640	448	378	681	325	466	866	313	584	806	605	890	850	318	611	806	462	778	
766	793	421	672	797	480	453	633	590	341	341	782	319	613	462	530	590	412	673	571	388	541	853	535	801	883	548	631	763	864	511	508	309	681	504	618	886	606	405	332	0	766	813	504	499	565	798	429	418	622	389	496	746	492	851	489	629	425	501	435	333	
767	549	318	537	861	402	676	527	750	342	355	754	518	554	618	669	385	453	417	636	432	371	517	756	498	887	878	732	588	817	764	817	356	377	839	794	617	533	871	331	766	0	608	527	737	671	476	439	489	508	642	508	736	637	368	305	622	825	485	866	523	
442	547	449	690	358	532	492	741	658	797	332	831	485	619	719	616	385	307	815	449	775	734	726	525	831	820	380	465	794	697	513	308	447	778	354	402	842	796	831	864	813	608	0	381	375	455	681	622	540	382	400	620	481	831	617	719	599	484	508	664	442	
792	602	655	771	522	328	794	741	376	432	489	743	752	871	596	372	593	831	381	772	305	645	869	800	452	518	711	384	358	405	374	333	574	576	347	837	667	446	382	640	504	527	381	0	431	415	311	313	454	424	326	870	855	470	799	477	476	620	736	436	331	
686	412	453	464	362	698	800	426	584	718	646	423	373	814	397	836	465	464	876	832	401	572	698	596	484	468	754	888	867	367	387	806	533	387	406	647	797	857	640	448	499	737	375	431	0	394	532	425	471	674	812	723	445	582	841	733	694	894	831	559	582	
732	378	392	365	753	780	627	765	510	842	378	891	754	804	831	527	735	703	573	600	815	395	859	898	570	339	361	886	338	829	414	321	779	620	639	709	436	636	455	378	565	671	455	415	394	0	565	320	319	806	493	639	478	405	476	449	731	434	522	628	751	
430	392	439	384	573	758	706	536	330	736	547	555	363	555	739	836	673	838	546	647	594	477	522	835	558	344	444	502	343	500	728	311	630	538	337	405	666	582	449	681	798	476	681	311	532	565	0	409	630	718	641	496	744	470	448	324	313	448	425	379	647	
315	445	660	570	586	685	458	849	359	363	679	678	487	377	535	721	508	837	372	573	723	441	634	594	479	542	632	774	837	303	709	596	512	517	308	336	388	710	771	325	429	439	622	313	425	320	409	0	597	716	397	694	774	532	760	414	472	625	805	792	879	
735	751	562	302	461	500	329	342	428	347	728	694	361	778	484	414	894	565	465	541	386	809	485	351	724	433	557	317	581	548	400	602	437	487	400	516	830	471	562	466	418	489	540	454	471	319	630	597	0	816	879	730	755	405	550	848	301	361	425	871	654	
346	568	354	672	741	369	355	305	855	430	726	768	872	747	636	631	585	710	427	704	647	643	532	457	805	867	702	460	406	561	789	476	841	484	744	577	656	502	390	866	622	508	382	424	674	806	718	716	816	0	691	387	587	469	301	556	878	600	696	727	881	
663	717	899	312	612	894	334	872	490	398	833	414	456	858	446	745	851	759	619	586	564	679	716	422	885	664	757	813	325	725	848	647	330	506	562	305	334	749	467	313	389	642	400	326	812	493	641	397	879	691	0	709	407	644	613	659	556	322	498	566	834	
801	878	635	684	807	374	588	832	411	601	347	819	412	455	582	750	315	351	839	680	631	348	467	466	795	871	481	668	462	379	638	622	334	649	789	694	447	663	790	584	496	508	620	870	723	639	496	694	730	387	709	0	655	530	759	867	346	319	771	870	364	
621	362	642	485	709	720	805	775	458	504	589	481	362	320	775	462	483	853	532	875	895	730	818	344	317	372	368	527	440	580	586	509	584	879	699	862	403	445	707	806	746	736	481	855	445	478	744	774	755	587	407	655	0	603	540	367	820	605	432	479	845	
800	315	750	881	350	489	820	454	357	533	310	725	699	729	863	736	542	625	544	529	491	512	813	434	782	473	631	891	635	754	529	382	345	358	529	848	502	832	384	605	492	637	831	470	582	405	470	532	405	469	644	530	603	0	575	559	712	821	560	387	764	
378	772	631	738	702	578	734	300	390	481	529	366	674	654	526	658	722	330	380	537	336	753	687	700	561	590	730	506	677	863	334	429	528	694	322	674	347	691	447	890	851	368	617	799	841	476	448	760	550	301	613	759	540	575	0	490	558	703	723	550	824	
616	497	502	713	390	838	801	714	702	801	476	820	858	896	579	330	498	538	372	756	893	842	719	316	703	429	719	833	324	839	886	446	432	761	352	340	877	884	746	850	489	305	719	477	733	449	324	414	848	556	659	867	367	559	490	0	588	343	742	364	680	
868	598	809	518	657	546	431	462	729	893	389	447	318	766	781	404	666	349	330	504	538	765	481	889	666	318	416	590	618	714	754	626	503	894	773	330	449	592	344	318	629	622	599	476	694	731	313	472	301	878	556	346	820	712	558	588	0	656	690	823	478	
384	774	498	471	840	347	822	732	403	700	566	796	747	717	692	319	420	649	661	755	741	628	408	871	428	434	605	768	492	572	323	396	797	353	574	469	677	722	464	611	425	825	484	620	894	434	448	625	361	600	322	319	605	821	703	343	656	0	536	359	499	
595	765	740	409	382	478	396	433	714	672	760	395	822	517	592	718	423	409	897	617	834	716	521	446	770	681	308	379	563	699	840	642	580	736	595	716	627	831	547	806	501	485	508	736	831	522	425	805	425	696	498	771	432	560	723	742	690	536	0	416	739	
813	673	790	632	876	874	422	508	772	796	399	513	595	554	561	534	711	844	390	419	322	603	454	470	394	360	396	361	380	560	402	644	742	451	819	426	779	583	433	462	435	866	664	436	559	628	379	792	871	727	566	870	479	387	550	364	823	359	416	0	560	
747	829	442	752	720	607	872	615	709	684	849	545	710	703	738	486	874	843	710	501	802	312	584	361	676	684	336	406	602	623	358	353	333	532	889	870	497	465	744	778	333	523	442	331	582	751	647	879	654	881	834	364	845	764	824	680	478	499	739	560	0	
etats
Id_Station	Poids W	Min (P)	WSPT	Priorité	
1	5	331	47,29	17	
2	2	312	312,00	56	
3	7	304	152,00	45	
4	1	301	33,44	2	
5	9	303	33,67	3	
6	8	312	52,00	25	
7	8	331	41,38	11	
8	2	302	100,67	40	
9	4	304	76,00	35	
10	1	308	308,00	52	
11	5	311	38,88	9	
12	6	315	45,00	14	
13	4	305	38,13	5	
14	1	318	63,60	34	
15	2	307	38,38	7	
16	7	300	150,00	42	
17	9	303	60,60	31	
18	2	314	39,25	10	
19	6	303	151,50	44	
20	1	304	50,67	24	
21	6	301	50,17	19	
22	3	310	103,33	41	
23	1	303	303,00	51	
24	1	329	54,83	29	
25	7	310	310,00	54	
26	7	315	315,00	58	
27	7	305	152,50	46	
28	7	314	52,33	27	
29	5	302	50,33	20	
30	2	300	150,00	43	
31	5	302	60,40	30	
32	8	311	311,00	55	
33	4	302	50,33	21	
34	6	334	83,50	38	
35	8	345	38,33	6	
36	9	317	45,29	16	
37	8	326	81,50	37	
38	2	315	315,00	59	
39	4	329	329,00	60	
40	4	305	43,57	12	
41	2	310	155,00	47	
42	9	308	38,50	8	
43	4	302	302,00	49	
44	7	336	84,00	39	
45	4	304	33,78	4	
46	9	309	309,00	53	
47	6	315	45,00	15	
48	4	302	50,33	22	
49	7	302	302,00	50	
50	4	301	301,00	48	
51	7	315	52,50	28	
52	5	305	43,57	13	
53	2	302	50,33	23	
54	1	313	313,00	57	
55	9	310	77,50	36	
56	8	312	62,40	33	
57	7	300	33,33	1	
58	2	303	60,60	32	
59	5	300	50,00	18	
60	9	312	52,00	26	
