distances
0	346	738	595	703	643	643	512	889	598	446	851	419	694	459	375	890	451	822	711	842	483	419	752	646	849	720	642	727	568	693	837	355	798	708	432	875	865	674	629	314	560	489	640	717	373	793	770	458	855	860	742	410	546	896	308	719	751	398	523	735	
346	0	391	447	744	590	361	757	579	899	886	853	693	719	798	529	461	599	768	498	426	813	664	861	390	676	737	346	357	598	702	595	759	854	598	806	887	602	723	891	352	424	478	783	681	625	761	448	428	501	339	896	450	780	378	565	365	574	307	304	845	
738	391	0	746	513	871	309	329	649	893	488	325	798	722	328	587	656	353	612	417	825	689	786	312	631	719	577	438	403	440	693	608	829	611	675	468	727	762	445	690	823	602	869	730	302	619	458	623	588	464	825	672	897	376	618	334	751	589	782	501	569	
595	447	746	0	731	805	748	623	540	632	338	769	434	338	692	455	527	347	707	506	841	303	334	509	330	855	647	693	537	395	892	653	531	409	847	428	854	462	486	728	384	471	369	451	383	327	655	651	777	399	536	581	315	746	573	637	551	756	848	662	819	
703	744	513	731	0	428	808	754	813	896	805	650	516	771	649	643	410	436	491	896	877	693	602	744	473	863	581	719	445	426	551	567	847	723	794	386	413	573	528	835	443	635	838	669	547	739	656	557	389	462	545	355	433	714	750	681	639	819	469	542	399	
643	590	871	805	428	0	784	731	747	707	736	583	832	517	692	720	833	520	331	470	677	529	589	602	765	846	432	792	566	720	491	397	700	306	701	388	450	340	743	896	627	557	744	451	751	672	640	368	879	425	398	577	415	300	592	413	760	359	477	503	509	
643	361	309	748	808	784	0	438	834	428	791	724	392	876	507	871	648	445	846	757	559	857	440	856	897	321	748	363	314	888	677	508	529	451	335	899	661	849	860	569	671	490	356	375	877	387	785	808	688	684	490	672	492	556	398	791	644	476	763	403	720	
512	757	329	623	754	731	438	0	866	705	747	452	538	372	608	369	385	551	657	662	531	341	809	344	740	785	526	533	842	753	772	479	462	601	899	558	776	846	829	551	672	876	837	741	338	347	391	537	644	488	486	633	726	848	482	396	569	566	786	653	775	
889	579	649	540	813	747	834	866	0	669	488	434	368	802	687	736	556	493	742	764	515	762	826	427	806	403	487	761	745	461	527	729	756	592	774	360	647	794	506	829	342	799	366	825	363	454	479	699	629	710	565	735	885	303	636	624	465	794	469	833	316	
598	899	893	632	896	707	428	705	669	0	795	599	760	602	354	561	778	323	322	848	803	346	630	331	848	491	891	621	318	816	853	498	801	395	574	819	436	779	692	402	325	751	344	422	659	388	811	431	386	805	445	549	310	389	879	841	536	549	362	375	845	
446	886	488	338	805	736	791	747	488	795	0	883	301	810	538	518	736	853	863	619	721	621	583	838	419	791	766	494	563	799	549	337	708	422	730	354	615	775	384	454	464	315	598	816	516	706	698	601	818	440	581	821	470	898	337	844	848	805	485	406	717	
851	853	325	769	650	583	724	452	434	599	883	0	505	718	837	894	816	373	535	669	645	867	363	632	332	802	626	650	563	851	482	301	354	410	389	626	313	859	578	716	326	869	546	394	341	399	706	326	453	517	549	425	879	718	499	899	662	391	375	704	468	
419	693	798	434	516	832	392	538	368	760	301	505	0	576	541	866	803	419	736	712	782	354	778	344	598	504	607	622	622	834	628	672	371	373	784	520	785	765	836	367	363	762	431	893	421	323	770	337	408	878	321	543	606	859	319	796	838	655	852	635	567	
694	719	722	338	771	517	876	372	802	602	810	718	576	0	804	621	799	697	480	459	764	304	580	604	327	865	768	860	470	336	478	438	870	764	380	364	427	813	417	583	719	509	606	663	684	852	328	724	400	772	861	857	631	844	758	469	617	583	591	677	834	
459	798	328	692	649	692	507	608	687	354	538	837	541	804	0	838	406	510	389	338	517	874	533	811	719	407	839	485	533	658	405	878	529	784	395	864	879	400	305	390	766	885	425	565	359	888	877	430	629	851	536	670	420	605	726	617	573	864	712	772	581	
375	529	587	455	643	720	871	369	736	561	518	894	866	621	838	0	696	510	790	306	695	348	407	504	395	482	346	352	808	604	806	566	722	736	762	302	720	774	714	539	595	622	586	464	555	823	748	585	821	494	511	748	350	627	439	831	748	465	335	445	673	
890	461	656	527	410	833	648	385	556	778	736	816	803	799	406	696	0	615	817	874	365	555	895	722	322	439	772	380	662	598	396	833	714	448	666	666	474	392	589	674	774	345	597	370	403	325	845	866	852	319	630	353	678	841	411	360	479	318	463	694	383	
451	599	353	347	436	520	445	551	493	323	853	373	419	697	510	510	615	0	747	743	755	324	735	693	605	303	515	669	467	327	375	708	577	332	633	370	589	831	461	657	410	505	802	501	703	641	743	475	639	709	775	798	360	437	751	709	587	630	581	736	445	
822	768	612	707	491	331	846	657	742	322	863	535	736	480	389	790	817	747	0	736	538	753	407	875	804	728	309	531	495	702	383	668	557	578	849	799	406	740	820	658	801	580	656	574	396	565	895	571	843	534	828	890	408	316	492	881	697	588	856	301	358	
711	498	417	506	896	470	757	662	764	848	619	669	712	459	338	306	874	743	736	0	760	566	629	655	533	434	628	346	463	312	557	613	643	347	372	486	783	743	867	854	481	502	356	381	371	879	675	426	305	861	835	359	552	599	757	873	898	622	445	846	830	
842	426	825	841	877	677	559	531	515	803	721	645	782	764	517	695	365	755	538	760	0	305	629	310	465	851	758	827	753	410	677	823	314	636	737	856	410	838	827	797	877	790	479	612	826	645	592	504	725	333	417	736	644	544	552	323	446	693	778	700	314	
483	813	689	303	693	529	857	341	762	346	621	867	354	304	874	348	555	324	753	566	305	0	549	384	845	778	311	403	371	751	731	541	349	692	849	465	305	873	352	515	593	743	722	646	449	829	429	359	598	503	486	367	695	648	786	624	757	474	521	653	579	
419	664	786	334	602	589	440	809	826	630	583	363	778	580	533	407	895	735	407	629	629	549	0	803	377	677	531	570	801	588	592	445	711	880	756	515	335	850	628	558	671	411	529	623	700	845	371	868	577	797	415	497	304	409	346	564	711	491	820	884	818	
752	861	312	509	744	602	856	344	427	331	838	632	344	604	811	504	722	693	875	655	310	384	803	0	644	329	310	725	898	756	505	379	453	686	728	761	707	793	314	406	363	688	558	469	729	820	731	329	639	448	594	628	362	557	879	487	752	537	668	362	704	
646	390	631	330	473	765	897	740	806	848	419	332	598	327	719	395	322	605	804	533	465	845	377	644	0	352	468	330	585	505	593	506	512	366	849	533	580	423	875	466	708	392	645	574	746	499	613	357	438	371	308	456	382	708	682	637	517	759	730	662	692	
849	676	719	855	863	846	321	785	403	491	791	802	504	865	407	482	439	303	728	434	851	778	677	329	352	0	548	421	628	666	536	571	689	588	515	303	709	874	567	325	817	488	783	780	603	888	691	886	659	305	318	571	708	880	396	565	306	520	352	525	441	
720	737	577	647	581	432	748	526	487	891	766	626	607	768	839	346	772	515	309	628	758	311	531	310	468	548	0	454	383	396	610	771	539	494	362	707	784	611	502	311	549	873	745	476	457	305	438	453	566	747	479	616	458	514	675	858	668	793	485	410	627	
642	346	438	693	719	792	363	533	761	621	494	650	622	860	485	352	380	669	531	346	827	403	570	725	330	421	454	0	457	322	828	415	357	604	749	426	751	498	400	600	488	559	509	659	384	448	620	786	627	373	330	863	600	407	539	835	412	312	826	682	826	
727	357	403	537	445	566	314	842	745	318	563	563	622	470	533	808	662	467	495	463	753	371	801	898	585	628	383	457	0	681	864	651	592	654	653	835	321	598	370	454	878	835	729	378	555	511	530	690	529	668	582	593	498	311	491	615	331	785	801	727	424	
568	598	440	395	426	720	888	753	461	816	799	851	834	336	658	604	598	327	702	312	410	751	588	756	505	666	396	322	681	0	601	521	648	709	452	836	576	573	727	398	831	543	394	411	687	792	685	798	338	512	354	356	858	880	887	866	497	309	663	386	458	
693	702	693	892	551	491	677	772	527	853	549	482	628	478	405	806	396	375	383	557	677	731	592	505	593	536	610	828	864	601	0	318	447	707	562	362	454	396	311	762	831	443	719	446	870	476	431	873	791	639	736	608	444	604	557	492	730	838	492	514	858	
837	595	608	653	567	397	508	479	729	498	337	301	672	438	878	566	833	708	668	613	823	541	445	379	506	571	771	415	651	521	318	0	834	612	482	441	684	380	426	472	414	754	346	484	735	767	600	780	772	603	844	432	739	377	749	569	669	377	766	399	706	
355	759	829	531	847	700	529	462	756	801	708	354	371	870	529	722	714	577	557	643	314	349	711	453	512	689	539	357	592	648	447	834	0	487	313	402	625	498	824	752	699	643	630	440	790	429	483	632	475	880	376	860	641	647	578	311	479	888	393	574	765	
798	854	611	409	723	306	451	601	592	395	422	410	373	764	784	736	448	332	578	347	636	692	880	686	366	588	494	604	654	709	707	612	487	0	749	350	392	549	726	569	475	819	693	850	547	586	661	314	622	549	552	360	410	378	744	680	800	714	505	762	812	
708	598	675	847	794	701	335	899	774	574	730	389	784	380	395	762	666	633	849	372	737	849	756	728	849	515	362	749	653	452	562	482	313	749	0	390	305	876	360	435	504	413	672	416	826	568	665	445	654	411	383	724	673	302	553	505	583	423	810	634	735	
432	806	468	428	386	388	899	558	360	819	354	626	520	364	864	302	666	370	799	486	856	465	515	761	533	303	707	426	835	836	362	441	402	350	390	0	644	602	327	783	577	309	736	898	828	494	586	725	344	476	327	362	615	539	371	454	496	807	834	337	608	
875	887	727	854	413	450	661	776	647	436	615	313	785	427	879	720	474	589	406	783	410	305	335	707	580	709	784	751	321	576	454	684	625	392	305	644	0	707	433	768	342	834	537	467	431	714	356	435	704	708	682	602	731	506	319	867	888	483	516	881	330	
865	602	762	462	573	340	849	846	794	779	775	859	765	813	400	774	392	831	740	743	838	873	850	793	423	874	611	498	598	573	396	380	498	549	876	602	707	0	793	858	510	579	817	416	779	670	646	776	714	614	437	527	408	335	825	519	873	732	778	566	882	
674	723	445	486	528	743	860	829	506	692	384	578	836	417	305	714	589	461	820	867	827	352	628	314	875	567	502	400	370	727	311	426	824	726	360	327	433	793	0	379	438	743	307	831	396	678	673	662	694	735	405	425	876	306	784	365	849	354	518	595	423	
629	891	690	728	835	896	569	551	829	402	454	716	367	583	390	539	674	657	658	854	797	515	558	406	466	325	311	600	454	398	762	472	752	569	435	783	768	858	379	0	420	440	795	558	401	382	572	573	799	549	351	364	865	557	888	825	611	593	309	656	377	
314	352	823	384	443	627	671	672	342	325	464	326	363	719	766	595	774	410	801	481	877	593	671	363	708	817	549	488	878	831	831	414	699	475	504	577	342	510	438	420	0	515	709	456	706	643	695	300	762	383	393	855	343	677	556	320	691	782	552	482	325	
560	424	602	471	635	557	490	876	799	751	315	869	762	509	885	622	345	505	580	502	790	743	411	688	392	488	873	559	835	543	443	754	643	819	413	309	834	579	743	440	515	0	779	628	784	679	483	376	897	591	733	797	456	703	796	786	753	605	828	756	747	
489	478	869	369	838	744	356	837	366	344	598	546	431	606	425	586	597	802	656	356	479	722	529	558	645	783	745	509	729	394	719	346	630	693	672	736	537	817	307	795	709	779	0	412	793	500	771	507	595	584	723	770	349	872	326	597	315	898	616	302	312	
640	783	730	451	669	451	375	741	825	422	816	394	893	663	565	464	370	501	574	381	612	646	623	469	574	780	476	659	378	411	446	484	440	850	416	898	467	416	831	558	456	628	412	0	345	825	714	319	411	845	369	763	744	842	383	673	842	753	736	867	681	
717	681	302	383	547	751	877	338	363	659	516	341	421	684	359	555	403	703	396	371	826	449	700	729	746	603	457	384	555	687	870	735	790	547	826	828	431	779	396	401	706	784	793	345	0	694	818	313	370	419	339	355	845	619	429	898	415	757	510	562	615	
373	625	619	327	739	672	387	347	454	388	706	399	323	852	888	823	325	641	565	879	645	829	845	820	499	888	305	448	511	792	476	767	429	586	568	494	714	670	678	382	643	679	500	825	694	0	657	366	766	692	656	509	599	579	584	883	803	644	696	835	521	
793	761	458	655	656	640	785	391	479	811	698	706	770	328	877	748	845	743	895	675	592	429	371	731	613	691	438	620	530	685	431	600	483	661	665	586	356	646	673	572	695	483	771	714	818	657	0	715	792	639	416	719	461	398	390	380	617	551	460	770	309	
770	448	623	651	557	368	808	537	699	431	601	326	337	724	430	585	866	475	571	426	504	359	868	329	357	886	453	786	690	798	873	780	632	314	445	725	435	776	662	573	300	376	507	319	313	366	715	0	478	346	387	562	532	707	672	574	652	435	899	395	577	
458	428	588	777	389	879	688	644	629	386	818	453	408	400	629	821	852	639	843	305	725	598	577	639	438	659	566	627	529	338	791	772	475	622	654	344	704	714	694	799	762	897	595	411	370	766	792	478	0	773	694	607	544	520	638	889	688	869	743	623	795	
855	501	464	399	462	425	684	488	710	805	440	517	878	772	851	494	319	709	534	861	333	503	797	448	371	305	747	373	668	512	639	603	880	549	411	476	708	614	735	549	383	591	584	845	419	692	639	346	773	0	837	343	691	422	481	862	693	318	733	523	845	
860	339	825	536	545	398	490	486	565	445	581	549	321	861	536	511	630	775	828	835	417	486	415	594	308	318	479	330	582	354	736	844	376	552	383	327	682	437	405	351	393	733	723	369	339	656	416	387	694	837	0	740	760	612	509	867	552	631	781	341	329	
742	896	672	581	355	577	672	633	735	549	821	425	543	857	670	748	353	798	890	359	736	367	497	628	456	571	616	863	593	356	608	432	860	360	724	362	602	527	425	364	855	797	770	763	355	509	719	562	607	343	740	0	378	318	759	447	499	738	701	690	421	
410	450	897	315	433	415	492	726	885	310	470	879	606	631	420	350	678	360	408	552	644	695	304	362	382	708	458	600	498	858	444	739	641	410	673	615	731	408	876	865	343	456	349	744	845	599	461	532	544	691	760	378	0	847	731	761	882	453	893	455	632	
546	780	376	746	714	300	556	848	303	389	898	718	859	844	605	627	841	437	316	599	544	648	409	557	708	880	514	407	311	880	604	377	647	378	302	539	506	335	306	557	677	703	872	842	619	579	398	707	520	422	612	318	847	0	682	794	461	549	414	649	457	
896	378	618	573	750	592	398	482	636	879	337	499	319	758	726	439	411	751	492	757	552	786	346	879	682	396	675	539	491	887	557	749	578	744	553	371	319	825	784	888	556	796	326	383	429	584	390	672	638	481	509	759	731	682	0	495	790	313	474	849	760	
308	565	334	637	681	413	791	396	624	841	844	899	796	469	617	831	360	709	881	873	323	624	564	487	637	565	858	835	615	866	492	569	311	680	505	454	867	519	365	825	320	786	597	673	898	883	380	574	889	862	867	447	761	794	495	0	879	608	578	376	673	
719	365	751	551	639	760	644	569	465	536	848	662	838	617	573	748	479	587	697	898	446	757	711	752	517	306	668	412	331	497	730	669	479	800	583	496	888	873	849	611	691	753	315	842	415	803	617	652	688	693	552	499	882	461	790	879	0	353	516	451	503	
751	574	589	756	819	359	476	566	794	549	805	391	655	583	864	465	318	630	588	622	693	474	491	537	759	520	793	312	785	309	838	377	888	714	423	807	483	732	354	593	782	605	898	753	757	644	551	435	869	318	631	738	453	549	313	608	353	0	703	484	850	
398	307	782	848	469	477	763	786	469	362	485	375	852	591	712	335	463	581	856	445	778	521	820	668	730	352	485	826	801	663	492	766	393	505	810	834	516	778	518	309	552	828	616	736	510	696	460	899	743	733	781	701	893	414	474	578	516	703	0	463	600	
523	304	501	662	542	503	403	653	833	375	406	704	635	677	772	445	694	736	301	846	700	653	884	362	662	525	410	682	727	386	514	399	574	762	634	337	881	566	595	656	482	756	302	867	562	835	770	395	623	523	341	690	455	649	849	376	451	484	463	0	377	
735	845	569	819	399	509	720	775	316	845	717	468	567	834	581	673	383	445	358	830	314	579	818	704	692	441	627	826	424	458	858	706	765	812	735	608	330	882	423	377	325	747	312	681	615	521	309	577	795	845	329	421	632	457	760	673	503	850	600	377	0	
etats
Id_Station	Poids W	Min (P)	WSPT	Priorité	
1	1	314	314,00	56	
2	2	307	51,17	16	
3	1	300	42,86	8	
4	5	311	311,00	55	
5	9	326	326,00	59	
6	3	302	43,14	10	
7	6	349	174,50	47	
8	1	301	60,20	21	
9	5	328	328,00	60	
10	1	303	75,75	31	
11	9	300	75,00	28	
12	8	317	45,29	14	
13	4	316	105,33	38	
14	1	302	151,00	40	
15	2	302	33,56	1	
16	1	315	78,75	33	
17	2	300	60,00	20	
18	8	314	44,86	13	
19	2	303	303,00	50	
20	5	301	75,25	30	
21	8	302	100,67	34	
22	5	319	45,57	15	
23	2	361	72,20	27	
24	9	321	35,67	5	
25	6	319	159,50	46	
26	1	304	33,78	2	
27	4	300	300,00	48	
28	5	304	43,43	11	
29	3	310	155,00	45	
30	6	318	63,60	25	
31	8	300	42,86	9	
32	1	300	75,00	29	
33	1	301	150,50	39	
34	9	306	153,00	43	
35	8	304	152,00	41	
36	8	306	153,00	44	
37	3	305	33,89	3	
38	6	303	60,60	23	
39	2	303	303,00	51	
40	2	310	77,50	32	
41	1	305	152,50	42	
42	4	302	302,00	49	
43	5	314	314,00	57	
44	1	309	51,50	18	
45	7	316	39,50	6	
46	9	306	102,00	36	
47	2	342	42,75	7	
48	3	304	304,00	52	
49	2	304	304,00	53	
50	2	338	67,60	26	
51	9	312	44,57	12	
52	9	314	314,00	58	
53	9	302	60,40	22	
54	4	308	51,33	17	
55	8	311	103,67	37	
56	1	303	60,60	24	
57	6	311	34,56	4	
58	8	320	53,33	19	
59	6	302	100,67	35	
60	7	310	310,00	54	
 
