distances
0	864	853	588	587	629	838	334	377	814	823	676	657	494	598	710	729	701	798	605	518	735	849	805	748	586	318	773	760	898	417	450	324	813	320	852	803	892	576	849	330	567	575	813	892	886	887	626	604	533	381	723	714	685	352	528	425	790	334	347	778	
864	0	510	355	573	556	794	586	529	578	834	760	359	514	741	726	503	426	719	794	684	344	401	729	713	345	493	658	712	891	879	633	862	565	344	451	843	629	356	650	364	598	696	409	613	474	660	438	457	394	392	517	555	610	467	540	765	768	791	807	329	
853	510	0	437	783	748	628	337	613	716	351	789	396	601	651	729	836	686	821	843	617	746	490	807	327	303	574	819	700	723	792	734	607	436	487	865	609	316	821	509	529	407	775	325	401	687	507	742	875	765	322	645	558	888	834	363	884	310	573	824	637	
588	355	437	0	570	871	637	594	721	489	675	864	876	555	456	719	853	398	505	698	397	378	374	804	491	346	787	570	828	514	675	878	577	735	352	772	686	556	331	715	801	891	391	889	746	841	528	891	864	457	596	535	851	524	792	526	583	493	385	666	501	
587	573	783	570	0	573	806	530	840	333	811	631	766	769	505	502	446	398	655	406	473	607	510	637	788	675	524	401	898	818	769	820	813	618	511	682	676	383	660	632	822	518	751	764	673	755	443	318	677	351	533	876	463	557	668	511	506	851	439	564	479	
629	556	748	871	573	0	798	772	742	836	742	401	467	497	371	467	341	569	750	761	841	577	545	566	486	811	815	311	625	659	448	638	300	747	655	783	459	571	498	622	357	630	738	539	458	445	334	800	396	823	618	596	524	872	490	480	528	327	393	318	761	
838	794	628	637	806	798	0	567	334	881	387	874	421	397	647	796	704	670	656	415	769	709	403	495	644	459	490	347	319	568	408	323	695	735	492	753	435	324	349	621	732	625	550	726	674	546	598	754	472	747	310	506	841	830	502	414	883	813	846	437	738	
334	586	337	594	530	772	567	0	477	608	498	478	380	414	752	841	615	526	442	646	545	313	681	549	832	876	468	449	606	443	767	497	442	524	667	782	775	814	605	593	404	651	410	449	332	722	354	305	810	684	305	775	382	797	603	893	389	561	777	647	670	
377	529	613	721	840	742	334	477	0	459	639	781	600	406	480	426	493	507	571	519	759	532	633	307	568	803	526	808	448	518	379	422	887	477	786	447	574	503	569	367	431	437	401	782	406	632	521	455	322	789	704	461	357	769	879	540	498	791	677	724	557	
814	578	716	489	333	836	881	608	459	0	865	703	546	863	737	501	764	432	818	810	369	701	422	710	733	326	861	817	772	726	394	819	849	356	871	716	644	437	820	333	858	568	493	333	407	854	437	485	833	876	790	445	812	628	742	707	863	641	777	757	666	
823	834	351	675	811	742	387	498	639	865	0	890	674	433	663	440	633	413	739	640	844	597	455	595	554	699	659	429	723	566	417	433	579	322	522	752	373	689	758	317	340	829	434	444	505	387	661	666	777	536	545	473	337	659	496	884	488	890	480	628	550	
676	760	789	864	631	401	874	478	781	703	890	0	619	474	854	531	516	664	484	377	813	565	561	552	898	403	587	765	618	671	668	351	583	445	360	735	660	785	667	537	472	361	601	710	610	688	870	549	874	550	760	411	332	551	582	319	474	525	880	400	829	
657	359	396	876	766	467	421	380	600	546	674	619	0	711	339	683	537	646	649	896	550	758	822	812	519	373	885	864	831	758	356	593	507	451	593	425	682	609	540	574	344	533	385	430	767	735	398	704	662	363	605	702	564	338	475	541	484	655	589	728	486	
494	514	601	555	769	497	397	414	406	863	433	474	711	0	355	485	536	862	804	603	587	536	833	716	880	851	550	860	863	523	319	666	637	390	641	675	581	509	612	446	672	356	328	589	351	713	831	808	709	377	776	818	805	363	435	602	858	664	390	477	495	
598	741	651	456	505	371	647	752	480	737	663	854	339	355	0	715	352	438	657	664	540	676	550	391	490	505	502	844	552	330	578	719	320	476	614	430	390	565	563	479	515	532	431	674	526	500	388	429	458	350	433	699	761	407	553	549	381	808	630	300	897	
710	726	729	719	502	467	796	841	426	501	440	531	683	485	715	0	343	835	749	379	668	725	376	448	877	669	732	791	556	446	760	562	459	350	327	871	723	689	770	443	681	497	831	561	634	490	747	791	478	334	866	710	851	707	472	708	316	561	832	827	554	
729	503	836	853	446	341	704	615	493	764	633	516	537	536	352	343	0	867	424	823	346	624	747	563	333	580	843	877	650	310	326	647	788	539	359	801	436	845	602	869	579	788	322	865	828	699	527	754	337	566	640	352	700	682	442	746	650	585	453	670	547	
701	426	686	398	398	569	670	526	507	432	413	664	646	862	438	835	867	0	776	866	781	300	501	625	300	611	894	683	316	715	320	791	309	692	863	815	365	735	342	857	439	617	894	683	333	413	691	527	623	555	792	868	625	584	731	690	416	502	581	863	736	
798	719	821	505	655	750	656	442	571	818	739	484	649	804	657	749	424	776	0	791	719	301	626	384	392	329	377	379	871	736	438	897	453	531	451	544	413	442	435	820	554	893	856	483	731	694	671	696	316	375	519	877	428	558	767	755	514	708	611	646	842	
605	794	843	698	406	761	415	646	519	810	640	377	896	603	664	379	823	866	791	0	706	415	875	760	831	653	622	510	508	690	705	699	423	706	573	846	824	890	305	891	673	485	546	715	775	436	333	572	717	759	682	633	310	520	823	628	724	464	623	767	349	
518	684	617	397	473	841	769	545	759	369	844	813	550	587	540	668	346	781	719	706	0	509	888	333	788	398	771	502	631	746	747	397	742	680	864	878	528	493	839	319	772	626	392	359	468	496	354	459	587	838	702	410	458	673	808	361	682	765	788	420	644	
735	344	746	378	607	577	709	313	532	701	597	565	758	536	676	725	624	300	301	415	509	0	303	661	678	755	749	463	324	310	801	649	841	660	405	822	704	546	893	634	676	498	895	729	323	502	436	528	589	439	551	606	781	787	604	309	818	314	664	346	744	
849	401	490	374	510	545	403	681	633	422	455	561	822	833	550	376	747	501	626	875	888	303	0	370	536	703	833	758	885	689	651	545	504	354	449	556	376	731	615	566	364	310	614	677	786	403	470	381	444	882	575	408	759	706	667	800	430	390	530	424	613	
805	729	807	804	637	566	495	549	307	710	595	552	812	716	391	448	563	625	384	760	333	661	370	0	425	399	549	814	372	355	376	523	812	572	411	316	674	793	358	693	485	542	759	717	643	355	366	363	600	412	372	704	734	476	728	656	624	339	760	614	794	
748	713	327	491	788	486	644	832	568	733	554	898	519	880	490	877	333	300	392	831	788	678	536	425	0	691	872	753	665	745	660	339	694	517	513	529	722	857	498	615	643	517	583	354	446	666	459	708	430	595	626	445	899	538	755	522	489	858	428	319	301	
586	345	303	346	675	811	459	876	803	326	699	403	373	851	505	669	580	611	329	653	398	755	703	399	691	0	391	741	735	451	507	601	310	365	351	418	610	405	373	863	595	744	657	533	731	795	766	838	392	738	543	597	456	861	570	762	783	538	319	781	644	
318	493	574	787	524	815	490	468	526	861	659	587	885	550	502	732	843	894	377	622	771	749	833	549	872	391	0	706	569	605	754	421	433	655	535	478	660	768	400	408	495	363	735	492	478	475	898	487	828	778	586	683	590	850	636	453	614	518	869	743	345	
773	658	819	570	401	311	347	449	808	817	429	765	864	860	844	791	877	683	379	510	502	463	758	814	753	741	706	0	765	853	526	303	337	684	803	646	748	331	416	755	489	712	566	657	825	773	304	511	793	656	572	633	359	548	535	842	819	640	407	865	501	
760	712	700	828	898	625	319	606	448	772	723	618	831	863	552	556	650	316	871	508	631	324	885	372	665	735	569	765	0	667	586	583	887	403	806	744	891	330	775	806	575	870	332	743	666	685	334	494	869	526	789	364	478	454	366	829	435	642	410	850	699	
898	891	723	514	818	659	568	443	518	726	566	671	758	523	330	446	310	715	736	690	746	310	689	355	745	451	605	853	667	0	412	639	610	522	898	667	406	721	446	550	656	422	363	566	374	456	665	591	412	544	566	497	353	690	566	325	799	447	576	325	730	
417	879	792	675	769	448	408	767	379	394	417	668	356	319	578	760	326	320	438	705	747	801	651	376	660	507	754	526	586	412	0	740	434	494	522	730	665	331	806	615	744	754	537	648	618	400	820	611	770	372	402	561	420	643	532	664	724	661	679	756	837	
450	633	734	878	820	638	323	497	422	819	433	351	593	666	719	562	647	791	897	699	397	649	545	523	339	601	421	303	583	639	740	0	688	603	767	543	500	703	849	499	868	838	669	760	718	889	334	487	539	438	537	481	818	465	673	443	629	832	665	719	850	
324	862	607	577	813	300	695	442	887	849	579	583	507	637	320	459	788	309	453	423	742	841	504	812	694	310	433	337	887	610	434	688	0	671	306	704	776	623	577	888	739	441	710	625	523	401	575	305	732	416	610	443	608	393	792	511	647	320	879	587	412	
813	565	436	735	618	747	735	524	477	356	322	445	451	390	476	350	539	692	531	706	680	660	354	572	517	365	655	684	403	522	494	603	671	0	705	499	356	887	574	558	868	642	378	596	662	657	604	830	573	500	773	647	327	355	597	597	879	599	328	359	625	
320	344	487	352	511	655	492	667	786	871	522	360	593	641	614	327	359	863	451	573	864	405	449	411	513	351	535	803	806	898	522	767	306	705	0	621	523	862	749	525	424	392	689	844	667	850	548	514	629	391	811	310	392	509	333	535	428	415	727	765	797	
852	451	865	772	682	783	753	782	447	716	752	735	425	675	430	871	801	815	544	846	878	822	556	316	529	418	478	646	744	667	730	543	704	499	621	0	834	494	819	782	417	892	800	526	850	463	331	685	603	576	640	699	323	363	868	456	481	759	740	601	327	
803	843	609	686	676	459	435	775	574	644	373	660	682	581	390	723	436	365	413	824	528	704	376	674	722	610	660	748	891	406	665	500	776	356	523	834	0	455	742	688	516	368	433	661	490	705	779	660	752	623	641	362	722	671	884	575	327	861	831	826	390	
892	629	316	556	383	571	324	814	503	437	689	785	609	509	565	689	845	735	442	890	493	546	731	793	857	405	768	331	330	721	331	703	623	887	862	494	455	0	716	533	411	886	501	491	326	527	359	711	428	855	397	418	788	465	597	770	594	406	802	843	848	
576	356	821	331	660	498	349	605	569	820	758	667	540	612	563	770	602	342	435	305	839	893	615	358	498	373	400	416	775	446	806	849	577	574	749	819	742	716	0	442	568	883	800	727	714	580	534	419	403	507	372	696	727	397	493	522	627	731	458	598	714	
849	650	509	715	632	622	621	593	367	333	317	537	574	446	479	443	869	857	820	891	319	634	566	693	615	863	408	755	806	550	615	499	888	558	525	782	688	533	442	0	544	887	894	522	741	859	543	602	528	847	843	519	398	375	416	429	654	686	434	568	572	
330	364	529	801	822	357	732	404	431	858	340	472	344	672	515	681	579	439	554	673	772	676	364	485	643	595	495	489	575	656	744	868	739	868	424	417	516	411	568	544	0	826	695	612	859	617	723	441	618	480	671	528	831	770	399	731	712	671	706	545	842	
567	598	407	891	518	630	625	651	437	568	829	361	533	356	532	497	788	617	893	485	626	498	310	542	517	744	363	712	870	422	754	838	441	642	392	892	368	886	883	887	826	0	446	344	842	324	348	354	673	664	333	431	375	646	661	889	798	774	737	844	599	
575	696	775	391	751	738	550	410	401	493	434	601	385	328	431	831	322	894	856	546	392	895	614	759	583	657	735	566	332	363	537	669	710	378	689	800	433	501	800	894	695	446	0	897	457	344	658	688	639	396	545	633	702	435	309	683	493	460	419	306	860	
813	409	325	889	764	539	726	449	782	333	444	710	430	589	674	561	865	683	483	715	359	729	677	717	354	533	492	657	743	566	648	760	625	596	844	526	661	491	727	522	612	344	897	0	736	611	802	353	543	526	790	521	595	513	574	375	674	406	545	731	536	
892	613	401	746	673	458	674	332	406	407	505	610	767	351	526	634	828	333	731	775	468	323	786	643	446	731	478	825	666	374	618	718	523	662	667	850	490	326	714	741	859	842	457	736	0	366	807	691	681	539	577	591	716	588	369	302	524	686	325	390	502	
886	474	687	841	755	445	546	722	632	854	387	688	735	713	500	490	699	413	694	436	496	502	403	355	666	795	475	773	685	456	400	889	401	657	850	463	705	527	580	859	617	324	344	611	366	0	533	814	449	535	600	666	752	395	855	432	599	318	380	577	304	
887	660	507	528	443	334	598	354	521	437	661	870	398	831	388	747	527	691	671	333	354	436	470	366	459	766	898	304	334	665	820	334	575	604	548	331	779	359	534	543	723	348	658	802	807	533	0	311	471	623	454	761	473	891	432	453	807	366	682	636	851	
626	438	742	891	318	800	754	305	455	485	666	549	704	808	429	791	754	527	696	572	459	528	381	363	708	838	487	511	494	591	611	487	305	830	514	685	660	711	419	602	441	354	688	353	691	814	311	0	856	532	695	682	457	803	876	572	443	591	871	864	443	
604	457	875	864	677	396	472	810	322	833	777	874	662	709	458	478	337	623	316	717	587	589	444	600	430	392	828	793	869	412	770	539	732	573	629	603	752	428	403	528	618	673	639	543	681	449	471	856	0	762	552	802	849	605	469	479	540	735	792	405	333	
533	394	765	457	351	823	747	684	789	876	536	550	363	377	350	334	566	555	375	759	838	439	882	412	595	738	778	656	526	544	372	438	416	500	391	576	623	855	507	847	480	664	396	526	539	535	623	532	762	0	390	429	459	804	588	654	491	390	717	812	700	
381	392	322	596	533	618	310	305	704	790	545	760	605	776	433	866	640	792	519	682	702	551	575	372	626	543	586	572	789	566	402	537	610	773	811	640	641	397	372	843	671	333	545	790	577	600	454	695	552	390	0	462	366	684	721	590	730	733	446	682	739	
723	517	645	535	876	596	506	775	461	445	473	411	702	818	699	710	352	868	877	633	410	606	408	704	445	597	683	633	364	497	561	481	443	647	310	699	362	418	696	519	528	431	633	521	591	666	761	682	802	429	462	0	609	897	693	767	587	699	860	613	604	
714	555	558	851	463	524	841	382	357	812	337	332	564	805	761	851	700	625	428	310	458	781	759	734	899	456	590	359	478	353	420	818	608	327	392	323	722	788	727	398	831	375	702	595	716	752	473	457	849	459	366	609	0	892	551	503	743	367	532	700	822	
685	610	888	524	557	872	830	797	769	628	659	551	338	363	407	707	682	584	558	520	673	787	706	476	538	861	850	548	454	690	643	465	393	355	509	363	671	465	397	375	770	646	435	513	588	395	891	803	605	804	684	897	892	0	595	838	619	528	426	581	356	
352	467	834	792	668	490	502	603	879	742	496	582	475	435	553	472	442	731	767	823	808	604	667	728	755	570	636	535	366	566	532	673	792	597	333	868	884	597	493	416	399	661	309	574	369	855	432	876	469	588	721	693	551	595	0	596	722	613	549	785	855	
528	540	363	526	511	480	414	893	540	707	884	319	541	602	549	708	746	690	755	628	361	309	800	656	522	762	453	842	829	325	664	443	511	597	535	456	575	770	522	429	731	889	683	375	302	432	453	572	479	654	590	767	503	838	596	0	531	777	876	668	341	
425	765	884	583	506	528	883	389	498	863	488	474	484	858	381	316	650	416	514	724	682	818	430	624	489	783	614	819	435	799	724	629	647	879	428	481	327	594	627	654	712	798	493	674	524	599	807	443	540	491	730	587	743	619	722	531	0	668	540	613	306	
790	768	310	493	851	327	813	561	791	641	890	525	655	664	808	561	585	502	708	464	765	314	390	339	858	538	518	640	642	447	661	832	320	599	415	759	861	406	731	686	671	774	460	406	686	318	366	591	735	390	733	699	367	528	613	777	668	0	517	702	443	
334	791	573	385	439	393	846	777	677	777	480	880	589	390	630	832	453	581	611	623	788	664	530	760	428	319	869	407	410	576	679	665	879	328	727	740	831	802	458	434	706	737	419	545	325	380	682	871	792	717	446	860	532	426	549	876	540	517	0	833	400	
347	807	824	666	564	318	437	647	724	757	628	400	728	477	300	827	670	863	646	767	420	346	424	614	319	781	743	865	850	325	756	719	587	359	765	601	826	843	598	568	545	844	306	731	390	577	636	864	405	812	682	613	700	581	785	668	613	702	833	0	529	
778	329	637	501	479	761	738	670	557	666	550	829	486	495	897	554	547	736	842	349	644	744	613	794	301	644	345	501	699	730	837	850	412	625	797	327	390	848	714	572	842	599	860	536	502	304	851	443	333	700	739	604	822	356	855	341	306	443	400	529	0	
etats
Id_Station	Poids W	Min (P)	WSPT	Priorité	
1	1	331	47,29	17	
2	2	312	312,00	56	
3	1	304	152,00	45	
4	9	301	33,44	2	
5	4	303	33,67	3	
6	1	312	52,00	25	
7	6	331	41,38	11	
8	2	302	100,67	40	
9	2	304	76,00	35	
10	9	308	308,00	52	
11	5	311	38,88	9	
12	2	315	45,00	14	
13	7	305	38,13	5	
14	6	318	63,60	34	
15	5	307	38,38	7	
16	1	300	150,00	42	
17	4	303	60,60	31	
18	9	314	39,25	10	
19	2	303	151,50	44	
20	6	304	50,67	24	
21	3	301	50,17	19	
22	1	310	103,33	41	
23	4	303	303,00	51	
24	4	329	54,83	29	
25	9	310	310,00	54	
26	4	315	315,00	58	
27	2	305	152,50	46	
28	7	314	52,33	27	
29	4	302	50,33	20	
30	4	300	150,00	43	
31	2	302	60,40	30	
32	8	311	311,00	55	
33	1	302	50,33	21	
34	1	334	83,50	38	
35	8	345	38,33	6	
36	3	317	45,29	16	
37	6	326	81,50	37	
38	1	315	315,00	59	
39	1	329	329,00	60	
40	8	305	43,57	12	
41	6	310	155,00	47	
42	3	308	38,50	8	
43	8	302	302,00	49	
44	7	336	84,00	39	
45	4	304	33,78	4	
46	3	309	309,00	53	
47	1	315	45,00	15	
48	8	302	50,33	22	
49	1	302	302,00	50	
50	1	301	301,00	48	
51	3	315	52,50	28	
52	2	305	43,57	13	
53	1	302	50,33	23	
54	7	313	313,00	57	
55	2	310	77,50	36	
56	2	312	62,40	33	
57	3	300	33,33	1	
58	9	303	60,60	32	
59	4	300	50,00	18	
60	1	312	52,00	26	

