distances
0	700	590	304	799	567	509	895	750	694	389	688	472	624	640	584	582	522	763	596	688	620	606	531	645	841	611	869	356	404	758	787	787	720	677	612	760	305	377	881	892	382	642	504	440	557	839	768	672	327	595	572	370	734	365	311	576	865	855	311	704	
700	0	588	654	708	898	564	692	618	627	407	418	563	845	843	347	691	732	680	641	471	569	665	666	414	870	681	559	508	314	815	896	386	713	433	683	619	859	473	375	656	689	457	464	706	814	395	766	619	830	402	667	760	624	443	361	365	862	427	327	809	
590	588	0	627	355	651	821	642	813	590	615	307	838	639	749	802	853	424	378	474	562	604	657	442	330	344	315	583	315	492	706	864	713	634	608	487	591	537	514	482	477	719	532	540	510	631	706	435	377	893	624	425	550	429	862	465	396	471	515	512	417	
304	654	627	0	331	379	383	588	782	394	554	795	859	328	466	715	706	803	401	799	897	345	469	705	680	341	598	300	669	874	360	367	472	471	707	495	451	767	327	367	507	896	763	879	565	589	720	745	861	459	759	687	777	686	553	789	710	851	432	305	516	
799	708	355	331	0	355	437	378	671	424	867	592	756	736	358	812	772	674	821	897	829	416	568	606	544	524	564	727	711	311	831	547	889	774	454	638	756	617	466	791	369	320	844	462	618	377	509	533	842	373	757	891	377	424	763	581	521	814	895	509	716	
567	898	651	379	355	0	331	751	578	479	488	537	359	515	522	476	840	372	506	873	877	794	326	635	377	506	566	464	776	542	608	680	739	598	431	559	706	876	732	520	397	379	410	555	646	586	580	342	328	466	722	486	561	774	838	628	890	864	701	781	377	
509	564	821	383	437	331	0	466	617	352	845	679	541	510	609	896	554	670	476	753	807	302	742	412	853	709	416	367	789	720	870	885	768	659	736	550	747	655	455	346	867	887	686	624	472	753	523	351	647	375	878	629	861	572	366	742	564	880	420	498	515	
895	692	642	588	378	751	466	0	532	440	841	378	628	650	623	602	402	565	542	782	378	686	737	685	683	592	688	700	764	751	561	708	349	876	502	810	540	620	602	849	847	499	745	353	369	558	637	819	891	718	880	672	605	622	705	599	387	709	482	380	352	
750	618	813	782	671	578	617	532	0	805	499	631	782	636	408	560	677	588	709	459	832	687	413	425	321	828	390	301	806	793	735	800	817	571	692	753	877	382	645	789	889	442	766	661	399	494	488	699	434	431	890	398	889	392	594	428	445	593	764	817	450	
694	627	590	394	424	479	352	440	805	0	889	696	765	886	448	899	545	377	496	796	648	701	650	725	406	346	776	672	564	490	347	351	478	403	459	356	747	892	803	657	364	414	527	674	583	331	385	713	577	526	842	411	844	328	469	861	635	413	620	853	427	
389	407	615	554	867	488	845	841	499	889	0	595	358	775	741	388	779	471	453	752	646	540	443	747	783	626	665	629	343	837	617	479	690	890	684	807	856	521	426	363	322	843	303	370	479	681	752	743	461	675	687	486	412	536	855	354	429	405	879	329	617	
688	418	307	795	592	537	679	378	631	696	595	0	645	418	637	572	346	425	513	534	454	580	678	699	642	545	500	735	896	380	373	517	300	345	595	480	451	336	347	646	656	695	403	492	666	817	453	826	783	304	822	816	700	725	466	835	881	820	407	646	344	
472	563	838	859	756	359	541	628	782	765	358	645	0	518	665	671	877	759	596	594	743	817	329	772	379	319	798	814	468	578	626	615	790	697	317	820	873	711	771	572	357	818	518	368	614	752	626	672	410	457	385	729	546	897	896	881	450	881	376	729	859	
624	845	639	328	736	515	510	650	636	886	775	418	518	0	883	647	346	772	680	831	336	372	431	460	787	389	568	324	709	549	880	548	585	475	713	362	874	846	677	589	781	435	682	416	816	671	567	382	706	503	871	438	316	421	625	867	785	885	479	474	548	
640	843	749	466	358	522	609	623	408	448	741	637	665	883	0	850	337	567	831	537	593	358	513	587	866	672	400	806	589	881	642	388	568	694	714	395	670	721	491	456	622	349	626	652	442	370	460	499	356	510	725	771	757	452	502	771	869	346	783	302	823	
584	347	802	715	812	476	896	602	560	899	388	572	671	647	850	0	340	469	557	870	768	564	550	437	617	480	352	842	570	730	670	528	473	894	817	508	392	455	883	429	654	332	437	317	770	672	306	647	330	580	779	662	513	302	674	535	876	645	788	722	552	
582	691	853	706	772	840	554	402	677	545	779	346	877	346	337	340	0	450	643	711	542	561	535	753	617	495	704	687	558	668	765	495	682	755	788	315	572	351	662	549	870	848	757	495	854	402	849	600	624	383	456	563	468	537	812	516	354	780	472	368	547	
522	732	424	803	674	372	670	565	588	377	471	425	759	772	567	469	450	0	872	632	503	772	886	573	676	445	658	571	762	750	597	300	699	445	741	843	380	716	780	485	690	689	746	631	511	377	352	812	647	548	855	721	673	397	600	553	546	888	482	373	370	
763	680	378	401	821	506	476	542	709	496	453	513	596	680	831	557	643	872	0	584	898	793	752	571	784	642	621	555	382	588	511	501	710	525	572	552	681	665	467	765	815	773	325	557	596	786	473	379	629	696	579	349	314	703	811	683	467	868	790	366	319	
596	641	474	799	897	873	753	782	459	796	752	534	594	831	537	870	711	632	584	0	303	303	702	414	885	377	571	440	380	343	409	754	361	305	360	820	410	690	606	557	697	823	341	752	829	449	831	602	623	328	405	533	728	699	346	416	607	667	557	473	311	
688	471	562	897	829	877	807	378	832	648	646	454	743	336	593	768	542	503	898	303	0	728	888	531	896	461	809	583	800	810	678	366	553	301	504	406	314	822	303	675	686	677	819	815	588	500	673	897	593	791	728	563	490	311	676	705	722	503	397	816	445	
620	569	604	345	416	794	302	686	687	701	540	580	817	372	358	564	561	772	793	303	728	0	722	818	385	409	542	645	625	738	607	681	750	316	615	474	425	863	779	322	371	441	302	616	489	493	649	536	453	720	898	554	709	570	732	883	742	708	433	723	751	
606	665	657	469	568	326	742	737	413	650	443	678	329	431	513	550	535	886	752	702	888	722	0	725	808	404	480	899	323	778	502	341	385	634	319	377	832	643	606	509	606	814	624	364	420	773	768	763	592	445	348	477	480	804	794	438	567	707	881	367	732	
531	666	442	705	606	635	412	685	425	725	747	699	772	460	587	437	753	573	571	414	531	818	725	0	376	409	781	671	373	809	761	379	465	808	658	503	464	589	515	472	503	758	428	361	789	510	818	679	778	571	711	682	409	469	765	382	466	653	545	588	521	
645	414	330	680	544	377	853	683	321	406	783	642	379	787	866	617	617	676	784	885	896	385	808	376	0	685	830	661	717	445	422	778	792	600	492	341	467	792	397	611	538	372	596	664	693	569	858	801	840	778	454	562	627	609	344	382	580	383	327	708	418	
841	870	344	341	524	506	709	592	828	346	626	545	319	389	672	480	495	445	642	377	461	409	404	409	685	0	373	422	453	543	728	589	632	789	598	468	595	428	841	463	328	867	768	674	360	675	558	682	696	744	338	847	330	343	345	422	584	641	743	567	613	
611	681	315	598	564	566	416	688	390	776	665	500	798	568	400	352	704	658	621	571	809	542	480	781	830	373	0	432	304	594	553	532	763	845	834	480	671	320	457	637	585	458	537	315	893	690	674	549	838	708	851	450	371	797	873	449	452	494	373	574	819	
869	559	583	300	727	464	367	700	301	672	629	735	814	324	806	842	687	571	555	440	583	645	899	671	661	422	432	0	736	689	649	701	311	850	896	886	529	557	371	494	464	305	427	483	577	316	686	493	318	586	719	628	526	432	504	409	518	311	780	684	494	
356	508	315	669	711	776	789	764	806	564	343	896	468	709	589	570	558	762	382	380	800	625	323	373	717	453	304	736	0	880	825	337	554	589	526	632	860	577	798	795	570	614	681	807	606	415	391	459	635	351	399	541	408	480	480	315	444	487	839	513	679	
404	314	492	874	311	542	720	751	793	490	837	380	578	549	881	730	668	750	588	343	810	738	778	809	445	543	594	689	880	0	329	751	538	490	540	489	860	644	664	580	844	592	843	586	667	502	517	784	684	586	879	313	656	358	806	467	678	658	430	329	310	
758	815	706	360	831	608	870	561	735	347	617	373	626	880	642	670	765	597	511	409	678	607	502	761	422	728	553	649	825	329	0	474	636	835	889	834	318	609	667	526	436	814	679	557	701	831	477	791	647	721	672	575	627	892	862	494	655	872	886	881	756	
787	896	864	367	547	680	885	708	800	351	479	517	615	548	388	528	495	300	501	754	366	681	341	379	778	589	532	701	337	751	474	0	447	526	417	328	540	862	687	570	384	823	701	384	309	454	507	823	379	430	797	369	396	546	456	825	644	896	601	462	605	
787	386	713	472	889	739	768	349	817	478	690	300	790	585	568	473	682	699	710	361	553	750	385	465	792	632	763	311	554	538	636	447	0	720	779	438	447	454	463	483	415	665	456	527	651	407	726	356	390	424	539	448	504	769	394	702	826	768	366	832	486	
720	713	634	471	774	598	659	876	571	403	890	345	697	475	694	894	755	445	525	305	301	316	634	808	600	789	845	850	589	490	835	526	720	0	764	687	745	521	515	549	764	461	718	835	513	346	346	376	332	421	771	779	888	589	308	551	459	637	535	418	653	
677	433	608	707	454	431	736	502	692	459	684	595	317	713	714	817	788	741	572	360	504	615	319	658	492	598	834	896	526	540	889	417	779	764	0	564	306	851	833	525	810	777	426	709	878	495	819	774	440	718	368	612	581	880	686	315	544	471	605	443	649	
612	683	487	495	638	559	550	810	753	356	807	480	820	362	395	508	315	843	552	820	406	474	377	503	341	468	480	886	632	489	834	328	438	687	564	0	636	648	675	825	480	733	781	379	851	490	520	707	304	747	634	576	806	385	747	624	468	322	320	832	857	
760	619	591	451	756	706	747	540	877	747	856	451	873	874	670	392	572	380	681	410	314	425	832	464	467	595	671	529	860	860	318	540	447	745	306	636	0	715	737	773	676	493	537	314	701	409	390	345	659	817	636	566	801	331	810	559	878	644	859	880	535	
305	859	537	767	617	876	655	620	382	892	521	336	711	846	721	455	351	716	665	690	822	863	643	589	792	428	320	557	577	644	609	862	454	521	851	648	715	0	769	839	617	310	765	496	851	847	353	595	512	307	522	547	809	374	496	887	519	643	539	441	893	
377	473	514	327	466	732	455	602	645	803	426	347	771	677	491	883	662	780	467	606	303	779	606	515	397	841	457	371	798	664	667	687	463	515	833	675	737	769	0	863	742	484	440	459	474	472	375	600	618	559	356	312	726	764	655	752	498	804	836	621	465	
881	375	482	367	791	520	346	849	789	657	363	646	572	589	456	429	549	485	765	557	675	322	509	472	611	463	637	494	795	580	526	570	483	549	525	825	773	839	863	0	336	548	372	870	486	590	421	688	465	859	425	526	625	668	459	769	303	644	754	717	399	
892	656	477	507	369	397	867	847	889	364	322	656	357	781	622	654	870	690	815	697	686	371	606	503	538	328	585	464	570	844	436	384	415	764	810	480	676	617	742	336	0	610	310	641	401	668	863	402	582	647	648	410	848	845	875	589	337	695	893	364	594	
382	689	719	896	320	379	887	499	442	414	843	695	818	435	349	332	848	689	773	823	677	441	814	758	372	867	458	305	614	592	814	823	665	461	777	733	493	310	484	548	610	0	537	476	799	737	848	775	525	761	692	477	684	896	542	774	882	537	466	789	312	
642	457	532	763	844	410	686	745	766	527	303	403	518	682	626	437	757	746	325	341	819	302	624	428	596	768	537	427	681	843	679	701	456	718	426	781	537	765	440	372	310	537	0	896	575	741	531	845	307	850	412	825	605	708	465	488	605	571	454	725	324	
504	464	540	879	462	555	624	353	661	674	370	492	368	416	652	317	495	631	557	752	815	616	364	361	664	674	315	483	807	586	557	384	527	835	709	379	314	496	459	870	641	476	896	0	499	318	440	565	695	718	839	586	479	830	569	516	336	318	771	765	605	
440	706	510	565	618	646	472	369	399	583	479	666	614	816	442	770	854	511	596	829	588	489	420	789	693	360	893	577	606	667	701	309	651	513	878	851	701	851	474	486	401	799	575	499	0	618	829	350	309	430	564	353	418	718	397	824	728	870	480	774	540	
557	814	631	589	377	586	753	558	494	331	681	817	752	671	370	672	402	377	786	449	500	493	773	510	569	675	690	316	415	502	831	454	407	346	495	490	409	847	472	590	668	737	741	318	618	0	763	882	555	894	460	460	641	745	435	746	629	412	894	638	320	
839	395	706	720	509	580	523	637	488	385	752	453	626	567	460	306	849	352	473	831	673	649	768	818	858	558	674	686	391	517	477	507	726	346	819	520	390	353	375	421	863	848	531	440	829	763	0	418	436	587	665	497	502	313	605	334	817	665	874	369	883	
768	766	435	745	533	342	351	819	699	713	743	826	672	382	499	647	600	812	379	602	897	536	763	679	801	682	549	493	459	784	791	823	356	376	774	707	345	595	600	688	402	775	845	565	350	882	418	0	630	742	362	441	755	896	740	715	772	732	818	589	365	
672	619	377	861	842	328	647	891	434	577	461	783	410	706	356	330	624	647	629	623	593	453	592	778	840	696	838	318	635	684	647	379	390	332	440	304	659	512	618	465	582	525	307	695	309	555	436	630	0	890	737	791	691	671	864	533	680	600	372	418	765	
327	830	893	459	373	466	375	718	431	526	675	304	457	503	510	580	383	548	696	328	791	720	445	571	778	744	708	586	351	586	721	430	424	421	718	747	817	307	559	859	647	761	850	718	430	894	587	742	890	0	868	347	478	388	400	666	873	700	414	580	604	
595	402	624	759	757	722	878	880	890	842	687	822	385	871	725	779	456	855	579	405	728	898	348	711	454	338	851	719	399	879	672	797	539	771	368	634	636	522	356	425	648	692	412	839	564	460	665	362	737	868	0	461	821	513	373	756	487	872	497	797	768	
572	667	425	687	891	486	629	672	398	411	486	816	729	438	771	662	563	721	349	533	563	554	477	682	562	847	450	628	541	313	575	369	448	779	612	576	566	547	312	526	410	477	825	586	353	460	497	441	791	347	461	0	478	603	798	770	865	335	767	695	340	
370	760	550	777	377	561	861	605	889	844	412	700	546	316	757	513	468	673	314	728	490	709	480	409	627	330	371	526	408	656	627	396	504	888	581	806	801	809	726	625	848	684	605	479	418	641	502	755	691	478	821	478	0	454	436	897	463	717	664	789	735	
734	624	429	686	424	774	572	622	392	328	536	725	897	421	452	302	537	397	703	699	311	570	804	469	609	343	797	432	480	358	892	546	769	589	880	385	331	374	764	668	845	896	708	830	718	745	313	896	671	388	513	603	454	0	811	546	815	499	514	857	824	
365	443	862	553	763	838	366	705	594	469	855	466	896	625	502	674	812	600	811	346	676	732	794	765	344	345	873	504	480	806	862	456	394	308	686	747	810	496	655	459	875	542	465	569	397	435	605	740	864	400	373	798	436	811	0	596	471	360	495	686	824	
311	361	465	789	581	628	742	599	428	861	354	835	881	867	771	535	516	553	683	416	705	883	438	382	382	422	449	409	315	467	494	825	702	551	315	624	559	887	752	769	589	774	488	516	824	746	334	715	533	666	756	770	897	546	596	0	885	665	836	406	642	
576	365	396	710	521	890	564	387	445	635	429	881	450	785	869	876	354	546	467	607	722	742	567	466	580	584	452	518	444	678	655	644	826	459	544	468	878	519	498	303	337	882	605	336	728	629	817	772	680	873	487	865	463	815	471	885	0	716	809	357	545	
865	862	471	851	814	864	880	709	593	413	405	820	881	885	346	645	780	888	868	667	503	708	707	653	383	641	494	311	487	658	872	896	768	637	471	322	644	643	804	644	695	537	571	318	870	412	665	732	600	700	872	335	717	499	360	665	716	0	417	601	732	
855	427	515	432	895	701	420	482	764	620	879	407	376	479	783	788	472	482	790	557	397	433	881	545	327	743	373	780	839	430	886	601	366	535	605	320	859	539	836	754	893	466	454	771	480	894	874	818	372	414	497	767	664	514	495	836	809	417	0	525	426	
311	327	512	305	509	781	498	380	817	853	329	646	729	474	302	722	368	373	366	473	816	723	367	588	708	567	574	684	513	329	881	462	832	418	443	832	880	441	621	717	364	789	725	765	774	638	369	589	418	580	797	695	789	857	686	406	357	601	525	0	332	
704	809	417	516	716	377	515	352	450	427	617	344	859	548	823	552	547	370	319	311	445	751	732	521	418	613	819	494	679	310	756	605	486	653	649	857	535	893	465	399	594	312	324	605	540	320	883	365	765	604	768	340	735	824	824	642	545	732	426	332	0	
etats
Id_Station	Poids W	Min (P)	WSPT	Priorité	
1	1	300	300,00	44	
2	6	307	51,17	22	
3	7	304	152,00	41	
4	1	301	100,33	33	
5	1	308	38,50	10	
6	7	302	151,00	40	
7	2	304	304,00	52	
8	5	304	304,00	53	
9	1	305	305,00	55	
10	4	303	50,50	19	
11	4	300	60,00	25	
12	7	312	78,00	32	
13	3	308	102,67	37	
14	2	306	102,00	36	
15	9	313	39,13	12	
16	4	305	50,83	21	
17	5	303	101,00	35	
18	7	314	104,67	39	
19	1	310	51,67	24	
20	4	301	301,00	46	
21	3	308	61,60	26	
22	7	306	76,50	31	
23	5	301	37,63	7	
24	9	324	46,29	17	
25	2	315	315,00	59	
26	9	301	33,44	2	
27	1	305	305,00	56	
28	7	313	104,33	38	
29	2	303	75,75	29	
30	5	303	303,00	49	
31	7	303	75,75	30	
32	4	303	303,00	50	
33	2	300	33,33	1	
34	2	313	156,50	43	
35	2	308	61,60	27	
36	2	305	305,00	57	
37	9	303	303,00	51	
38	5	303	37,88	9	
39	1	312	44,57	16	
40	4	301	37,63	8	
41	2	308	154,00	42	
42	1	300	300,00	45	
43	1	302	100,67	34	
44	6	333	333,00	60	
45	8	313	34,78	4	
46	3	304	304,00	54	
47	8	310	34,44	3	
48	1	313	34,78	5	
49	1	308	51,33	23	
50	5	301	301,00	47	
51	7	302	50,33	18	
52	1	311	38,88	11	
53	5	318	39,75	13	
54	6	308	308,00	58	
55	3	300	42,86	14	
56	5	301	75,25	28	
57	9	302	302,00	48	
58	6	300	37,50	6	
59	3	303	50,50	20	
60	1	307	43,86	15	
 	
