distances
0	437	689	613	724	770	502	495	506	472	792	746	610	570	362	571	512	760	449	416	595	384	380	559	758	514	674	705	626	677	604	794	508	608	775	468	656	723	777	551	783	717	778	774	793	572	623	505	626	769	487	738	720	492	433	630	322	384	517	461	344	
437	0	724	790	771	431	483	619	704	438	679	325	615	468	652	660	335	641	662	418	510	454	645	304	650	712	572	790	740	659	697	383	475	712	614	733	768	645	499	752	386	560	441	381	600	336	402	531	612	655	659	764	404	751	768	662	709	675	794	370	746	
689	724	0	605	550	489	454	375	617	342	438	632	455	451	619	411	561	694	710	649	394	550	698	624	693	663	582	549	380	385	678	357	669	565	765	399	443	581	341	701	765	356	609	684	797	330	665	344	692	792	337	409	464	624	568	656	764	702	683	723	649	
613	790	605	0	762	438	705	357	518	573	794	669	502	397	349	509	502	745	541	407	314	615	664	784	515	548	681	591	343	539	707	700	635	585	550	421	767	334	598	748	650	478	788	353	713	423	762	525	589	409	542	302	752	550	335	534	574	480	439	739	436	
724	771	550	762	0	424	362	531	545	595	443	471	470	654	681	578	457	767	468	740	660	348	706	630	648	365	382	370	536	645	687	631	654	377	460	393	619	351	419	716	662	510	788	623	588	639	765	318	761	526	583	558	757	472	355	702	322	626	776	552	689	
770	431	489	438	424	0	517	569	510	797	636	717	510	695	332	727	461	709	728	339	705	741	409	770	353	349	736	594	766	364	313	392	572	750	375	717	322	445	357	542	531	499	482	693	743	320	396	623	728	716	328	357	465	630	380	688	391	529	730	438	791	
502	483	454	705	362	517	0	792	348	607	627	727	558	317	743	729	632	314	710	329	454	394	522	622	765	700	371	560	361	793	470	430	364	632	570	572	424	782	526	372	691	457	661	361	396	467	606	609	693	646	718	439	664	665	564	576	443	528	375	524	754	
495	619	375	357	531	569	792	0	438	707	560	785	370	650	325	398	616	773	479	737	495	498	325	633	538	572	712	580	360	358	638	521	698	725	719	328	692	772	733	469	365	328	519	673	543	355	692	756	466	458	645	461	746	584	608	689	339	746	474	484	712	
506	704	617	518	545	510	348	438	0	408	714	598	473	509	604	596	597	393	332	736	418	772	490	663	686	493	420	547	464	500	739	565	309	492	785	373	598	716	573	418	444	507	606	516	538	637	395	444	464	474	557	784	705	618	662	565	490	451	519	426	684	
472	438	342	573	595	797	607	707	408	0	589	326	678	772	542	621	471	334	674	776	577	427	328	489	634	421	359	335	514	466	519	480	706	370	744	473	310	563	664	389	575	742	751	362	720	307	700	530	301	793	424	560	613	562	686	340	701	737	715	484	562	
792	679	438	794	443	636	627	560	714	589	0	453	679	437	582	684	425	511	590	511	671	719	544	721	328	564	552	594	688	541	799	618	608	333	341	426	719	361	465	744	581	395	656	634	688	480	540	311	696	480	345	752	798	318	588	647	557	346	414	587	741	
746	325	632	669	471	717	727	785	598	326	453	0	476	539	689	419	558	517	351	747	383	648	793	431	435	680	547	703	697	539	743	420	778	301	456	693	525	345	770	611	729	306	688	737	512	462	394	541	303	376	617	304	662	679	547	496	400	383	621	573	681	
610	615	455	502	470	510	558	370	473	678	679	476	0	302	547	336	364	413	580	480	734	363	735	719	375	440	662	797	424	773	345	386	459	409	354	594	359	629	643	445	403	652	447	707	789	591	533	522	516	353	349	331	756	641	723	322	477	457	364	488	308	
570	468	451	397	654	695	317	650	509	772	437	539	302	0	324	493	640	612	336	716	540	530	629	349	407	302	672	540	501	461	576	540	683	525	386	612	770	688	469	622	719	301	502	509	464	365	533	601	431	665	502	652	341	335	591	783	484	374	693	460	306	
362	652	619	349	681	332	743	325	604	542	582	689	547	324	0	781	714	678	433	513	331	505	688	552	715	662	696	583	304	487	301	680	479	707	759	592	577	606	676	649	354	537	649	701	628	626	755	452	534	337	307	750	646	799	597	329	345	398	475	651	621	
571	660	411	509	578	727	729	398	596	621	684	419	336	493	781	0	550	459	697	559	520	582	378	314	757	784	505	545	474	392	528	781	350	782	311	352	652	710	758	408	796	321	487	499	595	481	431	582	727	402	654	353	734	780	455	522	327	694	796	347	713	
512	335	561	502	457	461	632	616	597	471	425	558	364	640	714	550	0	563	604	793	737	355	567	690	697	742	411	445	730	502	513	462	534	680	659	444	576	589	470	588	659	768	651	567	335	753	660	672	711	799	467	386	404	733	793	457	314	600	753	492	755	
760	641	694	745	767	709	314	773	393	334	511	517	413	612	678	459	563	0	771	445	550	755	391	607	517	512	682	398	485	526	715	486	670	628	617	516	759	538	544	625	467	708	385	556	754	718	347	332	515	521	694	329	480	539	344	714	453	396	329	597	623	
449	662	710	541	468	728	710	479	332	674	590	351	580	336	433	697	604	771	0	712	477	574	755	389	387	359	558	344	457	732	592	613	610	420	742	645	485	675	632	485	363	780	331	554	350	412	642	647	339	522	354	674	790	399	778	665	336	605	503	424	648	
416	418	649	407	740	339	329	737	736	776	511	747	480	716	513	559	793	445	712	0	332	373	344	432	531	484	489	668	636	787	657	382	394	520	711	738	328	565	472	377	505	704	779	488	536	786	661	416	650	693	343	589	481	486	435	514	612	310	718	349	395	
595	510	394	314	660	705	454	495	418	577	671	383	734	540	331	520	737	550	477	332	0	585	725	756	454	424	365	755	747	633	774	545	542	597	319	418	629	311	553	639	547	504	775	489	512	548	456	428	310	613	383	319	616	322	338	737	710	426	518	395	335	
384	454	550	615	348	741	394	498	772	427	719	648	363	530	505	582	355	755	574	373	585	0	772	588	654	542	327	549	547	569	604	689	769	600	568	586	466	541	347	647	407	789	374	627	532	727	680	337	300	650	658	780	755	492	714	670	678	510	712	542	573	
380	645	698	664	706	409	522	325	490	328	544	793	735	629	688	378	567	391	755	344	725	772	0	325	601	572	762	570	705	695	325	773	534	723	712	612	577	658	712	448	508	642	770	795	596	333	363	510	675	456	381	454	524	739	508	358	409	711	743	763	793	
559	304	624	784	630	770	622	633	663	489	721	431	719	349	552	314	690	607	389	432	756	588	325	0	618	412	530	774	671	752	624	320	571	796	775	429	473	662	718	635	763	361	549	678	367	378	641	345	456	304	658	798	449	717	405	737	437	491	654	650	368	
758	650	693	515	648	353	765	538	686	634	328	435	375	407	715	757	697	517	387	531	454	654	601	618	0	320	463	326	464	703	609	439	607	643	565	351	787	586	352	440	609	770	351	439	690	587	720	600	333	772	549	554	524	359	795	355	689	468	638	706	496	
514	712	663	548	365	349	700	572	493	421	564	680	440	302	662	784	742	512	359	484	424	542	572	412	320	0	533	553	679	733	428	456	727	682	736	688	555	510	657	377	388	631	711	395	433	596	366	390	719	607	742	679	408	509	432	714	351	417	440	666	669	
674	572	582	681	382	736	371	712	420	359	552	547	662	672	696	505	411	682	558	489	365	327	762	530	463	533	0	634	417	446	585	406	551	457	397	581	664	494	736	713	330	315	441	508	638	627	402	463	789	620	731	594	592	443	319	467	631	460	669	450	587	
705	790	549	591	370	594	560	580	547	335	594	703	797	540	583	545	445	398	344	668	755	549	570	774	326	553	634	0	759	696	575	330	534	521	663	310	708	374	420	740	796	695	436	632	460	528	347	395	599	553	733	385	390	311	502	428	432	760	737	418	418	
626	740	380	343	536	766	361	360	464	514	688	697	424	501	304	474	730	485	457	636	747	547	705	671	464	679	417	759	0	430	362	776	401	637	360	421	593	700	681	665	329	779	604	369	679	305	615	686	391	616	323	619	627	558	445	385	343	648	755	487	375	
677	659	385	539	645	364	793	358	500	466	541	539	773	461	487	392	502	526	732	787	633	569	695	752	703	733	446	696	430	0	533	711	700	734	760	490	300	389	489	768	336	405	376	531	423	346	773	620	430	367	513	623	310	352	318	581	399	432	728	383	384	
604	697	678	707	687	313	470	638	739	519	799	743	345	576	301	528	513	715	592	657	774	604	325	624	609	428	585	575	362	533	0	331	320	705	503	408	716	478	485	367	547	327	492	637	638	659	412	576	332	316	450	737	645	603	685	688	628	305	678	644	638	
794	383	357	700	631	392	430	521	565	480	618	420	386	540	680	781	462	486	613	382	545	689	773	320	439	456	406	330	776	711	331	0	792	766	356	591	407	386	413	611	387	476	737	679	423	671	695	697	627	414	348	381	597	611	678	333	428	648	743	482	404	
508	475	669	635	654	572	364	698	309	706	608	778	459	683	479	350	534	670	610	394	542	769	534	571	607	727	551	534	401	700	320	792	0	680	537	685	651	371	532	331	391	409	647	452	359	573	450	361	768	584	328	695	748	689	380	648	319	666	702	489	476	
608	712	565	585	377	750	632	725	492	370	333	301	409	525	707	782	680	628	420	520	597	600	723	796	643	682	457	521	637	734	705	766	680	0	309	465	758	790	575	736	568	521	625	760	467	717	606	636	300	431	484	790	460	421	599	546	777	612	584	566	640	
775	614	765	550	460	375	570	719	785	744	341	456	354	386	759	311	659	617	742	711	319	568	712	775	565	736	397	663	360	760	503	356	537	309	0	569	471	311	781	526	525	734	326	693	779	608	368	458	317	314	581	471	310	300	736	549	300	733	454	567	391	
468	733	399	421	393	717	572	328	373	473	426	693	594	612	592	352	444	516	645	738	418	586	612	429	351	688	581	310	421	490	408	591	685	465	569	0	735	632	594	620	731	520	437	519	319	336	450	344	760	367	403	740	561	720	727	791	302	418	601	554	484	
656	768	443	767	619	322	424	692	598	310	719	525	359	770	577	652	576	759	485	328	629	466	577	473	787	555	664	708	593	300	716	407	651	758	471	735	0	355	430	769	784	404	301	768	637	706	630	699	345	462	535	743	310	477	784	571	651	689	505	608	618	
723	645	581	334	351	445	782	772	716	563	361	345	629	688	606	710	589	538	675	565	311	541	658	662	586	510	494	374	700	389	478	386	371	790	311	632	355	0	522	628	565	782	680	553	616	738	487	570	421	595	331	582	308	449	425	376	644	420	773	779	388	
777	499	341	598	419	357	526	733	573	664	465	770	643	469	676	758	470	544	632	472	553	347	712	718	352	657	736	420	681	489	485	413	532	575	781	594	430	522	0	523	575	621	440	517	713	738	431	381	706	491	406	617	556	622	739	493	690	404	493	413	543	
551	752	701	748	716	542	372	469	418	389	744	611	445	622	649	408	588	625	485	377	639	647	448	635	440	377	713	740	665	768	367	611	331	736	526	620	769	628	523	0	766	569	318	502	648	310	545	567	593	731	390	585	694	379	341	758	598	414	734	375	515	
783	386	765	650	662	531	691	365	444	575	581	729	403	719	354	796	659	467	363	505	547	407	508	763	609	388	330	796	329	336	547	387	391	568	525	731	784	565	575	766	0	638	470	724	519	608	530	660	483	799	518	640	399	510	755	391	724	544	536	788	321	
717	560	356	478	510	499	457	328	507	742	395	306	652	301	537	321	768	708	780	704	504	789	642	361	770	631	315	695	779	405	327	476	409	521	734	520	404	782	621	569	638	0	670	457	437	549	331	529	663	688	518	518	374	537	682	506	663	753	328	483	633	
778	441	609	788	788	482	661	519	606	751	656	688	447	502	649	487	651	385	331	779	775	374	770	549	351	711	441	436	604	376	492	737	647	625	326	437	301	680	440	318	470	670	0	622	418	571	468	604	352	787	548	558	738	792	732	338	427	450	642	331	692	
774	381	684	353	623	693	361	673	516	362	634	737	707	509	701	499	567	556	554	488	489	627	795	678	439	395	508	632	369	531	637	679	452	760	693	519	768	553	517	502	724	457	622	0	785	715	343	643	742	692	563	611	337	440	390	588	527	391	624	563	700	
793	600	797	713	588	743	396	543	538	720	688	512	789	464	628	595	335	754	350	536	512	532	596	367	690	433	638	460	679	423	638	423	359	467	779	319	637	616	713	648	519	437	418	785	0	778	411	382	769	752	681	588	386	612	396	691	637	476	505	672	432	
572	336	330	423	639	320	467	355	637	307	480	462	591	365	626	481	753	718	412	786	548	727	333	378	587	596	627	528	305	346	659	671	573	717	608	336	706	738	738	310	608	549	571	715	778	0	470	406	387	565	543	780	635	376	431	486	488	476	409	637	561	
623	402	665	762	765	396	606	692	395	700	540	394	533	533	755	431	660	347	642	661	456	680	363	641	720	366	402	347	615	773	412	695	450	606	368	450	630	487	431	545	530	331	468	343	411	470	0	786	392	479	722	557	714	714	435	300	701	546	353	490	436	
505	531	344	525	318	623	609	756	444	530	311	541	522	601	452	582	672	332	647	416	428	337	510	345	600	390	463	395	686	620	576	697	361	636	458	344	699	570	381	567	660	529	604	643	382	406	786	0	616	600	344	565	555	629	507	651	606	769	520	408	636	
626	612	692	589	761	728	693	466	464	301	696	303	516	431	534	727	711	515	339	650	310	300	675	456	333	719	789	599	391	430	332	627	768	300	317	760	345	421	706	593	483	663	352	742	769	387	392	616	0	670	759	483	300	488	557	670	594	635	739	389	406	
769	655	792	409	526	716	646	458	474	793	480	376	353	665	337	402	799	521	522	693	613	650	456	304	772	607	620	553	616	367	316	414	584	431	314	367	462	595	491	731	799	688	787	692	752	565	479	600	670	0	506	639	538	414	651	642	562	798	629	318	793	
487	659	337	542	583	328	718	645	557	424	345	617	349	502	307	654	467	694	354	343	383	658	381	658	549	742	731	733	323	513	450	348	328	484	581	403	535	331	406	390	518	518	548	563	681	543	722	344	759	506	0	796	562	728	430	368	778	381	419	434	402	
738	764	409	302	558	357	439	461	784	560	752	304	331	652	750	353	386	329	674	589	319	780	454	798	554	679	594	385	619	623	737	381	695	790	471	740	743	582	617	585	640	518	558	611	588	780	557	565	483	639	796	0	396	540	583	650	648	769	758	779	507	
720	404	464	752	757	465	664	746	705	613	798	662	756	341	646	734	404	480	790	481	616	755	524	449	524	408	592	390	627	310	645	597	748	460	310	561	310	308	556	694	399	374	738	337	386	635	714	555	300	538	562	396	0	410	572	569	570	692	748	796	369	
492	751	624	550	472	630	665	584	618	562	318	679	641	335	799	780	733	539	399	486	322	492	739	717	359	509	443	311	558	352	603	611	689	421	300	720	477	449	622	379	510	537	792	440	612	376	714	629	488	414	728	540	410	0	569	765	485	315	434	645	377	
433	768	568	335	355	380	564	608	662	686	588	547	723	591	597	455	793	344	778	435	338	714	508	405	795	432	319	502	445	318	685	678	380	599	736	727	784	425	739	341	755	682	732	390	396	431	435	507	557	651	430	583	572	569	0	781	465	756	602	647	402	
630	662	656	534	702	688	576	689	565	340	647	496	322	783	329	522	457	714	665	514	737	670	358	737	355	714	467	428	385	581	688	333	648	546	549	791	571	376	493	758	391	506	338	588	691	486	300	651	670	642	368	650	569	765	781	0	461	411	365	690	706	
322	709	764	574	322	391	443	339	490	701	557	400	477	484	345	327	314	453	336	612	710	678	409	437	689	351	631	432	343	399	628	428	319	777	300	302	651	644	690	598	724	663	427	527	637	488	701	606	594	562	778	648	570	485	465	461	0	704	545	314	326	
384	675	702	480	626	529	528	746	451	737	346	383	457	374	398	694	600	396	605	310	426	510	711	491	468	417	460	760	648	432	305	648	666	612	733	418	689	420	404	414	544	753	450	391	476	476	546	769	635	798	381	769	692	315	756	411	704	0	734	480	662	
517	794	683	439	776	730	375	474	519	715	414	621	364	693	475	796	753	329	503	718	518	712	743	654	638	440	669	737	755	728	678	743	702	584	454	601	505	773	493	734	536	328	642	624	505	409	353	520	739	629	419	758	748	434	602	365	545	734	0	501	518	
461	370	723	739	552	438	524	484	426	484	587	573	488	460	651	347	492	597	424	349	395	542	763	650	706	666	450	418	487	383	644	482	489	566	567	554	608	779	413	375	788	483	331	563	672	637	490	408	389	318	434	779	796	645	647	690	314	480	501	0	567	
344	746	649	436	689	791	754	712	684	562	741	681	308	306	621	713	755	623	648	395	335	573	793	368	496	669	587	418	375	384	638	404	476	640	391	484	618	388	543	515	321	633	692	700	432	561	436	636	406	793	402	507	369	377	402	706	326	662	518	567	0	
etats
Id_Station	Poids W	Min (P)	WSPT	Priorité	
1	2	300	33,33	1	
2	9	308	34,22	2	
3	1	309	34,33	3	
4	1	300	37,50	4	
5	6	307	38,38	5	
6	4	309	38,63	6	
7	2	313	39,13	7	
8	1	300	42,86	8	
9	4	303	43,29	9	
10	8	303	43,29	10	
11	8	305	43,57	11	
12	1	309	44,14	12	
13	5	309	44,14	13	
14	2	310	44,29	14	
15	7	320	45,71	15	
16	2	324	46,29	16	
17	3	300	50,00	17	
18	5	301	50,17	18	
19	2	304	50,67	19	
20	2	307	51,17	20	
21	6	308	51,33	21	
22	4	308	51,33	22	
23	1	308	51,33	23	
24	1	311	51,83	24	
25	7	301	60,20	25	
26	1	301	60,20	26	
27	8	301	60,20	27	
28	2	301	60,20	28	
29	2	302	60,40	29	
30	9	302	60,40	30	
31	5	315	63,00	31	
32	2	323	64,60	32	
33	2	300	75,00	33	
34	5	301	75,25	34	
35	2	302	75,50	35	
36	8	305	76,25	36	
37	3	308	77,00	37	
38	9	311	77,75	38	
39	1	322	80,50	39	
40	6	370	92,50	40	
41	7	301	100,33	41	
42	3	303	101,00	42	
43	6	300	150,00	43	
44	3	300	150,00	44	
45	2	301	150,50	45	
46	9	301	150,50	46	
47	5	319	159,50	47	
48	7	300	300,00	48	
49	3	301	301,00	49	
50	4	301	301,00	50	
51	1	301	301,00	51	
52	6	301	301,00	52	
53	7	302	302,00	53	
54	1	304	304,00	54	
55	3	308	308,00	55	
56	6	310	310,00	56	
57	3	310	310,00	57	
58	3	310	310,00	58	
59	8	313	313,00	59	
60	7	316	316,00	60	

