distances
0	611	530	370	488	599	799	368	783	431	346	740	551	562	366	782	346	713	546	472	633	726	450	623	469	520	390	335	563	322	498	649	654	587	501	486	319	551	595	408	321	314	335	539	752	641	369	645	612	656	326	676	561	363	653	735	739	319	649	704	339	
611	0	629	705	391	620	317	796	510	418	610	656	393	392	679	782	679	674	430	780	708	433	354	356	611	702	542	710	348	378	643	463	358	432	318	670	723	799	661	591	335	353	723	371	348	309	689	724	489	615	408	426	581	681	377	715	487	748	471	422	700	
530	629	0	605	440	408	337	707	434	559	674	506	698	357	687	435	336	522	603	538	332	776	329	706	372	503	345	657	485	519	590	697	696	573	636	582	315	456	529	430	338	496	714	530	756	333	563	398	595	447	396	734	729	784	525	630	580	578	489	434	362	
370	705	605	0	385	452	550	623	483	306	674	699	718	778	496	385	331	492	758	364	623	796	486	710	603	751	484	319	691	762	728	513	534	566	395	383	594	531	628	623	614	406	572	425	514	798	328	764	487	780	549	573	572	521	678	588	560	763	456	588	310	
488	391	440	385	0	739	536	723	381	576	791	351	677	372	447	443	375	394	582	539	758	752	635	354	651	445	497	448	624	661	573	700	312	483	509	425	498	712	696	778	440	429	475	326	700	535	633	639	413	619	384	313	703	774	401	675	592	453	400	564	620	
599	620	408	452	739	0	459	657	676	782	395	799	384	746	333	583	763	659	581	316	467	556	734	778	462	596	769	547	540	533	774	690	653	669	503	316	710	482	674	731	471	516	706	639	537	591	659	675	594	388	726	315	609	590	478	430	442	319	517	334	660	
799	317	337	550	536	459	0	487	609	642	509	377	410	446	467	553	766	778	711	711	315	613	502	440	587	495	480	500	403	673	560	421	384	557	515	543	356	629	333	640	611	740	568	517	493	439	495	648	442	684	789	698	675	536	740	546	440	480	714	536	610	
368	796	707	623	723	657	487	0	790	361	780	430	624	612	578	721	417	699	463	623	347	497	559	397	468	757	704	311	593	447	707	513	674	555	599	415	364	789	599	401	325	408	506	756	316	347	683	765	615	664	577	670	501	602	573	552	640	721	636	621	714	
783	510	434	483	381	676	609	790	0	423	624	660	671	526	484	690	324	454	534	505	712	769	370	435	575	758	467	352	717	358	619	689	391	655	498	547	596	431	349	654	452	427	410	631	327	708	326	446	314	569	376	615	605	495	756	677	477	531	710	303	388	
431	418	559	306	576	782	642	361	423	0	760	651	755	566	403	494	403	607	581	454	407	384	761	550	522	687	640	722	797	556	501	346	642	629	459	417	636	555	327	413	460	664	500	720	332	359	710	402	413	490	706	317	331	579	403	504	715	548	776	632	524	
346	610	674	674	791	395	509	780	624	760	0	472	326	604	304	546	680	485	416	730	797	494	443	750	522	551	482	566	650	695	684	443	409	422	739	552	795	632	440	672	595	580	394	389	537	377	394	488	692	661	727	718	301	364	422	461	783	304	773	439	702	
740	656	506	699	351	799	377	430	660	651	472	0	651	441	518	580	319	706	775	737	465	542	455	530	374	332	627	788	729	484	548	329	740	645	394	714	722	607	622	419	416	544	370	555	722	302	459	569	778	527	498	783	340	762	663	310	356	565	438	462	628	
551	393	698	718	677	384	410	624	671	755	326	651	0	520	381	579	386	433	582	429	621	384	542	341	759	576	359	441	422	436	347	601	377	431	425	435	310	789	575	626	713	363	621	499	662	333	327	503	303	462	786	490	509	604	656	486	495	670	785	700	301	
562	392	357	778	372	746	446	612	526	566	604	441	520	0	611	404	583	617	485	433	313	758	506	313	659	455	703	491	695	377	711	767	410	352	505	470	393	698	615	508	461	742	442	471	449	537	355	558	635	315	739	482	478	504	501	457	329	776	311	349	572	
366	679	687	496	447	333	467	578	484	403	304	518	381	611	0	356	727	639	611	717	642	766	540	629	604	598	472	301	762	670	350	589	333	389	562	550	514	670	578	363	666	315	421	574	645	376	601	749	427	603	379	604	744	778	432	429	658	545	400	455	315	
782	782	435	385	443	583	553	721	690	494	546	580	579	404	356	0	583	785	459	547	470	544	553	307	400	406	341	730	327	538	564	350	775	433	362	672	347	770	554	494	527	353	428	761	391	600	683	657	337	353	468	493	329	514	734	606	352	734	791	481	377	
346	679	336	331	375	763	766	417	324	403	680	319	386	583	727	583	0	319	395	778	302	673	655	764	501	514	471	368	600	544	410	369	576	662	710	466	426	568	609	373	561	638	696	603	786	304	315	673	401	688	456	423	468	420	668	415	689	578	546	476	693	
713	674	522	492	394	659	778	699	454	607	485	706	433	617	639	785	319	0	347	537	530	691	313	691	722	532	399	722	336	588	612	404	689	424	392	671	502	679	306	470	655	450	351	647	525	541	356	548	557	328	387	398	301	562	740	351	571	427	723	568	542	
546	430	603	758	582	581	711	463	534	581	416	775	582	485	611	459	395	347	0	643	559	699	449	754	726	690	468	647	309	579	605	349	561	653	475	411	684	652	790	711	646	430	422	574	568	620	577	401	687	617	645	769	497	751	557	627	583	453	495	755	305	
472	780	538	364	539	316	711	623	505	454	730	737	429	433	717	547	778	537	643	0	630	586	458	617	332	599	537	465	673	394	799	483	471	659	417	484	358	486	413	481	661	429	484	762	585	369	797	780	443	399	309	606	519	776	312	534	743	697	341	533	309	
633	708	332	623	758	467	315	347	712	407	797	465	621	313	642	470	302	530	559	630	0	752	602	583	510	790	513	661	573	716	715	788	314	353	485	592	509	352	762	678	508	682	356	474	477	710	496	565	661	344	456	778	601	570	433	790	713	452	375	395	384	
726	433	776	796	752	556	613	497	769	384	494	542	384	758	766	544	673	691	699	586	752	0	310	313	468	422	414	432	309	352	323	491	619	550	554	523	457	409	771	509	702	350	753	738	775	498	462	582	520	756	483	383	678	316	539	696	514	710	335	501	345	
450	354	329	486	635	734	502	559	370	761	443	455	542	506	540	553	655	313	449	458	602	310	0	336	798	725	475	754	739	664	546	798	502	696	475	328	599	451	494	331	610	670	435	551	300	722	685	308	593	702	793	778	350	650	477	798	533	732	735	775	738	
623	356	706	710	354	778	440	397	435	550	750	530	341	313	629	307	764	691	754	617	583	313	336	0	664	637	756	513	361	391	589	732	675	514	687	522	797	665	358	402	682	676	772	602	614	755	432	616	629	300	609	776	310	543	518	304	455	775	527	374	508	
469	611	372	603	651	462	587	468	575	522	522	374	759	659	604	400	501	722	726	332	510	468	798	664	0	522	798	465	497	453	495	668	434	572	557	405	422	707	750	439	317	444	417	440	341	735	397	694	681	635	356	680	324	602	638	384	642	470	714	680	368	
520	702	503	751	445	596	495	757	758	687	551	332	576	455	598	406	514	532	690	599	790	422	725	637	522	0	690	648	352	667	574	397	420	564	351	759	398	482	495	667	618	447	350	643	724	793	634	609	332	721	760	540	514	357	759	644	421	315	550	763	556	
390	542	345	484	497	769	480	704	467	640	482	627	359	703	472	341	471	399	468	537	513	414	475	756	798	690	0	342	536	379	515	742	777	559	538	415	339	371	729	622	797	326	393	605	421	607	341	712	694	751	385	712	526	600	564	618	690	778	698	360	697	
335	710	657	319	448	547	500	311	352	722	566	788	441	491	301	730	368	722	647	465	661	432	754	513	465	648	342	0	449	763	521	489	739	536	502	504	704	373	461	590	671	543	608	705	763	508	381	551	774	474	791	601	668	646	503	651	600	301	696	552	525	
563	348	485	691	624	540	403	593	717	797	650	729	422	695	762	327	600	336	309	673	573	309	739	361	497	352	536	449	0	672	630	561	707	327	306	455	511	626	574	407	759	720	446	381	467	335	791	615	590	591	535	466	637	515	612	795	398	795	419	495	541	
322	378	519	762	661	533	673	447	358	556	695	484	436	377	670	538	544	588	579	394	716	352	664	391	453	667	379	763	672	0	618	424	484	485	678	469	319	343	762	451	785	687	427	755	565	538	621	601	560	716	625	339	487	787	785	797	659	350	739	679	342	
498	643	590	728	573	774	560	707	619	501	684	548	347	711	350	564	410	612	605	799	715	323	546	589	495	574	515	521	630	618	0	746	559	625	515	727	795	742	481	733	746	426	392	611	307	524	782	662	739	669	616	468	447	332	564	529	383	349	672	769	357	
649	463	697	513	700	690	421	513	689	346	443	329	601	767	589	350	369	404	349	483	788	491	798	732	668	397	742	489	561	424	746	0	571	571	355	744	493	570	373	354	345	392	476	583	775	654	709	748	782	775	662	624	312	604	302	568	504	387	491	721	513	
654	358	696	534	312	653	384	674	391	642	409	740	377	410	333	775	576	689	561	471	314	619	502	675	434	420	777	739	707	484	559	571	0	494	682	325	518	711	454	410	448	331	721	343	644	598	657	739	739	733	745	371	530	649	563	300	498	541	732	443	318	
587	432	573	566	483	669	557	555	655	629	422	645	431	352	389	433	662	424	653	659	353	550	696	514	572	564	559	536	327	485	625	571	494	0	476	686	523	399	615	403	701	749	660	735	402	404	767	508	496	711	760	564	379	733	349	347	710	682	704	748	667	
501	318	636	395	509	503	515	599	498	459	739	394	425	505	562	362	710	392	475	417	485	554	475	687	557	351	538	502	306	678	515	355	682	476	0	549	438	445	345	644	423	711	602	590	676	536	541	575	593	672	797	666	443	673	305	399	777	489	641	346	440	
486	670	582	383	425	316	543	415	547	417	552	714	435	470	550	672	466	671	411	484	592	523	328	522	405	759	415	504	455	469	727	744	325	686	549	0	606	783	344	721	712	434	659	625	400	454	441	394	437	737	698	394	338	344	315	696	764	504	644	443	722	
319	723	315	594	498	710	356	364	596	636	795	722	310	393	514	347	426	502	684	358	509	457	599	797	422	398	339	704	511	319	795	493	518	523	438	606	0	544	503	587	598	732	574	658	736	527	645	303	740	462	338	443	554	738	413	357	555	427	664	723	730	
551	799	456	531	712	482	629	789	431	555	632	607	789	698	670	770	568	679	652	486	352	409	451	665	707	482	371	373	626	343	742	570	711	399	445	783	544	0	312	335	409	412	478	555	387	665	478	524	366	624	531	521	718	568	457	337	781	448	538	477	515	
595	661	529	628	696	674	333	599	349	327	440	622	575	615	578	554	609	306	790	413	762	771	494	358	750	495	729	461	574	762	481	373	454	615	345	344	503	312	0	663	492	706	363	389	489	788	461	659	360	534	682	767	520	707	452	560	608	335	738	465	416	
408	591	430	623	778	731	640	401	654	413	672	419	626	508	363	494	373	470	711	481	678	509	331	402	439	667	622	590	407	451	733	354	410	403	644	721	587	335	663	0	333	349	668	625	788	574	743	688	745	727	702	322	765	430	723	761	563	480	492	374	334	
321	335	338	614	440	471	611	325	452	460	595	416	713	461	666	527	561	655	646	661	508	702	610	682	317	618	797	671	759	785	746	345	448	701	423	712	598	409	492	333	0	551	608	484	302	740	716	441	355	407	797	310	462	688	620	787	797	420	518	700	589	
314	353	496	406	429	516	740	408	427	664	580	544	363	742	315	353	638	450	430	429	682	350	670	676	444	447	326	543	720	687	426	392	331	749	711	434	732	412	706	349	551	0	683	799	353	651	502	745	793	623	766	464	415	317	710	790	433	755	486	632	414	
335	723	714	572	475	706	568	506	410	500	394	370	621	442	421	428	696	351	422	484	356	753	435	772	417	350	393	608	446	427	392	476	721	660	602	659	574	478	363	668	608	683	0	570	444	499	508	614	514	650	583	750	473	529	549	607	358	613	619	329	710	
539	371	530	425	326	639	517	756	631	720	389	555	499	471	574	761	603	647	574	762	474	738	551	602	440	643	605	705	381	755	611	583	343	735	590	625	658	555	389	625	484	799	570	0	592	331	602	719	516	383	739	431	307	653	350	733	510	675	603	681	790	
752	348	756	514	700	537	493	316	327	332	537	722	662	449	645	391	786	525	568	585	477	775	300	614	341	724	421	763	467	565	307	775	644	402	676	400	736	387	489	788	302	353	444	592	0	305	643	305	454	572	315	309	311	687	305	374	706	756	746	499	338	
641	309	333	798	535	591	439	347	708	359	377	302	333	537	376	600	304	541	620	369	710	498	722	755	735	793	607	508	335	538	524	654	598	404	536	454	527	665	788	574	740	651	499	331	305	0	423	434	496	394	357	611	730	659	766	782	472	750	760	538	405	
369	689	563	328	633	659	495	683	326	710	394	459	327	355	601	683	315	356	577	797	496	462	685	432	397	634	341	381	791	621	782	709	657	767	541	441	645	478	461	743	716	502	508	602	643	423	0	554	577	360	680	538	623	738	542	348	537	564	609	403	571	
645	724	398	764	639	675	648	765	446	402	488	569	503	558	749	657	673	548	401	780	565	582	308	616	694	609	712	551	615	601	662	748	739	508	575	394	303	524	659	688	441	745	614	719	305	434	554	0	537	483	514	385	405	341	382	732	603	340	532	723	797	
612	489	595	487	413	594	442	615	314	413	692	778	303	635	427	337	401	557	687	443	661	520	593	629	681	332	694	774	590	560	739	782	739	496	593	437	740	366	360	745	355	793	514	516	454	496	577	537	0	697	587	399	681	473	558	633	328	350	694	312	775	
656	615	447	780	619	388	684	664	569	490	661	527	462	315	603	353	688	328	617	399	344	756	702	300	635	721	751	474	591	716	669	775	733	711	672	737	462	624	534	727	407	623	650	383	572	394	360	483	697	0	333	612	309	623	666	396	401	464	720	477	422	
326	408	396	549	384	726	789	577	376	706	727	498	786	739	379	468	456	387	645	309	456	483	793	609	356	760	385	791	535	625	616	662	745	760	797	698	338	531	682	702	797	766	583	739	315	357	680	514	587	333	0	407	440	396	742	659	352	748	693	688	492	
676	426	734	573	313	315	698	670	615	317	718	783	490	482	604	493	423	398	769	606	778	383	778	776	680	540	712	601	466	339	468	624	371	564	666	394	443	521	767	322	310	464	750	431	309	611	538	385	399	612	407	0	326	366	640	333	369	788	781	342	526	
561	581	729	572	703	609	675	501	605	331	301	340	509	478	744	329	468	301	497	519	601	678	350	310	324	514	526	668	637	487	447	312	530	379	443	338	554	718	520	765	462	415	473	307	311	730	623	405	681	309	440	326	0	764	669	471	791	407	542	766	684	
363	681	784	521	774	590	536	602	495	579	364	762	604	504	778	514	420	562	751	776	570	316	650	543	602	357	600	646	515	787	332	604	649	733	673	344	738	568	707	430	688	317	529	653	687	659	738	341	473	623	396	366	764	0	767	665	675	681	776	312	718	
653	377	525	678	401	478	740	573	756	403	422	663	656	501	432	734	668	740	557	312	433	539	477	518	638	759	564	503	612	785	564	302	563	349	305	315	413	457	452	723	620	710	549	350	305	766	542	382	558	666	742	640	669	767	0	693	396	539	436	496	379	
735	715	630	588	675	430	546	552	677	504	461	310	486	457	429	606	415	351	627	534	790	696	798	304	384	644	618	651	795	797	529	568	300	347	399	696	357	337	560	761	787	790	607	733	374	782	348	732	633	396	659	333	471	665	693	0	435	520	452	772	696	
739	487	580	560	592	442	440	640	477	715	783	356	495	329	658	352	689	571	583	743	713	514	533	455	642	421	690	600	398	659	383	504	498	710	777	764	555	781	608	563	797	433	358	510	706	472	537	603	328	401	352	369	791	675	396	435	0	569	480	771	670	
319	748	578	763	453	319	480	721	531	548	304	565	670	776	545	734	578	427	453	697	452	710	732	775	470	315	778	301	795	350	349	387	541	682	489	504	427	448	335	480	420	755	613	675	756	750	564	340	350	464	748	788	407	681	539	520	569	0	403	634	758	
649	471	489	456	400	517	714	636	710	776	773	438	785	311	400	791	546	723	495	341	375	335	735	527	714	550	698	696	419	739	672	491	732	704	641	644	664	538	738	492	518	486	619	603	746	760	609	532	694	720	693	781	542	776	436	452	480	403	0	730	544	
704	422	434	588	564	334	536	621	303	632	439	462	700	349	455	481	476	568	755	533	395	501	775	374	680	763	360	552	495	679	769	721	443	748	346	443	723	477	465	374	700	632	329	681	499	538	403	723	312	477	688	342	766	312	496	772	771	634	730	0	503	
339	700	362	310	620	660	610	714	388	524	702	628	301	572	315	377	693	542	305	309	384	345	738	508	368	556	697	525	541	342	357	513	318	667	440	722	730	515	416	334	589	414	710	790	338	405	571	797	775	422	492	526	684	718	379	696	670	758	544	503	0	
etats
Id_Station	Poids W	Min (P)	WSPT	Priorité	
1	7	301	33,44	1	
2	1	301	33,44	2	
3	4	302	33,56	3	
4	5	302	33,56	4	
5	9	308	34,22	5	
6	2	311	34,56	6	
7	9	311	34,56	7	
8	3	315	35,00	8	
9	8	328	36,44	9	
10	9	303	37,88	10	
11	8	306	38,25	11	
12	1	310	38,75	12	
13	1	311	38,88	13	
14	1	302	43,14	14	
15	3	302	43,14	15	
16	1	303	43,29	16	
17	1	311	44,43	17	
18	1	314	44,86	18	
19	2	314	44,86	19	
20	1	318	45,43	20	
21	5	319	45,57	21	
22	8	308	51,33	22	
23	6	308	51,33	23	
24	9	328	54,67	24	
25	8	301	60,20	25	
26	8	301	60,20	26	
27	1	303	60,60	27	
28	9	307	61,40	28	
29	3	315	63,00	29	
30	8	300	75,00	30	
31	8	305	76,25	31	
32	7	315	78,75	32	
33	1	301	100,33	33	
34	1	302	100,67	34	
35	1	304	101,33	35	
36	3	306	102,00	36	
37	5	333	111,00	37	
38	1	300	150,00	38	
39	2	301	150,50	39	
40	6	303	151,50	40	
41	4	304	152,00	41	
42	5	304	152,00	42	
43	4	305	152,50	43	
44	6	305	152,50	44	
45	9	305	152,50	45	
46	1	306	153,00	46	
47	1	311	155,50	47	
48	6	313	156,50	48	
49	4	320	160,00	49	
50	6	300	300,00	50	
51	7	300	300,00	51	
52	5	302	302,00	52	
53	9	303	303,00	53	
54	4	303	303,00	54	
55	9	304	304,00	55	
56	8	305	305,00	56	
57	5	306	306,00	57	
58	1	307	307,00	58	
59	3	308	308,00	59	
60	6	313	313,00	60	

