distances
0	765	429	673	757	432	525	686	743	645	405	729	642	611	636	349	739	390	496	544	730	782	576	454	354	568	645	735	755	340	742	626	506	752	336	504	541	326	622	666	718	455	357	712	341	685	556	771	326	606	704	671	517	584	343	465	787	483	401	512	742	
765	0	589	523	346	692	708	415	320	583	652	389	620	572	610	611	619	341	316	317	539	523	474	543	589	787	715	654	362	612	598	659	342	677	743	333	601	675	304	608	479	655	479	614	381	613	425	630	424	735	432	716	384	347	537	391	721	766	545	758	720	
429	589	0	309	604	329	337	447	680	656	366	607	694	688	613	552	313	532	410	310	433	663	793	666	316	636	300	408	579	426	624	490	794	462	639	435	633	563	332	468	587	449	330	523	302	354	453	455	603	503	574	568	672	392	611	373	456	376	493	638	450	
673	523	309	0	612	545	788	312	586	513	633	351	358	368	630	717	655	766	488	703	446	665	648	447	719	561	634	476	536	302	408	659	458	416	338	485	603	329	448	308	571	302	594	598	424	546	676	651	380	406	334	637	502	528	357	744	486	653	499	596	771	
757	346	604	612	0	558	713	611	742	535	369	668	332	681	614	678	758	589	677	334	506	688	702	428	429	752	346	731	467	612	615	631	536	300	610	350	593	506	579	385	710	710	571	623	506	654	702	502	463	420	324	414	595	433	339	576	405	424	655	661	772	
432	692	329	545	558	0	527	602	736	417	374	486	649	786	308	458	686	336	405	669	336	300	444	510	577	557	519	637	739	392	599	706	699	683	543	681	457	682	331	701	481	466	505	790	467	705	705	643	707	455	675	586	475	774	447	311	469	510	349	455	679	
525	708	337	788	713	527	0	793	737	599	580	689	597	354	378	650	727	408	580	413	705	497	372	653	648	378	446	451	653	690	776	383	543	394	785	689	579	310	560	715	338	418	620	539	699	792	757	593	506	536	507	317	625	493	422	639	782	747	474	385	730	
686	415	447	312	611	602	793	0	370	747	556	491	406	577	354	558	546	599	389	322	621	398	588	617	786	602	314	321	365	430	408	677	681	506	705	665	582	652	556	480	496	588	428	742	473	523	765	791	325	720	727	560	760	676	447	565	433	779	690	319	561	
743	320	680	586	742	736	737	370	0	762	504	630	306	650	669	659	383	621	532	472	704	525	417	395	741	702	433	458	554	375	342	529	786	695	641	449	376	547	734	659	376	561	416	495	306	356	402	311	473	397	638	527	331	674	630	634	442	444	443	316	597	
645	583	656	513	535	417	599	747	762	0	759	398	332	562	665	396	352	646	322	377	783	468	777	340	761	490	413	584	588	517	557	453	438	478	572	672	398	373	316	747	597	317	776	346	565	770	714	418	440	411	413	519	449	757	560	386	678	722	786	424	478	
405	652	366	633	369	374	580	556	504	759	0	738	502	577	756	672	393	460	727	660	611	771	434	377	664	738	614	415	359	735	331	598	606	638	304	581	406	540	583	694	388	312	646	369	386	733	437	326	565	793	378	697	586	565	695	709	670	360	317	434	321	
729	389	607	351	668	486	689	491	630	398	738	0	779	644	584	666	530	712	377	320	518	708	411	733	651	749	436	512	353	346	631	665	401	529	680	617	726	403	378	348	518	648	746	724	414	477	633	499	696	587	646	567	599	683	560	736	301	338	361	667	327	
642	620	694	358	332	649	597	406	306	332	502	779	0	595	465	485	592	496	445	599	418	325	758	314	302	778	595	772	469	429	722	666	565	561	317	779	557	618	358	562	372	728	733	429	352	567	469	467	534	660	485	535	727	371	767	735	459	640	439	304	314	
611	572	688	368	681	786	354	577	650	562	577	644	595	0	605	616	417	565	554	761	400	485	735	360	466	617	411	424	327	651	376	738	791	403	585	512	320	307	461	518	741	636	672	690	776	488	742	756	586	543	745	765	476	438	595	488	355	708	527	425	688	
636	610	613	630	614	308	378	354	669	665	756	584	465	605	0	406	627	541	347	478	729	456	333	666	450	470	535	362	666	400	653	590	708	544	706	385	785	587	439	631	497	649	636	633	509	616	469	340	614	769	749	589	342	476	578	694	499	531	419	476	552	
349	611	552	717	678	458	650	558	659	396	672	666	485	616	406	0	639	749	688	644	306	702	368	404	679	481	665	507	622	518	778	497	652	679	720	636	700	425	607	509	352	322	697	302	746	529	425	724	769	674	350	549	677	527	560	717	794	505	340	431	607	
739	619	313	655	758	686	727	546	383	352	393	530	592	417	627	639	0	548	655	653	414	322	782	512	636	663	396	759	605	474	590	417	778	525	506	445	720	336	687	380	608	690	422	715	398	701	415	444	795	480	570	376	580	567	516	558	577	683	478	364	462	
390	341	532	766	589	336	408	599	621	646	460	712	496	565	541	749	548	0	470	474	319	666	313	465	561	462	733	691	305	730	541	737	757	772	393	562	780	472	649	731	583	415	753	635	439	588	684	769	333	752	589	493	445	598	384	360	522	455	606	663	431	
496	316	410	488	677	405	580	389	532	322	727	377	445	554	347	688	655	470	0	707	568	622	463	639	714	432	668	444	305	325	606	601	508	697	446	698	402	749	659	318	577	794	663	745	726	530	439	354	470	409	468	395	442	373	552	389	583	522	510	442	603	
544	317	310	703	334	669	413	322	472	377	660	320	599	761	478	644	653	474	707	0	336	489	433	341	599	366	655	688	311	670	579	349	569	636	612	317	778	787	553	643	464	495	339	396	694	380	339	639	509	712	597	748	336	618	310	636	583	746	638	679	310	
730	539	433	446	506	336	705	621	704	783	611	518	418	400	729	306	414	319	568	336	0	708	584	703	635	467	547	372	511	588	684	677	316	643	477	545	528	303	692	436	493	385	463	794	715	314	681	788	751	770	540	562	563	578	390	774	690	412	303	527	710	
782	523	663	665	688	300	497	398	525	468	771	708	325	485	456	702	322	666	622	489	708	0	532	552	489	347	447	545	420	329	587	381	715	378	524	779	397	548	537	670	657	699	608	538	534	711	540	725	338	668	652	799	782	628	766	437	564	731	799	551	747	
576	474	793	648	702	444	372	588	417	777	434	411	758	735	333	368	782	313	463	433	584	532	0	551	432	325	627	484	736	434	559	592	448	466	746	362	387	732	595	642	580	575	700	646	557	733	399	705	603	490	594	360	464	530	682	590	302	736	651	563	746	
454	543	666	447	428	510	653	617	395	340	377	733	314	360	666	404	512	465	639	341	703	552	551	0	775	778	664	631	536	554	568	385	318	575	401	334	616	454	470	679	490	424	512	497	587	597	380	524	520	483	307	703	594	683	676	446	728	401	503	688	646	
354	589	316	719	429	577	648	786	741	761	664	651	302	466	450	679	636	561	714	599	635	489	432	775	0	406	702	682	336	722	654	731	440	441	322	480	594	413	741	466	619	337	593	648	360	472	580	692	509	625	599	635	674	577	749	370	411	478	331	589	528	
568	787	636	561	752	557	378	602	702	490	738	749	778	617	470	481	663	462	432	366	467	347	325	778	406	0	642	316	702	563	692	773	724	568	587	453	680	491	320	456	721	522	497	663	617	435	625	510	508	344	788	790	480	532	342	588	559	752	362	308	620	
645	715	300	634	346	519	446	314	433	413	614	436	595	411	535	665	396	733	668	655	547	447	627	664	702	642	0	561	667	761	730	780	428	501	342	470	613	541	619	609	751	528	667	467	706	574	457	327	598	676	319	398	473	735	502	699	575	534	607	751	596	
735	654	408	476	731	637	451	321	458	584	415	512	772	424	362	507	759	691	444	688	372	545	484	631	682	316	561	0	406	798	561	328	685	325	472	770	562	604	394	560	315	444	661	667	415	688	374	776	616	360	464	575	541	350	751	476	461	669	627	403	790	
755	362	579	536	467	739	653	365	554	588	359	353	469	327	666	622	605	305	305	311	511	420	736	536	336	702	667	406	0	470	753	645	727	654	406	320	522	468	357	543	406	773	497	371	321	660	572	343	687	605	704	505	520	520	439	655	303	607	461	488	438	
340	612	426	302	612	392	690	430	375	517	735	346	429	651	400	518	474	730	325	670	588	329	434	554	722	563	761	798	470	0	589	446	382	404	479	612	373	569	531	698	518	619	742	394	598	709	378	335	489	355	456	607	312	519	478	597	331	456	445	567	667	
742	598	624	408	615	599	776	408	342	557	331	631	722	376	653	778	590	541	606	579	684	587	559	568	654	692	730	561	753	589	0	416	752	551	324	394	451	685	319	483	418	785	692	438	627	680	319	777	554	487	612	469	651	394	568	714	557	442	315	779	497	
626	659	490	659	631	706	383	677	529	453	598	665	666	738	590	497	417	737	601	349	677	381	592	385	731	773	780	328	645	446	416	0	509	406	616	763	435	489	784	483	643	379	509	436	527	436	517	618	318	555	378	650	646	492	713	317	394	553	400	302	446	
506	342	794	458	536	699	543	681	786	438	606	401	565	791	708	652	778	757	508	569	316	715	448	318	440	724	428	685	727	382	752	509	0	521	492	686	432	508	732	536	761	540	598	409	559	733	446	773	376	575	514	582	731	522	434	425	483	618	466	543	545	
752	677	462	416	300	683	394	506	695	478	638	529	561	403	544	679	525	772	697	636	643	378	466	575	441	568	501	325	654	404	551	406	521	0	415	330	322	459	581	562	779	642	578	709	702	404	625	317	572	706	477	525	557	592	603	609	310	351	417	427	513	
336	743	639	338	610	543	785	705	641	572	304	680	317	585	706	720	506	393	446	612	477	524	746	401	322	587	342	472	406	479	324	616	492	415	0	588	721	552	764	557	359	616	584	431	684	509	434	333	527	396	570	612	701	353	566	717	571	536	647	499	327	
504	333	435	485	350	681	689	665	449	672	581	617	779	512	385	636	445	562	698	317	545	779	362	334	480	453	470	770	320	612	394	763	686	330	588	0	627	515	331	377	477	724	761	794	405	384	534	332	546	418	527	779	456	593	487	463	760	630	402	664	339	
541	601	633	603	593	457	579	582	376	398	406	726	557	320	785	700	720	780	402	778	528	397	387	616	594	680	613	562	522	373	451	435	432	322	721	627	0	736	606	669	662	303	443	505	377	451	408	653	328	575	323	678	563	469	667	407	313	459	323	698	497	
326	675	563	329	506	682	310	652	547	373	540	403	618	307	587	425	336	472	749	787	303	548	732	454	413	491	541	604	468	569	685	489	508	459	552	515	736	0	325	576	306	635	713	562	419	677	646	432	613	411	735	643	727	536	313	774	650	354	446	310	617	
622	304	332	448	579	331	560	556	734	316	583	378	358	461	439	607	687	649	659	553	692	537	595	470	741	320	619	394	357	531	319	784	732	581	764	331	606	325	0	398	796	305	329	682	628	603	335	789	530	451	722	471	586	759	397	642	786	566	702	678	682	
666	608	468	308	385	701	715	480	659	747	694	348	562	518	631	509	380	731	318	643	436	670	642	679	466	456	609	560	543	698	483	483	536	562	557	377	669	576	398	0	451	486	566	621	796	690	774	689	465	610	320	452	444	337	608	697	686	596	449	306	789	
718	479	587	571	710	481	338	496	376	597	388	518	372	741	497	352	608	583	577	464	493	657	580	490	619	721	751	315	406	518	418	643	761	779	359	477	662	306	796	451	0	649	502	573	743	518	467	329	306	628	540	549	650	787	341	760	471	514	345	469	363	
455	655	449	302	710	466	418	588	561	317	312	648	728	636	649	322	690	415	794	495	385	699	575	424	337	522	528	444	773	619	785	379	540	642	616	724	303	635	305	486	649	0	313	646	746	665	487	714	585	468	651	748	620	645	657	452	311	561	452	767	301	
357	479	330	594	571	505	620	428	416	776	646	746	733	672	636	697	422	753	663	339	463	608	700	512	593	497	667	661	497	742	692	509	598	578	584	761	443	713	329	566	502	313	0	671	489	460	451	510	746	623	490	430	785	446	372	497	419	769	451	537	416	
712	614	523	598	623	790	539	742	495	346	369	724	429	690	633	302	715	635	745	396	794	538	646	497	648	663	467	667	371	394	438	436	409	709	431	794	505	562	682	621	573	646	671	0	627	687	312	523	389	774	758	445	620	522	352	678	752	692	758	305	391	
341	381	302	424	506	467	699	473	306	565	386	414	352	776	509	746	398	439	726	694	715	534	557	587	360	617	706	415	321	598	627	527	559	702	684	405	377	419	628	796	743	746	489	627	0	360	731	712	716	421	678	688	301	725	641	306	440	657	342	447	502	
685	613	354	546	654	705	792	523	356	770	733	477	567	488	616	529	701	588	530	380	314	711	733	597	472	435	574	688	660	709	680	436	733	404	509	384	451	677	603	690	518	665	460	687	360	0	775	395	493	381	493	491	750	627	590	746	490	583	799	394	323	
556	425	453	676	702	705	757	765	402	714	437	633	469	742	469	425	415	684	439	339	681	540	399	380	580	625	457	374	572	378	319	517	446	625	434	534	408	646	335	774	467	487	451	312	731	775	0	401	533	472	613	709	386	749	720	712	420	378	646	681	712	
771	630	455	651	502	643	593	791	311	418	326	499	467	756	340	724	444	769	354	639	788	725	705	524	692	510	327	776	343	335	777	618	773	317	333	332	653	432	789	689	329	714	510	523	712	395	401	0	578	469	782	442	438	520	541	525	597	736	490	517	765	
326	424	603	380	463	707	506	325	473	440	565	696	534	586	614	769	795	333	470	509	751	338	603	520	509	508	598	616	687	489	554	318	376	572	527	546	328	613	530	465	306	585	746	389	716	493	533	578	0	323	359	640	531	556	343	715	591	386	642	572	757	
606	735	503	406	420	455	536	720	397	411	793	587	660	543	769	674	480	752	409	712	770	668	490	483	625	344	676	360	605	355	487	555	575	706	396	418	575	411	451	610	628	468	623	774	421	381	472	469	323	0	398	302	408	447	791	339	689	316	410	622	366	
704	432	574	334	324	675	507	727	638	413	378	646	485	745	749	350	570	589	468	597	540	652	594	307	599	788	319	464	704	456	612	378	514	477	570	527	323	735	722	320	540	651	490	758	678	493	613	782	359	398	0	725	613	647	640	362	452	350	586	711	555	
671	716	568	637	414	586	317	560	527	519	697	567	535	765	589	549	376	493	395	748	562	799	360	703	635	790	398	575	505	607	469	650	582	525	612	779	678	643	471	452	549	748	430	445	688	491	709	442	640	302	725	0	645	795	339	763	755	501	660	725	647	
517	384	672	502	595	475	625	760	331	449	586	599	727	476	342	677	580	445	442	336	563	782	464	594	674	480	473	541	520	312	651	646	731	557	701	456	563	727	586	444	650	620	785	620	301	750	386	438	531	408	613	645	0	441	388	467	447	584	526	561	501	
584	347	392	528	433	774	493	676	674	757	565	683	371	438	476	527	567	598	373	618	578	628	530	683	577	532	735	350	520	519	394	492	522	592	353	593	469	536	759	337	787	645	446	522	725	627	749	520	556	447	647	795	441	0	653	746	470	517	551	575	663	
343	537	611	357	339	447	422	447	630	560	695	560	767	595	578	560	516	384	552	310	390	766	682	676	749	342	502	751	439	478	568	713	434	603	566	487	667	313	397	608	341	657	372	352	641	590	720	541	343	791	640	339	388	653	0	432	312	313	782	549	651	
465	391	373	744	576	311	639	565	634	386	709	736	735	488	694	717	558	360	389	636	774	437	590	446	370	588	699	476	655	597	714	317	425	609	717	463	407	774	642	697	760	452	497	678	306	746	712	525	715	339	362	763	467	746	432	0	417	354	520	764	562	
787	721	456	486	405	469	782	433	442	678	670	301	459	355	499	794	577	522	583	583	690	564	302	728	411	559	575	461	303	331	557	394	483	310	571	760	313	650	786	686	471	311	419	752	440	490	420	597	591	689	452	755	447	470	312	417	0	430	300	736	596	
483	766	376	653	424	510	747	779	444	722	360	338	640	708	531	505	683	455	522	746	412	731	736	401	478	752	534	669	607	456	442	553	618	351	536	630	459	354	566	596	514	561	769	692	657	583	378	736	386	316	350	501	584	517	313	354	430	0	587	346	448	
401	545	493	499	655	349	474	690	443	786	317	361	439	527	419	340	478	606	510	638	303	799	651	503	331	362	607	627	461	445	315	400	466	417	647	402	323	446	702	449	345	452	451	758	342	799	646	490	642	410	586	660	526	551	782	520	300	587	0	394	386	
512	758	638	596	661	455	385	319	316	424	434	667	304	425	476	431	364	663	442	679	527	551	563	688	589	308	751	403	488	567	779	302	543	427	499	664	698	310	678	306	469	767	537	305	447	394	681	517	572	622	711	725	561	575	549	764	736	346	394	0	666	
742	720	450	771	772	679	730	561	597	478	321	327	314	688	552	607	462	431	603	310	710	747	746	646	528	620	596	790	438	667	497	446	545	513	327	339	497	617	682	789	363	301	416	391	502	323	712	765	757	366	555	647	501	663	651	562	596	448	386	666	0	
etats
Id_Station	Poids W	Min (P)	WSPT	Priorité	
1	4	301	33,44	1	
2	4	309	34,33	2	
3	8	311	34,56	3	
4	7	300	37,50	4	
5	5	300	37,50	5	
6	4	301	37,63	6	
7	6	303	37,88	7	
8	8	305	38,13	8	
9	4	309	38,63	9	
10	3	315	39,38	10	
11	5	301	43,00	11	
12	8	301	43,00	12	
13	2	303	43,29	13	
14	2	305	43,57	14	
15	4	317	45,29	15	
16	8	342	48,86	16	
17	6	302	50,33	17	
18	4	303	50,50	18	
19	4	305	50,83	19	
20	1	311	51,83	20	
21	6	301	60,20	21	
22	1	302	60,40	22	
23	9	310	62,00	23	
24	9	302	75,50	24	
25	9	302	75,50	25	
26	4	305	76,25	26	
27	2	309	77,25	27	
28	2	315	78,75	28	
29	2	329	82,25	29	
30	1	300	100,00	30	
31	8	300	100,00	31	
32	8	300	100,00	32	
33	6	300	100,00	33	
34	3	301	100,33	34	
35	4	306	102,00	35	
36	1	309	103,00	36	
37	1	310	103,33	37	
38	1	330	110,00	38	
39	8	300	150,00	39	
40	7	301	150,50	40	
41	7	302	151,00	41	
42	6	304	152,00	42	
43	1	308	154,00	43	
44	4	319	159,50	44	
45	1	324	162,00	45	
46	1	300	300,00	46	
47	8	302	302,00	47	
48	2	302	302,00	48	
49	8	303	303,00	49	
50	3	304	304,00	50	
51	8	304	304,00	51	
52	1	305	305,00	52	
53	1	305	305,00	53	
54	7	306	306,00	54	
55	8	306	306,00	55	
56	6	308	308,00	56	
57	1	309	309,00	57	
58	6	309	309,00	58	
59	8	312	312,00	59	
60	4	320	320,00	60	

