distances
0	763	663	700	388	321	720	630	705	562	442	739	305	725	503	344	778	668	557	487	668	579	614	358	629	509	473	410	644	376	408	541	427	452	637	775	329	595	550	429	350	399	494	537	676	693	611	534	707	456	532	328	478	358	324	370	403	412	798	600	601	
763	0	442	665	524	377	384	774	329	702	682	776	452	783	762	793	769	650	657	439	550	458	487	666	572	772	414	441	685	396	772	704	679	757	501	522	447	783	752	577	616	793	348	443	351	386	677	692	384	454	354	313	730	330	452	495	576	390	773	480	393	
663	442	0	363	395	501	782	424	735	772	477	499	753	570	446	445	548	390	527	755	396	626	616	642	557	495	300	302	761	498	722	716	404	499	388	348	491	714	347	625	542	662	536	709	473	308	761	769	706	377	527	778	751	515	316	634	578	469	683	300	469	
700	665	363	0	603	625	753	601	715	768	617	351	681	365	376	788	316	758	387	592	420	543	366	675	432	789	331	602	745	747	666	493	371	546	419	539	535	423	367	455	414	363	467	571	362	582	337	695	379	583	748	459	528	663	414	540	690	403	731	510	440	
388	524	395	603	0	648	419	410	565	336	412	397	515	699	382	718	334	558	423	323	792	390	593	573	367	765	331	323	356	418	625	388	464	486	579	382	365	772	679	725	508	419	654	672	445	672	544	765	721	467	776	648	403	541	418	596	319	388	666	633	426	
321	377	501	625	648	0	453	520	472	783	436	540	418	459	554	379	539	585	412	726	519	588	741	654	433	517	626	481	488	549	528	326	320	678	342	325	672	744	451	688	598	580	749	376	507	521	731	702	307	513	302	623	564	736	315	393	771	480	608	366	663	
720	384	782	753	419	453	0	605	344	692	404	569	420	342	534	411	502	524	657	326	440	500	649	450	758	792	460	644	438	596	663	540	687	370	545	610	451	473	706	726	411	521	713	493	659	778	728	430	744	308	471	768	551	599	488	574	742	582	706	772	325	
630	774	424	601	410	520	605	0	513	376	485	529	620	398	302	799	564	679	642	670	466	601	744	431	584	643	696	534	326	548	703	383	521	638	699	443	645	650	549	466	523	597	772	798	619	641	496	345	417	353	629	744	629	765	405	692	345	675	745	311	623	
705	329	735	715	565	472	344	513	0	541	345	414	379	457	645	402	390	467	442	385	784	386	500	313	638	535	319	396	488	691	566	494	648	358	672	383	499	511	602	361	676	605	577	422	491	368	580	601	561	337	502	717	712	781	343	519	799	379	431	343	562	
562	702	772	768	336	783	692	376	541	0	444	499	746	768	492	345	740	732	514	363	564	360	562	470	743	757	632	492	647	495	434	319	636	774	661	560	546	453	359	724	621	376	691	333	369	462	642	730	431	778	470	358	354	770	624	561	460	577	684	599	601	
442	682	477	617	412	436	404	485	345	444	0	798	347	702	777	596	382	660	779	696	572	678	388	546	513	489	781	683	658	603	660	655	759	344	686	343	505	387	475	696	506	322	789	771	377	704	790	788	745	678	326	714	796	380	698	449	615	743	448	541	349	
739	776	499	351	397	540	569	529	414	499	798	0	765	754	768	681	300	675	317	604	478	657	608	697	442	636	592	788	777	595	418	636	481	489	590	503	745	513	797	441	546	322	684	596	749	659	643	526	471	493	562	406	694	322	637	645	702	713	406	506	448	
305	452	753	681	515	418	420	620	379	746	347	765	0	530	576	358	749	563	433	393	349	419	699	734	544	399	438	791	368	616	467	634	694	673	721	598	325	588	399	465	355	579	657	655	340	494	414	786	505	341	483	558	586	368	512	508	552	504	496	536	490	
725	783	570	365	699	459	342	398	457	768	702	754	530	0	306	613	405	769	474	510	779	476	794	684	481	791	756	512	344	589	556	495	383	446	310	585	370	783	308	706	357	465	749	399	653	657	613	301	485	429	570	627	699	466	765	411	438	577	620	464	442	
503	762	446	376	382	554	534	302	645	492	777	768	576	306	0	628	601	520	698	646	703	317	471	597	526	783	720	316	576	638	410	561	536	647	367	513	399	651	601	730	452	580	597	549	331	709	679	511	641	566	557	496	341	325	683	379	747	692	751	687	778	
344	793	445	788	718	379	411	799	402	345	596	681	358	613	628	0	718	707	756	315	760	753	579	667	502	387	606	625	535	650	794	557	738	503	749	405	317	705	380	683	378	669	638	438	359	383	468	792	418	728	487	482	642	771	387	555	558	737	422	547	752	
778	769	548	316	334	539	502	564	390	740	382	300	749	405	601	718	0	623	592	568	577	434	737	305	466	385	530	469	378	330	418	648	681	658	664	490	376	796	469	538	667	664	673	456	767	545	758	348	336	649	499	355	725	620	656	786	537	575	797	616	353	
668	650	390	758	558	585	524	679	467	732	660	675	563	769	520	707	623	0	609	626	732	733	621	391	514	462	370	386	400	346	397	542	777	489	488	412	676	498	437	641	535	379	383	790	335	534	643	635	440	565	602	457	437	504	405	439	300	710	731	320	586	
557	657	527	387	423	412	657	642	442	514	779	317	433	474	698	756	592	609	0	430	671	761	673	662	654	588	301	787	764	359	422	371	626	540	760	381	637	552	477	659	367	708	706	431	690	684	578	376	492	670	546	597	504	792	541	648	367	533	461	340	455	
487	439	755	592	323	726	326	670	385	363	696	604	393	510	646	315	568	626	430	0	660	557	694	759	670	680	549	773	568	383	739	688	482	516	346	639	740	348	391	570	554	757	410	499	380	675	492	366	421	729	676	569	688	652	545	552	516	683	509	480	654	
668	550	396	420	792	519	440	466	784	564	572	478	349	779	703	760	577	732	671	660	0	747	758	386	366	495	481	365	662	463	657	679	716	586	748	408	438	423	492	650	741	687	656	476	690	626	337	622	485	739	501	772	519	358	434	608	613	541	544	676	771	
579	458	626	543	390	588	500	601	386	360	678	657	419	476	317	753	434	733	761	557	747	0	466	799	633	747	508	659	722	388	451	324	394	378	626	393	719	312	522	677	314	382	380	543	389	691	626	676	536	477	396	624	649	600	673	657	660	395	513	530	571	
614	487	616	366	593	741	649	744	500	562	388	608	699	794	471	579	737	621	673	694	758	466	0	303	774	771	655	535	484	792	443	721	742	772	308	746	437	599	318	777	518	631	730	489	478	506	330	412	685	713	328	316	445	472	434	560	634	303	309	462	386	
358	666	642	675	573	654	450	431	313	470	546	697	734	684	597	667	305	391	662	759	386	799	303	0	795	735	752	711	750	758	498	796	627	629	748	545	520	515	636	792	390	363	532	586	448	715	502	752	631	510	324	784	365	512	731	657	795	545	369	396	421	
629	572	557	432	367	433	758	584	638	743	513	442	544	481	526	502	466	514	654	670	366	633	774	795	0	492	636	555	629	784	643	576	482	725	587	320	632	776	380	754	571	470	566	736	702	623	752	668	360	437	453	336	763	676	686	641	648	398	630	785	716	
509	772	495	789	765	517	792	643	535	757	489	636	399	791	783	387	385	462	588	680	495	747	771	735	492	0	442	472	562	707	558	676	573	749	550	545	459	513	668	324	491	724	763	510	430	391	396	685	317	615	622	305	414	527	433	515	572	789	551	550	728	
473	414	300	331	331	626	460	696	319	632	781	592	438	756	720	606	530	370	301	549	481	508	655	752	636	442	0	333	605	565	445	679	468	799	744	623	656	631	359	464	348	610	400	497	617	477	786	417	572	360	422	661	739	610	587	461	355	584	763	329	658	
410	441	302	602	323	481	644	534	396	492	683	788	791	512	316	625	469	386	787	773	365	659	535	711	555	472	333	0	533	783	344	577	325	505	549	591	348	313	419	646	695	497	491	432	778	785	308	579	560	792	610	475	647	368	498	415	591	584	544	581	765	
644	685	761	745	356	488	438	326	488	647	658	777	368	344	576	535	378	400	764	568	662	722	484	750	629	562	605	533	0	341	781	440	621	658	618	475	603	336	692	331	599	348	645	450	465	609	668	641	404	777	504	327	620	611	568	512	660	599	776	706	657	
376	396	498	747	418	549	596	548	691	495	603	595	616	589	638	650	330	346	359	383	463	388	792	758	784	707	565	783	341	0	321	736	462	374	617	427	370	658	462	569	429	672	332	693	499	778	373	549	774	613	766	519	466	488	311	738	570	782	402	507	437	
408	772	722	666	625	528	663	703	566	434	660	418	467	556	410	794	418	397	422	739	657	451	443	498	643	558	445	344	781	321	0	403	528	752	414	330	736	350	641	715	612	479	757	437	700	586	322	391	723	491	537	609	462	361	798	684	598	536	565	486	783	
541	704	716	493	388	326	540	383	494	319	655	636	634	495	561	557	648	542	371	688	679	324	721	796	576	676	679	577	440	736	403	0	357	591	791	716	669	361	589	773	709	658	513	444	645	447	477	411	657	571	549	569	794	416	678	388	469	564	582	384	575	
427	679	404	371	464	320	687	521	648	636	759	481	694	383	536	738	681	777	626	482	716	394	742	627	482	573	468	325	621	462	528	357	0	450	642	405	590	562	621	327	698	768	649	319	794	651	510	703	732	695	487	758	426	448	304	572	702	678	396	515	766	
452	757	499	546	486	678	370	638	358	774	344	489	673	446	647	503	658	489	540	516	586	378	772	629	725	749	799	505	658	374	752	591	450	0	632	758	357	341	606	334	621	346	597	488	397	441	661	381	555	415	490	587	377	605	531	538	648	523	618	391	762	
637	501	388	419	579	342	545	699	672	661	686	590	721	310	367	749	664	488	760	346	748	626	308	748	587	550	744	549	618	617	414	791	642	632	0	325	405	427	614	502	607	710	489	437	688	605	387	616	779	594	368	763	750	633	351	790	511	442	797	476	426	
775	522	348	539	382	325	610	443	383	560	343	503	598	585	513	405	490	412	381	639	408	393	746	545	320	545	623	591	475	427	330	716	405	758	325	0	422	596	779	710	764	627	392	687	433	616	661	680	749	482	760	424	631	496	711	401	649	437	516	658	674	
329	447	491	535	365	672	451	645	499	546	505	745	325	370	399	317	376	676	637	740	438	719	437	520	632	459	656	348	603	370	736	669	590	357	405	422	0	360	444	528	795	752	746	768	713	767	794	715	725	467	339	332	389	512	736	632	342	674	675	727	511	
595	783	714	423	772	744	473	650	511	453	387	513	588	783	651	705	796	498	552	348	423	312	599	515	776	513	631	313	336	658	350	361	562	341	427	596	360	0	598	629	632	637	692	449	786	614	333	544	484	618	625	398	530	557	414	624	764	664	559	465	307	
550	752	347	367	679	451	706	549	602	359	475	797	399	308	601	380	469	437	477	391	492	522	318	636	380	668	359	419	692	462	641	589	621	606	614	779	444	598	0	339	764	588	560	405	599	669	438	705	412	410	306	647	365	476	423	508	636	326	362	402	671	
429	577	625	455	725	688	726	466	361	724	696	441	465	706	730	683	538	641	659	570	650	677	777	792	754	324	464	646	331	569	715	773	327	334	502	710	528	629	339	0	769	704	593	390	599	374	376	491	775	352	723	402	470	620	717	477	635	527	359	341	679	
350	616	542	414	508	598	411	523	676	621	506	546	355	357	452	378	667	535	367	554	741	314	518	390	571	491	348	695	599	429	612	709	698	621	607	764	795	632	764	769	0	394	682	734	754	429	598	400	609	339	727	752	545	730	793	707	589	389	512	348	468	
399	793	662	363	419	580	521	597	605	376	322	322	579	465	580	669	664	379	708	757	687	382	631	363	470	724	610	497	348	672	479	658	768	346	710	627	752	637	588	704	394	0	505	716	737	667	354	579	410	627	612	680	784	438	756	333	320	492	799	379	378	
494	348	536	467	654	749	713	772	577	691	789	684	657	749	597	638	673	383	706	410	656	380	730	532	566	763	400	491	645	332	757	513	649	597	489	392	746	692	560	593	682	505	0	688	573	587	549	722	539	605	483	359	386	362	465	589	519	499	387	474	461	
537	443	709	571	672	376	493	798	422	333	771	596	655	399	549	438	456	790	431	499	476	543	489	586	736	510	497	432	450	693	437	444	319	488	437	687	768	449	405	390	734	716	688	0	429	719	784	737	303	506	439	360	328	300	455	755	560	751	387	397	358	
676	351	473	362	445	507	659	619	491	369	377	749	340	653	331	359	767	335	690	380	690	389	478	448	702	430	617	778	465	499	700	645	794	397	688	433	713	786	599	599	754	737	573	429	0	326	684	467	656	463	607	585	585	364	676	535	543	452	317	652	395	
693	386	308	582	672	521	778	641	368	462	704	659	494	657	709	383	545	534	684	675	626	691	506	715	623	391	477	785	609	778	586	447	651	441	605	616	767	614	669	374	429	667	587	719	326	0	403	740	370	457	693	729	366	438	735	437	786	353	397	382	546	
611	677	761	337	544	731	728	496	580	642	790	643	414	613	679	468	758	643	578	492	337	626	330	502	752	396	786	308	668	373	322	477	510	661	387	661	794	333	438	376	598	354	549	784	684	403	0	491	634	388	518	618	357	635	453	480	374	620	650	310	575	
534	692	769	695	765	702	430	345	601	730	788	526	786	301	511	792	348	635	376	366	622	676	412	752	668	685	417	579	641	549	391	411	703	381	616	680	715	544	705	491	400	579	722	737	467	740	491	0	622	473	390	727	307	382	475	562	560	371	306	710	759	
707	384	706	379	721	307	744	417	561	431	745	471	505	485	641	418	336	440	492	421	485	536	685	631	360	317	572	560	404	774	723	657	732	555	779	749	725	484	412	775	609	410	539	303	656	370	634	622	0	347	318	649	678	486	350	601	542	660	319	428	686	
456	454	377	583	467	513	308	353	337	778	678	493	341	429	566	728	649	565	670	729	739	477	713	510	437	615	360	792	777	613	491	571	695	415	594	482	467	618	410	352	339	627	605	506	463	457	388	473	347	0	357	640	445	301	413	798	597	314	575	314	568	
532	354	527	748	776	302	471	629	502	470	326	562	483	570	557	487	499	602	546	676	501	396	328	324	453	622	422	610	504	766	537	549	487	490	368	760	339	625	306	723	727	612	483	439	607	693	518	390	318	357	0	634	474	402	304	520	513	564	427	763	798	
328	313	778	459	648	623	768	744	717	358	714	406	558	627	496	482	355	457	597	569	772	624	316	784	336	305	661	475	327	519	609	569	758	587	763	424	332	398	647	402	752	680	359	360	585	729	618	727	649	640	634	0	311	448	656	339	566	426	717	502	635	
478	730	751	528	403	564	551	629	712	354	796	694	586	699	341	642	725	437	504	688	519	649	445	365	763	414	739	647	620	466	462	794	426	377	750	631	389	530	365	470	545	784	386	328	585	366	357	307	678	445	474	311	0	632	652	629	663	427	366	575	599	
358	330	515	663	541	736	599	765	781	770	380	322	368	466	325	771	620	504	792	652	358	600	472	512	676	527	610	368	611	488	361	416	448	605	633	496	512	557	476	620	730	438	362	300	364	438	635	382	486	301	402	448	632	0	646	367	562	457	693	714	509	
324	452	316	414	418	315	488	405	343	624	698	637	512	765	683	387	656	405	541	545	434	673	434	731	686	433	587	498	568	311	798	678	304	531	351	711	736	414	423	717	793	756	465	455	676	735	453	475	350	413	304	656	652	646	0	552	496	434	726	423	757	
370	495	634	540	596	393	574	692	519	561	449	645	508	411	379	555	786	439	648	552	608	657	560	657	641	515	461	415	512	738	684	388	572	538	790	401	632	624	508	477	707	333	589	755	535	437	480	562	601	798	520	339	629	367	552	0	518	391	502	745	619	
403	576	578	690	319	771	742	345	799	460	615	702	552	438	747	558	537	300	367	516	613	660	634	795	648	572	355	591	660	570	598	469	702	648	511	649	342	764	636	635	589	320	519	560	543	786	374	560	542	597	513	566	663	562	496	518	0	727	533	780	454	
412	390	469	403	388	480	582	675	379	577	743	713	504	577	692	737	575	710	533	683	541	395	303	545	398	789	584	584	599	782	536	564	678	523	442	437	674	664	326	527	389	492	499	751	452	353	620	371	660	314	564	426	427	457	434	391	727	0	542	527	770	
798	773	683	731	666	608	706	745	431	684	448	406	496	620	751	422	797	731	461	509	544	513	309	369	630	551	763	544	776	402	565	582	396	618	797	516	675	559	362	359	512	799	387	387	317	397	650	306	319	575	427	717	366	693	726	502	533	542	0	377	576	
600	480	300	510	633	366	772	311	343	599	541	506	536	464	687	547	616	320	340	480	676	530	462	396	785	550	329	581	706	507	486	384	515	391	476	658	727	465	402	341	348	379	474	397	652	382	310	710	428	314	763	502	575	714	423	745	780	527	377	0	758	
601	393	469	440	426	663	325	623	562	601	349	448	490	442	778	752	353	586	455	654	771	571	386	421	716	728	658	765	657	437	783	575	766	762	426	674	511	307	671	679	468	378	461	358	395	546	575	759	686	568	798	635	599	509	757	619	454	770	576	758	0	
etats
Id_Station	Poids W	Min (P)	WSPT	Priorité	
1	7	301	33,44	1	
2	4	302	33,56	2	
3	6	302	33,56	3	
4	9	304	33,78	4	
5	6	308	34,22	5	
6	2	311	34,56	6	
7	8	301	37,63	7	
8	7	302	37,75	8	
9	2	303	37,88	9	
10	1	305	38,13	10	
11	7	339	42,38	11	
12	7	302	43,14	12	
13	1	302	43,14	13	
14	3	304	43,43	14	
15	5	305	43,57	15	
16	9	306	43,71	16	
17	2	313	44,71	17	
18	3	316	45,14	18	
19	5	300	50,00	19	
20	5	301	50,17	20	
21	7	302	50,33	21	
22	8	303	50,50	22	
23	4	300	60,00	23	
24	2	301	60,20	24	
25	8	301	60,20	25	
26	5	302	60,40	26	
27	1	305	61,00	27	
28	3	306	61,20	28	
29	6	308	61,60	29	
30	3	310	62,00	30	
31	8	311	62,20	31	
32	1	312	62,40	32	
33	8	321	64,20	33	
34	5	325	65,00	34	
35	9	301	75,25	35	
36	4	302	75,50	36	
37	3	304	76,00	37	
38	3	312	78,00	38	
39	9	314	78,50	39	
40	5	316	79,00	40	
41	5	318	79,50	41	
42	7	322	80,50	42	
43	7	302	100,67	43	
44	1	302	100,67	44	
45	6	303	101,00	45	
46	2	305	101,67	46	
47	1	306	102,00	47	
48	9	306	102,00	48	
49	5	307	102,33	49	
50	9	309	103,00	50	
51	9	319	106,33	51	
52	7	311	155,50	52	
53	7	303	303,00	53	
54	4	304	304,00	54	
55	9	308	308,00	55	
56	3	310	310,00	56	
57	3	311	311,00	57	
58	8	312	312,00	58	
59	2	313	313,00	59	
60	5	320	320,00	60	
