distances
0	601	776	347	704	416	616	681	665	706	715	671	512	320	343	785	743	399	378	596	452	637	342	325	638	377	372	586	663	726	698	345	586	747	603	715	550	377	712	614	555	461	317	760	567	758	460	664	651	328	448	580	714	383	509	344	606	448	589	794	671	
601	0	301	472	480	799	415	391	485	446	561	543	723	578	389	618	395	505	555	353	563	638	590	373	494	682	649	707	401	624	795	542	574	320	793	797	463	720	576	688	483	465	349	340	766	640	523	390	661	655	449	506	328	797	554	524	651	701	455	687	454	
776	301	0	390	486	715	683	607	567	443	722	583	557	721	776	482	517	745	319	625	700	668	610	551	719	678	478	369	372	742	354	627	660	714	383	507	467	433	756	712	512	319	655	402	626	667	688	304	302	485	767	365	734	712	329	314	525	474	752	629	381	
347	472	390	0	543	535	325	449	507	749	756	575	395	388	775	626	771	515	361	475	335	512	731	541	320	604	723	627	479	508	616	688	482	566	456	734	383	661	431	547	679	739	751	599	673	537	626	727	520	763	705	673	524	517	727	699	520	799	763	415	441	
704	480	486	543	0	435	593	340	408	391	621	668	347	405	626	731	708	438	686	537	551	338	751	588	471	349	328	797	365	637	664	379	411	695	308	416	700	431	583	639	510	319	518	366	525	521	585	641	773	332	713	405	489	748	353	646	755	791	783	667	352	
416	799	715	535	435	0	632	309	506	573	392	651	457	624	541	778	646	399	480	747	500	374	308	336	340	456	321	624	538	545	612	639	324	785	513	706	494	694	393	544	774	498	420	398	338	624	310	569	514	703	798	532	584	695	508	384	560	553	386	603	610	
616	415	683	325	593	632	0	659	476	447	468	588	476	696	681	335	525	457	649	400	418	626	725	342	756	545	323	708	660	336	656	770	413	677	350	353	593	513	776	776	355	417	717	567	384	301	634	546	312	311	558	531	794	528	376	500	581	731	417	516	573	
681	391	607	449	340	309	659	0	796	480	659	757	505	498	658	476	377	308	735	322	768	349	545	649	679	779	696	412	374	486	708	720	588	313	585	502	731	772	445	473	348	661	581	730	340	455	506	749	598	675	561	681	462	676	370	374	400	791	751	696	786	
665	485	567	507	408	506	476	796	0	439	431	670	323	372	521	698	778	580	500	743	655	550	636	375	340	595	643	696	462	722	402	435	336	315	497	637	303	397	686	742	490	761	578	793	464	770	614	543	486	734	529	509	345	759	637	736	494	621	458	323	447	
706	446	443	749	391	573	447	480	439	0	772	404	676	532	329	423	566	504	366	359	416	656	369	788	569	747	423	793	553	696	316	730	787	774	478	386	792	407	497	363	398	638	484	543	453	526	540	779	482	398	770	425	399	463	457	533	436	776	582	342	481	
715	561	722	756	621	392	468	659	431	772	0	796	666	519	344	797	560	763	413	704	365	370	546	761	649	639	729	494	646	304	541	751	741	387	389	637	530	512	780	404	465	706	668	763	528	651	734	471	454	612	655	426	439	446	775	470	492	742	322	330	678	
671	543	583	575	668	651	588	757	670	404	796	0	793	415	511	378	335	367	606	418	738	670	437	506	339	482	784	472	580	792	530	717	632	516	786	672	506	321	512	482	610	540	580	746	308	435	601	660	709	438	384	336	321	662	714	540	539	393	665	469	547	
512	723	557	395	347	457	476	505	323	676	666	793	0	447	332	702	775	321	592	412	772	517	575	570	493	468	300	776	500	334	514	749	340	574	762	654	412	701	452	407	612	645	479	545	410	509	799	415	616	413	451	736	524	637	491	629	443	609	605	692	309	
320	578	721	388	405	624	696	498	372	532	519	415	447	0	650	531	487	536	724	393	603	783	412	691	310	771	500	411	473	724	419	382	347	658	430	346	331	383	401	774	650	545	700	434	496	566	327	410	635	588	432	315	452	634	582	411	474	441	392	755	475	
343	389	776	775	626	541	681	658	521	329	344	511	332	650	0	371	783	487	635	392	477	637	777	739	782	344	636	300	556	474	631	302	352	559	760	759	384	734	559	330	530	754	505	750	346	764	380	419	338	383	671	456	590	693	547	716	370	746	641	316	674	
785	618	482	626	731	778	335	476	698	423	797	378	702	531	371	0	486	526	626	565	797	546	656	668	778	574	417	345	584	675	356	752	693	513	738	679	731	774	760	583	363	668	476	541	646	423	774	699	305	533	323	738	307	308	482	665	518	391	713	398	612	
743	395	517	771	708	646	525	377	778	566	560	335	775	487	783	486	0	365	350	499	376	655	642	446	706	471	459	796	528	766	614	400	769	627	612	778	351	698	719	309	757	743	616	417	603	468	572	555	629	362	773	689	783	356	715	732	464	448	539	412	687	
399	505	745	515	438	399	457	308	580	504	763	367	321	536	487	526	365	0	414	376	329	600	597	757	639	358	574	371	408	444	583	487	759	760	752	688	595	644	347	641	545	561	543	750	585	722	511	562	781	767	441	773	535	737	413	611	746	650	712	499	502	
378	555	319	361	686	480	649	735	500	366	413	606	592	724	635	626	350	414	0	754	542	432	550	528	466	461	622	316	500	537	396	685	619	610	732	476	743	731	343	626	556	694	641	487	635	643	408	709	748	506	720	642	586	690	746	642	486	780	345	301	557	
596	353	625	475	537	747	400	322	743	359	704	418	412	393	392	565	499	376	754	0	676	591	701	614	707	529	387	723	413	789	588	409	630	738	644	783	737	433	401	571	656	333	655	571	512	727	501	389	628	354	664	636	645	711	650	563	532	351	547	338	537	
452	563	700	335	551	500	418	768	655	416	365	738	772	603	477	797	376	329	542	676	0	576	462	602	711	742	367	550	429	428	335	471	504	613	639	377	487	314	352	789	529	671	460	732	302	464	550	588	535	747	658	490	797	492	339	666	422	771	372	388	614	
637	638	668	512	338	374	626	349	550	656	370	670	517	783	637	546	655	600	432	591	576	0	378	479	332	546	684	776	526	628	502	333	313	788	301	305	725	451	309	392	661	621	500	592	351	432	689	741	682	323	762	541	743	359	618	393	467	617	780	321	317	
342	590	610	731	751	308	725	545	636	369	546	437	575	412	777	656	642	597	550	701	462	378	0	577	664	455	461	645	525	476	579	343	514	363	353	358	782	397	541	386	362	688	401	614	663	549	503	499	794	643	706	325	514	322	457	619	519	409	301	578	355	
325	373	551	541	588	336	342	649	375	788	761	506	570	691	739	668	446	757	528	614	602	479	577	0	494	793	693	779	639	795	669	600	730	600	353	778	401	659	455	572	368	397	617	535	354	474	331	390	602	383	772	356	315	577	634	724	371	794	780	528	664	
638	494	719	320	471	340	756	679	340	569	649	339	493	310	782	778	706	639	466	707	711	332	664	494	0	756	502	445	639	538	734	420	591	398	543	362	781	394	795	543	633	468	466	789	480	795	698	400	742	307	393	300	596	572	518	641	535	586	358	360	418	
377	682	678	604	349	456	545	779	595	747	639	482	468	771	344	574	471	358	461	529	742	546	455	793	756	0	569	567	493	533	746	310	633	322	416	620	778	553	761	368	325	530	326	559	687	782	691	616	439	706	646	679	792	381	558	483	773	604	603	633	420	
372	649	478	723	328	321	323	696	643	423	729	784	300	500	636	417	459	574	622	387	367	684	461	693	502	569	0	696	558	415	428	677	470	509	305	732	356	418	753	481	441	460	756	608	351	413	772	795	403	646	786	385	732	326	736	419	401	684	353	653	572	
586	707	369	627	797	624	708	412	696	793	494	472	776	411	300	345	796	371	316	723	550	776	645	779	445	567	696	0	617	318	731	565	799	679	381	310	432	768	624	400	310	744	462	794	685	719	753	745	605	644	478	514	594	688	426	724	416	425	394	519	513	
663	401	372	479	365	538	660	374	462	553	646	580	500	473	556	584	528	408	500	413	429	526	525	639	639	493	558	617	0	680	394	308	642	555	561	661	386	798	328	469	505	301	351	420	515	404	516	475	696	314	477	664	641	628	575	381	602	484	658	628	350	
726	624	742	508	637	545	336	486	722	696	304	792	334	724	474	675	766	444	537	789	428	628	476	795	538	533	415	318	680	0	439	476	617	644	718	766	550	571	736	726	688	545	562	442	726	419	460	482	303	529	793	534	709	492	369	659	768	643	378	521	736	
698	795	354	616	664	612	656	708	402	316	541	530	514	419	631	356	614	583	396	588	335	502	579	669	734	746	428	731	394	439	0	392	493	585	393	368	596	634	647	537	733	726	589	432	759	341	547	432	451	696	794	510	621	692	466	300	442	385	531	738	674	
345	542	627	688	379	639	770	720	435	730	751	717	749	382	302	752	400	487	685	409	471	333	343	600	420	310	677	565	308	476	392	0	730	459	729	698	621	566	632	542	466	482	482	311	591	343	445	419	452	771	561	606	619	752	583	625	405	473	737	395	641	
586	574	660	482	411	324	413	588	336	787	741	632	340	347	352	693	769	759	619	630	504	313	514	730	591	633	470	799	642	617	493	730	0	775	762	541	652	540	720	597	529	314	496	577	780	623	795	317	663	521	563	558	519	395	336	450	667	774	456	708	702	
747	320	714	566	695	785	677	313	315	774	387	516	574	658	559	513	627	760	610	738	613	788	363	600	398	322	509	679	555	644	585	459	775	0	787	580	415	705	565	672	427	691	642	645	760	702	579	786	594	393	655	425	647	720	539	385	527	403	600	470	626	
603	793	383	456	308	513	350	585	497	478	389	786	762	430	760	738	612	752	732	644	639	301	353	353	543	416	305	381	561	718	393	729	762	787	0	601	720	306	710	412	442	547	741	317	387	457	654	688	549	475	651	318	395	390	562	760	735	665	523	535	401	
715	797	507	734	416	706	353	502	637	386	637	672	654	346	759	679	778	688	476	783	377	305	358	778	362	620	732	310	661	766	368	698	541	580	601	0	405	523	692	702	692	691	723	314	492	361	639	579	449	455	722	619	770	439	467	527	399	347	786	519	313	
550	463	467	383	700	494	593	731	303	792	530	506	412	331	384	731	351	595	743	737	487	725	782	401	781	778	356	432	386	550	596	621	652	415	720	405	0	460	416	541	401	491	658	784	715	489	767	527	377	344	394	522	710	414	411	521	574	741	464	574	353	
377	720	433	661	431	694	513	772	397	407	512	321	701	383	734	774	698	644	731	433	314	451	397	659	394	553	418	768	798	571	634	566	540	705	306	523	460	0	458	589	593	743	714	330	403	301	676	781	519	427	392	374	387	792	775	304	525	734	592	529	783	
712	576	756	431	583	393	776	445	686	497	780	512	452	401	559	760	719	347	343	401	352	309	541	455	795	761	753	624	328	736	647	632	720	565	710	692	416	458	0	465	318	416	334	488	759	707	430	350	324	475	570	534	361	324	587	718	782	601	348	464	661	
614	688	712	547	639	544	776	473	742	363	404	482	407	774	330	583	309	641	626	571	789	392	386	572	543	368	481	400	469	726	537	542	597	672	412	702	541	589	465	0	669	534	594	380	545	473	571	707	339	749	357	613	554	744	759	713	642	324	745	309	326	
555	483	512	679	510	774	355	348	490	398	465	610	612	650	530	363	757	545	556	656	529	661	362	368	633	325	441	310	505	688	733	466	529	427	442	692	401	593	318	669	0	766	337	592	376	386	596	524	688	789	663	786	629	430	431	478	506	763	333	677	595	
461	465	319	739	319	498	417	661	761	638	706	540	645	545	754	668	743	561	694	333	671	621	688	397	468	530	460	744	301	545	726	482	314	691	547	691	491	743	416	534	766	0	419	451	390	385	708	533	644	465	512	787	705	677	485	465	688	390	576	324	668	
317	349	655	751	518	420	717	581	578	484	668	580	479	700	505	476	616	543	641	655	460	500	401	617	466	326	756	462	351	562	589	482	496	642	741	723	658	714	334	594	337	419	0	795	735	533	722	311	399	498	324	726	564	703	448	492	391	719	735	381	569	
760	340	402	599	366	398	567	730	793	543	763	746	545	434	750	541	417	750	487	571	732	592	614	535	789	559	608	794	420	442	432	311	577	645	317	314	784	330	488	380	592	451	795	0	552	752	778	733	446	724	554	379	799	444	493	477	425	786	734	592	410	
567	766	626	673	525	338	384	340	464	453	528	308	410	496	346	646	603	585	635	512	302	351	663	354	480	687	351	685	515	726	759	591	780	760	387	492	715	403	759	545	376	390	735	552	0	344	497	745	337	581	403	793	336	743	440	590	394	595	731	709	355	
758	640	667	537	521	624	301	455	770	526	651	435	509	566	764	423	468	722	643	727	464	432	549	474	795	782	413	719	404	419	341	343	623	702	457	361	489	301	707	473	386	385	533	752	344	0	597	433	309	413	678	339	691	436	381	671	608	631	466	433	493	
460	523	688	626	585	310	634	506	614	540	734	601	799	327	380	774	572	511	408	501	550	689	503	331	698	691	772	753	516	460	547	445	795	579	654	639	767	676	430	571	596	708	722	778	497	597	0	649	604	497	358	390	736	391	392	461	651	394	674	354	762	
664	390	304	727	641	569	546	749	543	779	471	660	415	410	419	699	555	562	709	389	588	741	499	390	400	616	795	745	475	482	432	419	317	786	688	579	527	781	350	707	524	533	311	733	745	433	649	0	530	737	576	504	398	594	677	445	615	633	517	490	790	
651	661	302	520	773	514	312	598	486	482	454	709	616	635	338	305	629	781	748	628	535	682	794	602	742	439	403	605	696	303	451	452	663	594	549	449	377	519	324	339	688	644	399	446	337	309	604	530	0	462	671	308	338	347	374	440	624	546	430	420	554	
328	655	485	763	332	703	311	675	734	398	612	438	413	588	383	533	362	767	506	354	747	323	643	383	307	706	646	644	314	529	696	771	521	393	475	455	344	427	475	749	789	465	498	724	581	413	497	737	462	0	384	630	344	761	421	521	767	568	596	387	661	
448	449	767	705	713	798	558	561	529	770	655	384	451	432	671	323	773	441	720	664	658	762	706	772	393	646	786	478	477	793	794	561	563	655	651	722	394	392	570	357	663	512	324	554	403	678	358	576	671	384	0	614	532	741	512	347	451	576	538	517	662	
580	506	365	673	405	532	531	681	509	425	426	336	736	315	456	738	689	773	642	636	490	541	325	356	300	679	385	514	664	534	510	606	558	425	318	619	522	374	534	613	786	787	726	379	793	339	390	504	308	630	614	0	363	341	703	654	610	591	540	340	366	
714	328	734	524	489	584	794	462	345	399	439	321	524	452	590	307	783	535	586	645	797	743	514	315	596	792	732	594	641	709	621	619	519	647	395	770	710	387	361	554	629	705	564	799	336	691	736	398	338	344	532	363	0	393	532	772	697	614	345	426	463	
383	797	712	517	748	695	528	676	759	463	446	662	637	634	693	308	356	737	690	711	492	359	322	577	572	381	326	688	628	492	692	752	395	720	390	439	414	792	324	744	430	677	703	444	743	436	391	594	347	761	741	341	393	0	622	332	699	347	557	408	430	
509	554	329	727	353	508	376	370	637	457	775	714	491	582	547	482	715	413	746	650	339	618	457	634	518	558	736	426	575	369	466	583	336	539	562	467	411	775	587	759	431	485	448	493	440	381	392	677	374	421	512	703	532	622	0	379	614	492	319	324	667	
344	524	314	699	646	384	500	374	736	533	470	540	629	411	716	665	732	611	642	563	666	393	619	724	641	483	419	724	381	659	300	625	450	385	760	527	521	304	718	713	478	465	492	477	590	671	461	445	440	521	347	654	772	332	379	0	633	715	627	461	715	
606	651	525	520	755	560	581	400	494	436	492	539	443	474	370	518	464	746	486	532	422	467	519	371	535	773	401	416	602	768	442	405	667	527	735	399	574	525	782	642	506	688	391	425	394	608	651	615	624	767	451	610	697	699	614	633	0	654	430	562	465	
448	701	474	799	791	553	731	791	621	776	742	393	609	441	746	391	448	650	780	351	771	617	409	794	586	604	684	425	484	643	385	473	774	403	665	347	741	734	601	324	763	390	719	786	595	631	394	633	546	568	576	591	614	347	492	715	654	0	553	360	514	
589	455	752	763	783	386	417	751	458	582	322	665	605	392	641	713	539	712	345	547	372	780	301	780	358	603	353	394	658	378	531	737	456	600	523	786	464	592	348	745	333	576	735	734	731	466	674	517	430	596	538	540	345	557	319	627	430	553	0	604	679	
794	687	629	415	667	603	516	696	323	342	330	469	692	755	316	398	412	499	301	338	388	321	578	528	360	633	653	519	628	521	738	395	708	470	535	519	574	529	464	309	677	324	381	592	709	433	354	490	420	387	517	340	426	408	324	461	562	360	604	0	556	
671	454	381	441	352	610	573	786	447	481	678	547	309	475	674	612	687	502	557	537	614	317	355	664	418	420	572	513	350	736	674	641	702	626	401	313	353	783	661	326	595	668	569	410	355	493	762	790	554	661	662	366	463	430	667	715	465	514	679	556	0	
etats
Id_Station	Poids W	Min (P)	WSPT	Priorité	
1	5	300	33,33	1	
2	5	301	33,44	2	
3	7	302	33,56	3	
4	6	306	34,00	4	
5	1	311	34,56	5	
6	5	312	34,67	6	
7	4	315	35,00	7	
8	7	317	35,22	8	
9	1	300	37,50	9	
10	6	302	37,75	10	
11	6	302	37,75	11	
12	4	306	38,25	12	
13	7	307	38,38	13	
14	9	315	39,38	14	
15	7	326	40,75	15	
16	9	328	41,00	16	
17	9	300	42,86	17	
18	4	309	44,14	18	
19	4	309	44,14	19	
20	1	300	50,00	20	
21	1	300	50,00	21	
22	5	301	50,17	22	
23	5	302	50,33	23	
24	2	303	50,50	24	
25	1	309	51,50	25	
26	2	301	60,20	26	
27	1	301	60,20	27	
28	2	309	61,80	28	
29	3	312	62,40	29	
30	7	312	62,40	30	
31	5	329	65,80	31	
32	8	300	75,00	32	
33	1	302	75,50	33	
34	1	306	76,50	34	
35	4	307	76,75	35	
36	7	314	78,50	36	
37	6	303	101,00	37	
38	8	303	101,00	38	
39	7	303	101,00	39	
40	1	307	102,33	40	
41	3	319	106,33	41	
42	6	309	154,50	42	
43	4	315	157,50	43	
44	5	322	161,00	44	
45	2	301	301,00	45	
46	1	301	301,00	46	
47	1	301	301,00	47	
48	4	301	301,00	48	
49	6	302	302,00	49	
50	5	302	302,00	50	
51	8	303	303,00	51	
52	8	305	305,00	52	
53	6	305	305,00	53	
54	2	306	306,00	54	
55	6	311	311,00	55	
56	4	311	311,00	56	
57	7	315	315,00	57	
58	1	315	315,00	58	
59	1	315	315,00	59	
60	7	327	327,00	60	

