distances
0	514	413	415	480	771	404	582	636	766	769	549	577	490	405	556	587	771	581	384	356	420	760	736	302	607	764	664	377	419	567	613	752	740	367	666	634	415	380	549	679	526	689	634	526	645	409	798	421	475	541	723	535	708	448	310	727	381	703	428	741	
514	0	526	308	520	357	740	321	666	678	401	478	743	307	548	511	537	714	626	385	791	427	701	646	715	552	758	400	338	530	741	351	411	732	691	578	512	503	309	718	564	686	784	342	427	702	682	591	653	649	703	400	327	447	328	615	742	541	752	644	798	
413	526	0	626	490	707	511	567	773	573	479	592	310	456	691	366	660	586	727	624	617	652	548	399	610	413	650	692	399	478	555	556	656	541	730	706	520	743	642	412	368	597	499	641	562	505	727	575	757	615	399	559	443	752	739	377	671	358	489	512	308	
415	308	626	0	795	736	797	711	489	431	723	663	690	689	714	713	394	548	430	704	474	722	486	710	422	645	445	416	324	559	345	646	674	383	554	788	539	366	335	671	370	406	402	586	644	620	786	304	415	496	741	707	455	600	508	730	687	431	690	383	696	
480	520	490	795	0	626	598	780	549	513	317	513	429	767	340	789	742	401	619	671	780	713	379	702	491	512	439	358	379	509	762	738	474	689	603	569	317	469	494	432	425	583	671	755	653	335	611	471	469	498	591	687	320	435	558	784	670	554	756	718	719	
771	357	707	736	626	0	382	711	552	684	320	637	308	738	522	351	703	708	772	794	391	771	315	311	569	313	680	792	680	653	565	641	517	720	340	776	302	724	604	645	330	565	382	721	332	741	318	359	627	739	448	630	377	635	476	515	607	603	590	411	643	
404	740	511	797	598	382	0	342	434	464	351	311	476	474	345	308	430	661	493	720	728	351	658	544	635	644	792	423	673	768	532	587	348	441	512	694	558	677	439	721	768	322	306	769	769	584	625	534	395	360	568	312	377	368	525	695	314	449	555	660	505	
582	321	567	711	780	711	342	0	418	420	595	460	641	464	781	301	379	477	523	705	629	561	663	688	770	659	618	593	687	403	576	705	491	316	371	316	371	630	459	317	446	628	495	708	661	715	323	494	363	542	323	766	341	762	617	624	672	711	439	560	383	
636	666	773	489	549	552	434	418	0	793	376	704	522	542	744	727	630	616	770	516	630	539	665	435	362	424	524	301	342	633	559	476	397	528	421	597	511	558	505	762	302	484	469	619	309	682	538	332	446	729	729	371	460	314	525	730	683	469	699	528	624	
766	678	573	431	513	684	464	420	793	0	501	511	728	653	357	615	383	469	468	364	385	695	545	465	377	689	669	590	743	512	631	327	627	587	398	509	662	731	708	386	635	668	318	448	597	489	758	312	638	662	678	707	441	348	796	352	383	499	465	799	391	
769	401	479	723	317	320	351	595	376	501	0	651	477	307	441	475	600	673	458	472	551	686	750	704	668	374	727	757	403	487	651	737	605	705	625	450	581	507	724	787	322	515	758	478	368	587	553	357	314	621	437	378	778	443	614	307	729	404	561	682	551	
549	478	592	663	513	637	311	460	704	511	651	0	528	451	649	516	392	426	690	422	411	787	360	464	654	502	417	435	429	431	724	378	349	463	730	723	598	583	600	483	349	477	501	300	618	385	706	569	602	731	390	461	739	422	648	719	761	662	474	787	645	
577	743	310	690	429	308	476	641	522	728	477	528	0	363	452	448	521	733	741	678	343	635	355	699	702	446	572	466	339	377	505	564	757	592	559	504	464	598	696	794	705	542	511	618	453	352	430	371	685	717	397	775	566	672	760	359	570	513	733	652	656	
490	307	456	689	767	738	474	464	542	653	307	451	363	0	769	712	460	712	741	492	755	690	503	444	789	453	497	349	556	767	720	617	423	574	318	639	335	490	648	484	571	760	332	595	746	470	721	578	363	351	412	473	402	360	487	526	398	317	610	609	539	
405	548	691	714	340	522	345	781	744	357	441	649	452	769	0	387	396	401	630	781	683	375	592	795	736	622	473	427	753	728	305	351	578	737	426	796	436	635	518	665	421	381	773	794	593	505	692	746	703	747	565	550	509	597	487	580	663	526	652	623	632	
556	511	366	713	789	351	308	301	727	615	475	516	448	712	387	0	499	511	621	559	695	321	626	501	445	691	693	794	787	449	704	310	426	760	784	536	428	714	526	715	501	386	348	386	607	738	527	518	393	565	718	623	588	413	693	421	767	608	482	670	681	
587	537	660	394	742	703	430	379	630	383	600	392	521	460	396	499	0	357	620	537	451	414	581	381	399	487	493	649	622	641	413	761	509	738	392	378	743	718	766	642	364	464	439	514	471	709	470	751	688	524	634	343	696	567	444	377	741	457	645	786	699	
771	714	586	548	401	708	661	477	616	469	673	426	733	712	401	511	357	0	462	709	375	460	550	718	433	319	446	394	556	507	304	326	684	420	607	518	780	707	634	440	727	678	411	637	445	356	492	711	382	617	479	550	523	590	331	420	652	402	693	317	482	
581	626	727	430	619	772	493	523	770	468	458	690	741	741	630	621	620	462	0	612	462	693	617	564	550	596	709	642	479	511	435	771	751	787	728	404	570	604	689	389	781	403	366	421	541	427	498	576	319	450	484	459	397	554	732	596	410	503	442	490	581	
384	385	624	704	671	794	720	705	516	364	472	422	678	492	781	559	537	709	612	0	568	680	535	787	790	630	503	506	382	731	631	366	621	348	533	493	767	645	309	478	320	718	577	463	566	530	685	395	690	488	584	774	550	691	451	491	676	439	664	655	375	
356	791	617	474	780	391	728	629	630	385	551	411	343	755	683	695	451	375	462	568	0	616	536	391	687	360	582	523	615	304	475	569	633	578	711	633	794	626	728	782	520	667	649	423	671	733	344	324	750	766	572	374	655	436	639	705	608	515	548	490	340	
420	427	652	722	713	771	351	561	539	695	686	787	635	690	375	321	414	460	693	680	616	0	559	557	558	694	467	548	619	731	685	425	529	712	597	335	354	611	577	508	317	578	607	330	405	463	517	597	755	334	676	441	518	579	706	573	502	693	753	309	322	
760	701	548	486	379	315	658	663	665	545	750	360	355	503	592	626	581	550	617	535	536	559	0	726	502	554	420	689	367	698	381	329	766	363	762	609	315	454	379	762	571	539	531	693	415	530	524	610	433	326	592	611	490	484	398	357	514	371	401	668	594	
736	646	399	710	702	311	544	688	435	465	704	464	699	444	795	501	381	718	564	787	391	557	726	0	732	685	452	571	367	344	533	329	548	530	732	323	477	392	347	659	308	410	406	580	326	589	698	422	662	746	512	491	742	419	366	397	561	435	565	567	335	
302	715	610	422	491	569	635	770	362	377	668	654	702	789	736	445	399	433	550	790	687	558	502	732	0	703	506	319	598	442	554	304	506	481	682	738	721	497	489	335	531	704	790	627	767	515	523	597	718	528	721	442	407	708	593	749	330	718	581	512	319	
607	552	413	645	512	313	644	659	424	689	374	502	446	453	622	691	487	319	596	630	360	694	554	685	703	0	687	314	359	627	558	756	404	614	707	332	760	795	472	607	359	537	692	429	461	719	314	394	390	660	701	522	471	392	628	679	772	424	406	573	339	
764	758	650	445	439	680	792	618	524	669	727	417	572	497	473	693	493	446	709	503	582	467	420	452	506	687	0	724	565	313	709	369	565	544	370	494	489	551	730	638	567	366	632	789	634	328	781	669	416	354	423	689	663	473	548	598	447	675	462	674	397	
664	400	692	416	358	792	423	593	301	590	757	435	466	349	427	794	649	394	642	506	523	548	689	571	319	314	724	0	530	693	532	574	324	330	433	558	593	727	597	471	621	604	692	653	416	395	602	567	582	709	306	508	586	685	473	313	379	439	739	407	745	
377	338	399	324	379	680	673	687	342	743	403	429	339	556	753	787	622	556	479	382	615	619	367	367	598	359	565	530	0	558	321	515	694	309	461	724	445	618	731	799	667	716	753	734	783	633	577	542	716	759	451	512	391	471	486	558	664	482	396	430	621	
419	530	478	559	509	653	768	403	633	512	487	431	377	767	728	449	641	507	511	731	304	731	698	344	442	627	313	693	558	0	609	760	745	753	600	644	711	786	683	376	748	578	490	552	740	528	780	375	792	581	736	527	447	705	511	511	306	330	624	495	340	
567	741	555	345	762	565	532	576	559	631	651	724	505	720	305	704	413	304	435	631	475	685	381	533	554	558	709	532	321	609	0	367	713	304	634	710	716	391	504	359	351	618	616	369	329	511	746	634	475	412	412	595	781	596	537	409	314	766	378	642	508	
613	351	556	646	738	641	587	705	476	327	737	378	564	617	351	310	761	326	771	366	569	425	329	329	304	756	369	574	515	760	367	0	771	703	325	467	506	719	337	667	700	538	775	491	632	490	515	352	663	562	549	616	343	571	409	753	446	679	646	419	545	
752	411	656	674	474	517	348	491	397	627	605	349	757	423	578	426	509	684	751	621	633	529	766	548	506	404	565	324	694	745	713	771	0	743	696	727	409	453	646	391	403	605	660	672	540	717	403	724	758	727	371	446	622	422	600	567	463	453	634	398	467	
740	732	541	383	689	720	441	316	528	587	705	463	592	574	737	760	738	420	787	348	578	712	363	530	481	614	544	330	309	753	304	703	743	0	499	721	518	528	603	475	398	743	363	709	699	780	584	790	460	606	463	325	694	591	740	352	344	332	630	471	664	
367	691	730	554	603	340	512	371	421	398	625	730	559	318	426	784	392	607	728	533	711	597	762	732	682	707	370	433	461	600	634	325	696	499	0	616	437	788	497	686	454	543	345	660	765	405	507	785	499	336	561	477	654	668	402	696	715	502	773	456	434	
666	578	706	788	569	776	694	316	597	509	450	723	504	639	796	536	378	518	404	493	633	335	609	323	738	332	494	558	724	644	710	467	727	721	616	0	622	577	642	597	773	582	373	736	592	572	337	632	775	462	518	380	727	379	476	319	695	472	551	437	339	
634	512	520	539	317	302	558	371	511	662	581	598	464	335	436	428	743	780	570	767	794	354	315	477	721	760	489	593	445	711	716	506	409	518	437	622	0	530	691	712	517	791	501	538	665	576	462	313	435	722	492	334	520	580	357	515	581	768	337	489	439	
415	503	743	366	469	724	677	630	558	731	507	583	598	490	635	714	718	707	604	645	626	611	454	392	497	795	551	727	618	786	391	719	453	528	788	577	530	0	617	717	514	316	392	478	524	505	562	463	301	665	718	480	470	439	350	664	537	591	650	425	418	
380	309	642	335	494	604	439	459	505	708	724	600	696	648	518	526	766	634	689	309	728	577	379	347	489	472	730	597	731	683	504	337	646	603	497	642	691	617	0	732	736	579	745	366	766	469	505	429	550	364	519	483	504	557	785	758	765	623	680	753	545	
549	718	412	671	432	645	721	317	762	386	787	483	794	484	665	715	642	440	389	478	782	508	762	659	335	607	638	471	799	376	359	667	391	475	686	597	712	717	732	0	514	352	744	718	344	480	466	450	367	496	469	799	359	545	763	618	454	651	762	330	636	
679	564	368	370	425	330	768	446	302	635	322	349	705	571	421	501	364	727	781	320	520	317	571	308	531	359	567	621	667	748	351	700	403	398	454	773	517	514	736	514	0	714	314	508	512	505	471	760	426	358	412	382	778	644	732	703	321	545	670	676	358	
526	686	597	406	583	565	322	628	484	668	515	477	542	760	381	386	464	678	403	718	667	578	539	410	704	537	366	604	716	578	618	538	605	743	543	582	791	316	579	352	714	0	370	634	335	369	618	325	364	515	726	407	597	521	434	440	350	697	692	374	527	
689	784	499	402	671	382	306	495	469	318	758	501	511	332	773	348	439	411	366	577	649	607	531	406	790	692	632	692	753	490	616	775	660	363	345	373	501	392	745	744	314	370	0	630	697	534	781	333	304	599	609	350	562	765	440	469	466	540	617	776	781	
634	342	641	586	755	721	769	708	619	448	478	300	618	595	794	386	514	637	421	463	423	330	693	580	627	429	789	653	734	552	369	491	672	709	660	736	538	478	366	718	508	634	630	0	668	486	533	461	300	722	307	778	475	560	491	432	312	477	734	735	485	
526	427	562	644	653	332	769	661	309	597	368	618	453	746	593	607	471	445	541	566	671	405	415	326	767	461	634	416	783	740	329	632	540	699	765	592	665	524	766	344	512	335	697	668	0	471	318	322	554	439	483	409	484	456	577	380	608	720	750	371	401	
645	702	505	620	335	741	584	715	682	489	587	385	352	470	505	738	709	356	427	530	733	463	530	589	515	719	328	395	633	528	511	490	717	780	405	572	576	505	469	480	505	369	534	486	471	0	778	484	472	535	625	598	777	717	555	520	576	572	677	685	366	
409	682	727	786	611	318	625	323	538	758	553	706	430	721	692	527	470	492	498	685	344	517	524	698	523	314	781	602	577	780	746	515	403	584	507	337	462	562	505	466	471	618	781	533	318	778	0	560	786	534	770	680	524	631	541	592	349	580	603	372	617	
798	591	575	304	471	359	534	494	332	312	357	569	371	578	746	518	751	711	576	395	324	597	610	422	597	394	669	567	542	375	634	352	724	790	785	632	313	463	429	450	760	325	333	461	322	484	560	0	489	602	760	509	795	607	669	711	472	301	514	760	723	
421	653	757	415	469	627	395	363	446	638	314	602	685	363	703	393	688	382	319	690	750	755	433	662	718	390	416	582	716	792	475	663	758	460	499	775	435	301	550	367	426	364	304	300	554	472	786	489	0	449	473	610	639	483	698	649	673	692	765	544	353	
475	649	615	496	498	739	360	542	729	662	621	731	717	351	747	565	524	617	450	488	766	334	326	746	528	660	354	709	759	581	412	562	727	606	336	462	722	665	364	496	358	515	599	722	439	535	534	602	449	0	669	666	538	681	334	522	408	376	510	366	365	
541	703	399	741	591	448	568	323	729	678	437	390	397	412	565	718	634	479	484	584	572	676	592	512	721	701	423	306	451	736	412	549	371	463	561	518	492	718	519	469	412	726	609	307	483	625	770	760	473	669	0	769	495	629	315	456	592	318	581	393	795	
723	400	559	707	687	630	312	766	371	707	378	461	775	473	550	623	343	550	459	774	374	441	611	491	442	522	689	508	512	527	595	616	446	325	477	380	334	480	483	799	382	407	350	778	409	598	680	509	610	666	769	0	477	452	425	653	403	319	663	720	490	
535	327	443	455	320	377	377	341	460	441	778	739	566	402	509	588	696	523	397	550	655	518	490	742	407	471	663	586	391	447	781	343	622	694	654	727	520	470	504	359	778	597	562	475	484	777	524	795	639	538	495	477	0	385	715	420	314	522	324	702	726	
708	447	752	600	435	635	368	762	314	348	443	422	672	360	597	413	567	590	554	691	436	579	484	419	708	392	473	685	471	705	596	571	422	591	668	379	580	439	557	545	644	521	765	560	456	717	631	607	483	681	629	452	385	0	504	309	674	589	713	662	518	
448	328	739	508	558	476	525	617	525	796	614	648	760	487	487	693	444	331	732	451	639	706	398	366	593	628	548	473	486	511	537	409	600	740	402	476	357	350	785	763	732	434	440	491	577	555	541	669	698	334	315	425	715	504	0	348	549	537	444	562	760	
310	615	377	730	784	515	695	624	730	352	307	719	359	526	580	421	377	420	596	491	705	573	357	397	749	679	598	313	558	511	409	753	567	352	696	319	515	664	758	618	703	440	469	432	380	520	592	711	649	522	456	653	420	309	348	0	311	652	650	509	731	
727	742	671	687	670	607	314	672	683	383	729	761	570	398	663	767	741	652	410	676	608	502	514	561	330	772	447	379	664	306	314	446	463	344	715	695	581	537	765	454	321	350	466	312	608	576	349	472	673	408	592	403	314	674	549	311	0	489	664	539	504	
381	541	358	431	554	603	449	711	469	499	404	662	513	317	526	608	457	402	503	439	515	693	371	435	718	424	675	439	482	330	766	679	453	332	502	472	768	591	623	651	545	697	540	477	720	572	580	301	692	376	318	319	522	589	537	652	489	0	418	484	367	
703	752	489	690	756	590	555	439	699	465	561	474	733	610	652	482	645	693	442	664	548	753	401	565	581	406	462	739	396	624	378	646	634	630	773	551	337	650	680	762	670	692	617	734	750	677	603	514	765	510	581	663	324	713	444	650	664	418	0	360	755	
428	644	512	383	718	411	660	560	528	799	682	787	652	609	623	670	786	317	490	655	490	309	668	567	512	573	674	407	430	495	642	419	398	471	456	437	489	425	753	330	676	374	776	735	371	685	372	760	544	366	393	720	702	662	562	509	539	484	360	0	678	
741	798	308	696	719	643	505	383	624	391	551	645	656	539	632	681	699	482	581	375	340	322	594	335	319	339	397	745	621	340	508	545	467	664	434	339	439	418	545	636	358	527	781	485	401	366	617	723	353	365	795	490	726	518	760	731	504	367	755	678	0	
etats
Id_Station	Poids W	Min (P)	WSPT	Priorité	
1	1	302	33,56	1	
2	9	307	34,11	2	
3	5	308	34,22	3	
4	7	302	37,75	4	
5	6	302	37,75	5	
6	3	302	37,75	6	
7	3	302	37,75	7	
8	1	302	37,75	8	
9	1	302	37,75	9	
10	8	306	38,25	10	
11	6	306	38,25	11	
12	5	306	38,25	12	
13	6	311	38,88	13	
14	2	313	39,13	14	
15	6	316	39,50	15	
16	5	300	42,86	16	
17	1	301	43,00	17	
18	9	306	43,71	18	
19	7	310	44,29	19	
20	1	300	50,00	20	
21	2	300	50,00	21	
22	9	300	50,00	22	
23	6	300	50,00	23	
24	7	305	50,83	24	
25	1	312	52,00	25	
26	6	313	52,17	26	
27	2	300	60,00	27	
28	4	301	60,20	28	
29	1	300	75,00	29	
30	1	300	75,00	30	
31	5	301	75,25	31	
32	9	301	75,25	32	
33	1	302	75,50	33	
34	3	304	76,00	34	
35	7	305	76,25	35	
36	1	310	77,50	36	
37	1	310	77,50	37	
38	1	316	79,00	38	
39	9	317	79,25	39	
40	6	304	101,33	40	
41	3	304	101,33	41	
42	7	307	102,33	42	
43	8	302	151,00	43	
44	4	303	151,50	44	
45	5	306	153,00	45	
46	7	307	153,50	46	
47	1	308	154,00	47	
48	4	315	157,50	48	
49	1	301	301,00	49	
50	7	302	302,00	50	
51	9	302	302,00	51	
52	9	303	303,00	52	
53	2	303	303,00	53	
54	2	303	303,00	54	
55	3	304	304,00	55	
56	3	312	312,00	56	
57	7	313	313,00	57	
58	4	314	314,00	58	
59	1	315	315,00	59	
60	5	337	337,00	60	

