distances
0	401	777	377	775	452	654	720	507	311	663	416	474	591	526	766	531	374	770	678	766	573	401	772	481	402	449	424	780	651	383	748	495	336	697	424	474	767	360	464	760	382	453	568	577	738	567	588	778	411	691	681	302	335	401	609	770	762	517	420	357	
401	0	527	589	735	496	540	471	472	580	706	538	443	467	459	301	667	595	600	789	320	421	348	412	564	764	688	608	553	699	441	472	529	533	446	325	598	306	349	408	532	471	420	638	648	371	772	785	310	727	690	509	402	374	366	658	746	466	544	780	342	
777	527	0	338	735	402	307	744	409	664	764	451	721	412	449	743	341	710	691	739	715	764	704	313	795	741	584	533	475	722	717	458	627	405	410	372	338	590	710	634	531	499	577	636	584	440	518	598	776	364	645	361	779	344	464	318	753	705	300	744	634	
377	589	338	0	460	342	728	367	697	324	484	428	678	607	714	685	405	504	357	557	705	662	301	303	493	669	761	337	496	634	459	728	528	637	670	622	695	315	587	468	753	383	420	793	450	627	546	379	531	519	531	782	526	585	571	798	577	565	672	716	510	
775	735	735	460	0	637	366	705	552	684	577	670	520	314	727	363	305	782	684	366	777	745	441	622	736	425	791	531	738	619	769	794	612	515	718	611	717	576	420	596	377	344	612	499	728	416	741	679	740	519	798	755	696	417	441	523	537	480	750	412	662	
452	496	402	342	637	0	320	583	545	710	791	702	380	475	487	732	660	444	544	423	619	564	570	414	497	657	361	601	315	795	497	772	487	617	530	735	489	640	575	366	556	720	465	586	333	742	609	577	742	558	607	521	772	688	770	569	767	742	709	545	689	
654	540	307	728	366	320	0	554	487	608	798	647	656	495	533	487	562	582	551	480	494	423	387	356	351	503	575	335	636	527	724	717	369	360	731	688	746	708	752	338	379	317	354	774	491	513	524	798	439	765	586	588	586	668	645	706	325	434	601	777	714	
720	471	744	367	705	583	554	0	383	766	322	758	708	419	790	548	314	553	357	646	777	597	680	414	636	639	488	686	523	781	550	374	624	795	532	414	729	657	602	770	629	305	670	717	468	439	566	472	494	321	678	484	337	561	526	477	517	363	328	336	650	
507	472	409	697	552	545	487	383	0	446	451	761	479	446	451	507	376	421	778	586	369	466	434	365	711	461	688	444	630	791	571	692	617	666	738	404	438	537	425	721	376	509	454	506	786	485	637	624	743	335	626	303	588	629	305	484	747	514	623	654	440	
311	580	664	324	684	710	608	766	446	0	785	767	673	450	554	694	502	793	682	719	789	351	733	730	312	744	795	796	367	766	375	685	710	780	759	680	745	466	595	532	665	669	745	451	720	436	484	502	413	696	685	637	781	597	711	551	796	657	625	398	456	
663	706	764	484	577	791	798	322	451	785	0	476	337	579	646	564	622	656	598	481	303	662	436	680	711	365	508	343	772	653	768	479	707	302	794	363	572	337	540	717	440	454	556	691	482	791	559	488	622	390	682	661	639	587	535	761	766	579	649	588	638	
416	538	451	428	670	702	647	758	761	767	476	0	484	424	794	558	479	732	552	303	648	584	575	331	544	587	443	528	366	626	678	427	418	768	307	652	402	409	475	785	740	409	780	755	311	331	540	454	528	504	335	566	488	474	518	490	683	323	345	557	405	
474	443	721	678	520	380	656	708	479	673	337	484	0	454	412	635	364	607	360	358	324	718	617	550	440	670	625	311	478	796	586	393	448	437	523	551	663	488	447	775	617	455	376	643	384	323	621	660	681	712	407	688	502	610	502	616	541	633	387	720	526	
591	467	412	607	314	475	495	419	446	450	579	424	454	0	723	352	683	609	539	721	749	421	502	579	434	535	535	616	762	513	398	701	609	360	668	587	551	336	553	345	393	685	340	560	313	543	688	720	642	663	734	486	549	669	571	782	385	674	564	540	400	
526	459	449	714	727	487	533	790	451	554	646	794	412	723	0	665	695	419	651	358	329	335	442	627	346	484	376	453	527	310	384	308	487	636	332	563	664	515	711	368	566	651	415	366	777	382	665	416	778	313	346	350	399	766	575	724	652	526	326	412	379	
766	301	743	685	363	732	487	548	507	694	564	558	635	352	665	0	350	447	477	434	775	348	445	727	651	429	418	476	568	765	365	608	452	473	600	386	711	668	609	625	327	640	494	779	328	383	351	433	692	477	486	741	492	510	550	367	439	393	307	563	639	
531	667	341	405	305	660	562	314	376	502	622	479	364	683	695	350	0	435	752	751	321	621	516	519	733	384	689	447	472	651	409	640	371	462	783	558	582	418	768	753	424	384	349	613	733	770	620	773	306	415	437	611	763	632	734	750	534	740	748	695	540	
374	595	710	504	782	444	582	553	421	793	656	732	607	609	419	447	435	0	587	390	459	424	565	509	795	632	410	673	331	602	370	783	695	494	366	779	763	786	315	540	519	644	429	345	373	634	697	473	475	704	502	750	369	469	359	432	439	386	796	583	654	
770	600	691	357	684	544	551	357	778	682	598	552	360	539	651	477	752	587	0	488	544	651	399	468	622	617	648	629	413	639	414	403	308	407	552	610	793	311	390	346	582	608	424	726	619	409	724	456	560	496	576	329	430	705	652	363	320	437	451	730	395	
678	789	739	557	366	423	480	646	586	719	481	303	358	721	358	434	751	390	488	0	629	598	383	507	426	494	333	786	703	541	337	605	372	455	785	353	437	665	727	440	604	438	428	414	706	301	408	525	766	425	548	581	321	596	648	362	696	427	411	634	413	
766	320	715	705	777	619	494	777	369	789	303	648	324	749	329	775	321	459	544	629	0	400	532	691	649	627	432	758	378	785	546	617	660	404	769	692	437	589	406	640	721	750	765	602	567	447	628	515	468	304	680	489	348	494	686	387	486	770	480	669	440	
573	421	764	662	745	564	423	597	466	351	662	584	718	421	335	348	621	424	651	598	400	0	707	723	521	477	614	665	352	431	767	746	720	654	695	720	559	558	682	394	324	691	530	626	519	601	442	721	332	356	764	456	448	463	409	694	360	756	314	555	624	
401	348	704	301	441	570	387	680	434	733	436	575	617	502	442	445	516	565	399	383	532	707	0	444	612	427	675	500	724	507	565	587	652	566	739	759	597	386	609	433	509	739	629	736	632	606	548	315	699	463	425	791	523	667	779	556	395	790	752	517	486	
772	412	313	303	622	414	356	414	365	730	680	331	550	579	627	727	519	509	468	507	691	723	444	0	435	537	765	319	758	599	308	785	414	705	724	631	337	779	785	652	685	390	345	329	777	346	507	750	350	374	371	680	773	573	681	446	472	494	445	375	731	
481	564	795	493	736	497	351	636	711	312	711	544	440	434	346	651	733	795	622	426	649	521	612	435	0	637	589	432	637	466	423	418	576	595	312	493	606	739	485	366	440	797	439	793	304	478	414	446	389	647	708	431	508	534	719	389	388	600	463	306	535	
402	764	741	669	425	657	503	639	461	744	365	587	670	535	484	429	384	632	617	494	627	477	427	537	637	0	621	548	583	758	580	688	343	524	680	302	573	384	501	641	365	515	655	523	547	439	632	660	400	756	754	687	497	719	572	539	558	589	501	730	572	
449	688	584	761	791	361	575	488	688	795	508	443	625	535	376	418	689	410	648	333	432	614	675	765	589	621	0	447	589	551	767	371	496	763	705	504	670	568	768	663	589	648	586	586	581	673	696	562	717	708	341	514	423	421	740	715	474	423	646	516	699	
424	608	533	337	531	601	335	686	444	796	343	528	311	616	453	476	447	673	629	786	758	665	500	319	432	548	447	0	767	688	375	445	718	421	332	340	715	582	369	572	337	443	505	548	526	338	374	610	384	340	550	481	593	516	553	333	745	616	631	643	624	
780	553	475	496	738	315	636	523	630	367	772	366	478	762	527	568	472	331	413	703	378	352	724	758	637	583	589	767	0	384	310	521	797	630	441	711	421	674	415	401	667	466	722	758	796	367	658	662	354	628	414	490	791	589	480	358	671	568	388	592	785	
651	699	722	634	619	795	527	781	791	766	653	626	796	513	310	765	651	602	639	541	785	431	507	599	466	758	551	688	384	0	498	651	510	585	485	776	670	484	574	625	304	662	448	516	692	708	397	774	310	332	407	728	682	455	536	538	731	332	353	577	642	
383	441	717	459	769	497	724	550	571	375	768	678	586	398	384	365	409	370	414	337	546	767	565	308	423	580	767	375	310	498	0	762	444	728	323	646	765	478	352	517	710	318	380	761	647	379	481	580	504	617	767	585	726	371	598	525	340	582	606	764	502	
748	472	458	728	794	772	717	374	692	685	479	427	393	701	308	608	640	783	403	605	617	746	587	785	418	688	371	445	521	651	762	0	323	370	352	481	708	644	670	772	561	312	608	350	692	394	471	581	443	452	634	561	554	779	521	646	573	537	302	793	555	
495	529	627	528	612	487	369	624	617	710	707	418	448	609	487	452	371	695	308	372	660	720	652	414	576	343	496	718	797	510	444	323	0	379	354	696	499	600	340	441	737	462	483	378	633	434	323	784	526	463	736	490	432	732	309	331	373	631	693	609	543	
336	533	405	637	515	617	360	795	666	780	302	768	437	360	636	473	462	494	407	455	404	654	566	705	595	524	763	421	630	585	728	370	379	0	664	531	645	467	565	685	479	633	747	674	743	678	489	699	788	749	619	745	649	707	692	628	692	477	761	469	429	
697	446	410	670	718	530	731	532	738	759	794	307	523	668	332	600	783	366	552	785	769	695	739	724	312	680	705	332	441	485	323	352	354	664	0	636	534	520	448	638	440	371	464	779	319	766	620	560	617	737	666	427	570	739	786	587	367	370	496	756	677	
424	325	372	622	611	735	688	414	404	680	363	652	551	587	563	386	558	779	610	353	692	720	759	631	493	302	504	340	711	776	646	481	696	531	636	0	464	741	353	617	549	519	523	456	618	730	530	536	389	586	355	573	557	785	771	456	569	459	595	729	517	
474	598	338	695	717	489	746	729	438	745	572	402	663	551	664	711	582	763	793	437	437	559	597	337	606	573	670	715	421	670	765	708	499	645	534	464	0	319	352	605	749	501	400	570	495	445	512	526	431	623	761	470	636	613	673	674	405	643	328	721	535	
767	306	590	315	576	640	708	657	537	466	337	409	488	336	515	668	418	786	311	665	589	558	386	779	739	384	568	582	674	484	478	644	600	467	520	741	319	0	641	523	617	569	419	533	399	537	584	588	410	482	479	610	745	432	661	503	657	740	360	776	465	
360	349	710	587	420	575	752	602	425	595	540	475	447	553	711	609	768	315	390	727	406	682	609	785	485	501	768	369	415	574	352	670	340	565	448	353	352	641	0	674	565	512	610	544	539	622	680	720	484	437	525	323	708	346	479	687	692	795	655	353	382	
464	408	634	468	596	366	338	770	721	532	717	785	775	345	368	625	753	540	346	440	640	394	433	652	366	641	663	572	401	625	517	772	441	685	638	617	605	523	674	0	447	680	619	349	428	491	606	388	608	582	468	676	499	421	596	777	399	787	690	438	328	
760	532	531	753	377	556	379	629	376	665	440	740	617	393	566	327	424	519	582	604	721	324	509	685	440	365	589	337	667	304	710	561	737	479	440	549	749	617	565	447	0	494	595	330	648	799	663	708	746	377	511	710	494	777	418	347	791	400	405	396	495	
382	471	499	383	344	720	317	305	509	669	454	409	455	685	651	640	384	644	608	438	750	691	739	390	797	515	648	443	466	662	318	312	462	633	371	519	501	569	512	680	494	0	691	335	779	586	340	416	406	530	394	430	407	687	336	324	577	776	413	744	372	
453	420	577	420	612	465	354	670	454	745	556	780	376	340	415	494	349	429	424	428	765	530	629	345	439	655	586	505	722	448	380	608	483	747	464	523	400	419	610	619	595	691	0	533	316	381	661	438	487	467	723	314	671	692	749	562	549	753	457	352	758	
568	638	636	793	499	586	774	717	506	451	691	755	643	560	366	779	613	345	726	414	602	626	736	329	793	523	586	548	758	516	761	350	378	674	779	456	570	533	544	349	330	335	533	0	643	408	311	680	660	750	448	408	510	595	740	574	773	494	368	620	552	
577	648	584	450	728	333	491	468	786	720	482	311	384	313	777	328	733	373	619	706	567	519	632	777	304	547	581	526	796	692	647	692	633	743	319	618	495	399	539	428	648	779	316	643	0	476	385	799	478	660	350	630	608	370	394	594	533	303	561	310	578	
738	371	440	627	416	742	513	439	485	436	791	331	323	543	382	383	770	634	409	301	447	601	606	346	478	439	673	338	367	708	379	394	434	678	766	730	445	537	622	491	799	586	381	408	476	0	468	720	653	498	745	543	315	673	328	468	341	456	581	648	767	
567	772	518	546	741	609	524	566	637	484	559	540	621	688	665	351	620	697	724	408	628	442	548	507	414	632	696	374	658	397	481	471	323	489	620	530	512	584	680	606	663	340	661	311	385	468	0	652	466	519	766	666	404	703	622	372	422	334	745	747	649	
588	785	598	379	679	577	798	472	624	502	488	454	660	720	416	433	773	473	456	525	515	721	315	750	446	660	562	610	662	774	580	581	784	699	560	536	526	588	720	388	708	416	438	680	799	720	652	0	690	306	460	641	471	552	638	636	373	447	611	566	351	
778	310	776	531	740	742	439	494	743	413	622	528	681	642	778	692	306	475	560	766	468	332	699	350	389	400	717	384	354	310	504	443	526	788	617	389	431	410	484	608	746	406	487	660	478	653	466	690	0	788	603	497	677	597	648	597	483	752	699	619	766	
411	727	364	519	519	558	765	321	335	696	390	504	712	663	313	477	415	704	496	425	304	356	463	374	647	756	708	340	628	332	617	452	463	749	737	586	623	482	437	582	377	530	467	750	660	498	519	306	788	0	319	413	426	602	590	323	721	454	424	462	649	
691	690	645	531	798	607	586	678	626	685	682	335	407	734	346	486	437	502	576	548	680	764	425	371	708	754	341	550	414	407	767	634	736	619	666	355	761	479	525	468	511	394	723	448	350	745	766	460	603	319	0	300	426	347	446	792	529	495	442	315	481	
681	509	361	782	755	521	588	484	303	637	661	566	688	486	350	741	611	750	329	581	489	456	791	680	431	687	514	481	490	728	585	561	490	745	427	573	470	610	323	676	710	430	314	408	630	543	666	641	497	413	300	0	501	337	312	493	452	604	487	773	620	
302	402	779	526	696	772	586	337	588	781	639	488	502	549	399	492	763	369	430	321	348	448	523	773	508	497	423	593	791	682	726	554	432	649	570	557	636	745	708	499	494	407	671	510	608	315	404	471	677	426	426	501	0	313	322	497	704	702	556	621	771	
335	374	344	585	417	688	668	561	629	597	587	474	610	669	766	510	632	469	705	596	494	463	667	573	534	719	421	516	589	455	371	779	732	707	739	785	613	432	346	421	777	687	692	595	370	673	703	552	597	602	347	337	313	0	532	454	713	564	780	504	713	
401	366	464	571	441	770	645	526	305	711	535	518	502	571	575	550	734	359	652	648	686	409	779	681	719	572	740	553	480	536	598	521	309	692	786	771	673	661	479	596	418	336	749	740	394	328	622	638	648	590	446	312	322	532	0	617	568	726	748	381	667	
609	658	318	798	523	569	706	477	484	551	761	490	616	782	724	367	750	432	363	362	387	694	556	446	389	539	715	333	358	538	525	646	331	628	587	456	674	503	687	777	347	324	562	574	594	468	372	636	597	323	792	493	497	454	617	0	467	386	325	637	517	
770	746	753	577	537	767	325	517	747	796	766	683	541	385	652	439	534	439	320	696	486	360	395	472	388	558	474	745	671	731	340	573	373	692	367	569	405	657	692	399	791	577	549	773	533	341	422	373	483	721	529	452	704	713	568	467	0	558	471	656	474	
762	466	705	565	480	742	434	363	514	657	579	323	633	674	526	393	740	386	437	427	770	756	790	494	600	589	423	616	568	332	582	537	631	477	370	459	643	740	795	787	400	776	753	494	303	456	334	447	752	454	495	604	702	564	726	386	558	0	723	480	482	
517	544	300	672	750	709	601	328	623	625	649	345	387	564	326	307	748	796	451	411	480	314	752	445	463	501	646	631	388	353	606	302	693	761	496	595	328	360	655	690	405	413	457	368	561	581	745	611	699	424	442	487	556	780	748	325	471	723	0	533	485	
420	780	744	716	412	545	777	336	654	398	588	557	720	540	412	563	695	583	730	634	669	555	517	375	306	730	516	643	592	577	764	793	609	469	756	729	721	776	353	438	396	744	352	620	310	648	747	566	619	462	315	773	621	504	381	637	656	480	533	0	637	
357	342	634	510	662	689	714	650	440	456	638	405	526	400	379	639	540	654	395	413	440	624	486	731	535	572	699	624	785	642	502	555	543	429	677	517	535	465	382	328	495	372	758	552	578	767	649	351	766	649	481	620	771	713	667	517	474	482	485	637	0	
etats
Id_Station	Poids W	Min (P)	WSPT	Priorité	
1	2	300	33,33	1	
2	1	301	33,44	2	
3	5	307	34,11	3	
4	2	312	34,67	4	
5	5	326	36,22	5	
6	1	327	36,33	6	
7	2	301	37,63	7	
8	5	303	37,88	8	
9	9	305	38,13	9	
10	7	306	38,25	10	
11	8	320	40,00	11	
12	8	323	40,38	12	
13	2	328	41,00	13	
14	9	300	42,86	14	
15	9	306	43,71	15	
16	2	310	44,29	16	
17	4	315	45,00	17	
18	6	327	46,71	18	
19	5	300	50,00	19	
20	2	303	50,50	20	
21	7	303	50,50	21	
22	3	303	50,50	22	
23	7	305	50,83	23	
24	2	306	51,00	24	
25	9	302	60,40	25	
26	3	305	61,00	26	
27	2	308	61,60	27	
28	8	321	64,20	28	
29	3	301	75,25	29	
30	1	301	75,25	30	
31	7	301	75,25	31	
32	6	301	75,25	32	
33	9	302	75,50	33	
34	5	303	75,75	34	
35	3	305	76,25	35	
36	7	307	76,75	36	
37	1	307	76,75	37	
38	9	314	78,50	38	
39	6	300	100,00	39	
40	1	300	100,00	40	
41	4	300	100,00	41	
42	7	312	104,00	42	
43	9	313	104,33	43	
44	1	318	106,00	44	
45	9	300	150,00	45	
46	7	301	150,50	46	
47	8	302	151,00	47	
48	3	313	156,50	48	
49	2	317	158,50	49	
50	4	300	300,00	50	
51	1	300	300,00	51	
52	1	300	300,00	52	
53	1	303	303,00	53	
54	1	307	307,00	54	
55	7	311	311,00	55	
56	2	317	317,00	56	
57	1	320	320,00	57	
58	2	321	321,00	58	
59	2	323	323,00	59	
60	9	325	325,00	60	

