distances
0	689	649	354	338	364	529	549	584	775	544	694	744	372	303	526	613	456	346	716	672	790	491	754	509	549	431	546	641	528	560	669	322	406	552	642	626	578	445	583	647	359	397	658	301	464	661	439	330	776	507	608	774	362	471	508	763	479	348	501	409	
689	0	797	438	718	694	697	585	655	581	604	436	718	500	676	641	634	338	521	591	345	599	652	463	514	399	605	473	546	706	309	677	636	385	473	623	515	410	686	530	396	493	701	333	753	784	696	310	754	574	611	308	409	359	559	667	764	532	475	376	514	
649	797	0	681	358	576	578	568	754	585	708	350	378	515	601	411	318	741	562	310	776	775	544	731	502	729	729	369	396	521	772	347	338	681	676	543	735	689	442	462	552	569	750	597	583	532	740	474	504	678	635	729	446	637	430	434	782	340	366	475	563	
354	438	681	0	482	435	398	441	780	678	625	435	646	474	336	470	362	787	397	592	508	604	637	529	679	772	749	725	635	548	398	679	619	362	303	535	398	413	777	460	451	405	491	736	494	586	535	381	677	775	593	422	781	730	721	334	561	560	770	568	448	
338	718	358	482	0	656	613	543	654	516	345	775	582	590	444	358	699	582	358	350	429	407	713	690	458	440	311	515	504	462	421	312	690	653	442	503	375	614	439	541	626	353	431	304	652	432	507	432	341	327	584	504	545	725	419	676	681	345	703	326	710	
364	694	576	435	656	0	488	501	765	716	509	522	414	694	332	519	429	475	329	559	599	568	700	618	387	457	492	554	641	548	337	720	732	709	682	357	366	497	497	455	526	350	371	595	352	673	746	483	396	406	503	700	749	397	769	654	444	472	642	402	752	
529	697	578	398	613	488	0	563	710	557	366	747	515	764	559	301	304	306	446	480	569	736	689	471	532	525	653	583	427	492	551	381	478	423	392	487	453	761	559	325	664	655	306	708	758	706	672	669	343	673	379	613	369	508	530	314	623	622	572	468	678	
549	585	568	441	543	501	563	0	529	442	623	355	653	541	421	799	330	402	394	393	630	534	693	483	436	619	450	683	760	359	346	445	673	420	744	604	396	765	491	524	744	574	733	373	690	425	490	367	609	320	561	795	380	530	778	642	485	746	529	595	758	
584	655	754	780	654	765	710	529	0	522	300	305	333	646	306	522	485	531	566	725	472	493	525	409	666	702	397	327	535	382	335	376	495	530	616	635	555	617	786	415	745	324	727	403	712	312	428	563	394	509	692	668	460	729	580	311	355	333	310	447	672	
775	581	585	678	516	716	557	442	522	0	402	387	706	683	711	625	476	505	413	764	454	303	320	366	624	710	366	492	756	357	651	550	391	319	538	424	595	370	397	588	302	562	312	620	750	716	473	481	327	522	671	700	755	511	785	688	406	337	353	375	443	
544	604	708	625	345	509	366	623	300	402	0	700	440	584	788	492	618	442	641	626	300	709	734	426	504	706	341	634	485	747	367	752	504	349	495	775	328	582	374	606	631	663	531	548	490	654	536	603	735	543	761	474	606	606	734	554	440	361	439	386	639	
694	436	350	435	775	522	747	355	305	387	700	0	666	369	434	393	431	426	477	402	616	687	641	342	618	513	413	619	731	518	775	477	669	461	676	519	526	628	362	775	591	536	306	425	482	462	538	340	710	524	601	572	385	789	470	319	330	561	491	456	478	
744	718	378	646	582	414	515	653	333	706	440	666	0	701	555	311	585	396	797	369	722	547	695	440	698	435	615	585	320	657	659	366	571	630	635	600	706	490	696	427	728	523	608	464	648	503	615	369	448	505	786	480	475	730	783	769	679	503	521	338	731	
372	500	515	474	590	694	764	541	646	683	584	369	701	0	315	703	604	355	573	670	727	544	431	760	459	708	344	652	593	754	739	497	629	722	530	598	748	642	488	715	645	479	375	442	519	747	723	543	569	322	418	786	700	579	721	504	564	425	747	546	457	
303	676	601	336	444	332	559	421	306	711	788	434	555	315	0	675	573	590	790	547	330	439	583	379	590	491	619	742	662	522	768	596	732	504	450	765	782	649	675	590	403	325	625	341	778	381	621	365	370	782	366	359	636	695	732	780	670	547	718	353	424	
526	641	411	470	358	519	301	799	522	625	492	393	311	703	675	0	792	775	631	443	487	390	385	305	672	587	704	698	664	667	370	558	386	633	644	625	648	488	488	558	665	609	330	557	677	608	596	532	510	351	545	405	475	657	542	798	785	328	473	339	426	
613	634	318	362	699	429	304	330	485	476	618	431	585	604	573	792	0	774	351	710	710	438	667	448	791	701	728	396	488	724	496	657	494	524	687	453	309	330	528	406	617	684	717	795	575	553	593	529	718	557	603	340	493	470	521	536	586	768	345	510	657	
456	338	741	787	582	475	306	402	531	505	442	426	396	355	590	775	774	0	346	695	535	484	323	727	625	453	574	671	560	356	329	626	721	583	597	707	563	416	348	592	546	511	337	447	622	561	557	649	741	660	634	446	338	318	663	519	630	316	347	387	724	
346	521	562	397	358	329	446	394	566	413	641	477	797	573	790	631	351	346	0	797	559	379	540	678	661	323	528	480	567	443	718	367	346	641	725	629	486	558	396	678	356	761	493	478	625	357	577	731	627	501	405	602	309	524	678	511	404	755	542	745	305	
716	591	310	592	350	559	480	393	725	764	626	402	369	670	547	443	710	695	797	0	382	652	535	752	790	511	309	587	527	432	545	453	421	474	441	370	530	581	453	674	501	328	629	754	452	512	321	319	352	410	394	642	541	492	566	433	663	541	682	427	466	
672	345	776	508	429	599	569	630	472	454	300	616	722	727	330	487	710	535	559	382	0	645	518	772	627	340	435	610	746	318	378	610	364	798	399	707	691	437	722	448	312	552	410	396	376	441	353	722	750	418	768	732	531	363	766	689	325	647	549	539	319	
790	599	775	604	407	568	736	534	493	303	709	687	547	544	439	390	438	484	379	652	645	0	418	705	710	567	683	300	686	688	620	482	629	363	307	724	598	486	343	480	339	671	778	696	530	651	759	717	428	330	624	463	558	789	681	334	666	650	661	512	664	
491	652	544	637	713	700	689	693	525	320	734	641	695	431	583	385	667	323	540	535	518	418	0	405	385	738	721	695	302	721	597	585	385	589	300	631	784	574	335	746	790	339	440	621	612	677	676	746	613	434	491	428	333	420	792	313	465	562	450	341	621	
754	463	731	529	690	618	471	483	409	366	426	342	440	760	379	305	448	727	678	752	772	705	405	0	481	727	719	742	415	573	459	612	773	795	613	544	406	401	421	369	466	564	721	378	538	483	547	593	324	577	519	579	761	787	421	714	759	557	647	573	548	
509	514	502	679	458	387	532	436	666	624	504	618	698	459	590	672	791	625	661	790	627	710	385	481	0	721	567	744	394	349	516	366	734	618	570	731	342	575	561	580	350	710	599	499	388	745	507	763	694	523	470	350	760	749	501	630	644	439	473	456	507	
549	399	729	772	440	457	525	619	702	710	706	513	435	708	491	587	701	453	323	511	340	567	738	727	721	0	541	392	510	301	539	389	360	759	325	503	659	750	514	635	681	338	466	637	464	569	448	438	532	639	489	623	535	547	599	587	699	373	624	591	553	
431	605	729	749	311	492	653	450	397	366	341	413	615	344	619	704	728	574	528	309	435	683	721	719	567	541	0	648	592	639	499	385	448	605	794	578	491	681	756	785	546	454	423	456	696	379	678	669	633	379	745	347	315	754	553	316	333	655	536	640	792	
546	473	369	725	515	554	583	683	327	492	634	619	585	652	742	698	396	671	480	587	610	300	695	742	744	392	648	0	503	686	318	470	745	782	372	657	585	350	389	341	763	754	411	451	485	576	701	375	574	690	504	420	320	455	319	468	450	385	468	455	300	
641	546	396	635	504	641	427	760	535	756	485	731	320	593	662	664	488	560	567	527	746	686	302	415	394	510	592	503	0	508	486	583	587	715	434	735	778	597	323	771	655	638	427	604	369	492	699	716	682	471	307	628	699	564	376	662	503	515	301	795	700	
528	706	521	548	462	548	492	359	382	357	747	518	657	754	522	667	724	356	443	432	318	688	721	573	349	301	639	686	508	0	393	707	786	775	522	541	681	553	771	675	500	325	480	709	498	495	526	656	772	326	717	554	772	644	601	676	791	463	690	794	748	
560	309	772	398	421	337	551	346	335	651	367	775	659	739	768	370	496	329	718	545	378	620	597	459	516	539	499	318	486	393	0	493	414	690	509	466	398	548	377	542	645	419	548	697	532	442	475	604	495	508	562	417	317	782	696	499	519	490	572	316	638	
669	677	347	679	312	720	381	445	376	550	752	477	366	497	596	558	657	626	367	453	610	482	585	612	366	389	385	470	583	707	493	0	788	686	524	587	583	589	619	371	414	390	551	319	749	328	796	658	365	555	596	499	326	320	584	594	695	412	675	726	729	
322	636	338	619	690	732	478	673	495	391	504	669	571	629	732	386	494	721	346	421	364	629	385	773	734	360	448	745	587	786	414	788	0	738	680	500	317	601	727	758	333	328	777	584	463	412	377	368	399	715	413	748	403	649	427	781	622	489	569	381	646	
406	385	681	362	653	709	423	420	530	319	349	461	630	722	504	633	524	583	641	474	798	363	589	795	618	759	605	782	715	775	690	686	738	0	337	753	512	738	370	694	456	535	476	446	319	654	669	452	713	608	682	596	469	332	789	394	329	309	790	589	533	
552	473	676	303	442	682	392	744	616	538	495	676	635	530	450	644	687	597	725	441	399	307	300	613	570	325	794	372	434	522	509	524	680	337	0	474	533	374	504	788	759	720	555	431	711	381	441	784	723	593	435	302	797	785	535	691	507	348	529	463	663	
642	623	543	535	503	357	487	604	635	424	775	519	600	598	765	625	453	707	629	370	707	724	631	544	731	503	578	657	735	541	466	587	500	753	474	0	341	479	772	475	327	500	670	456	662	563	622	380	747	639	302	390	674	427	672	749	679	731	663	555	595	
626	515	735	398	375	366	453	396	555	595	328	526	706	748	782	648	309	563	486	530	691	598	784	406	342	659	491	585	778	681	398	583	317	512	533	341	0	670	688	684	533	438	345	589	303	357	781	720	653	658	407	374	431	362	346	760	598	776	718	378	441	
578	410	689	413	614	497	761	765	617	370	582	628	490	642	649	488	330	416	558	581	437	486	574	401	575	750	681	350	597	553	548	589	601	738	374	479	670	0	478	659	652	602	403	391	469	394	510	631	701	555	584	443	612	409	366	796	681	727	637	787	337	
445	686	442	777	439	497	559	491	786	397	374	362	696	488	675	488	528	348	396	453	722	343	335	421	561	514	756	389	323	771	377	619	727	370	504	772	688	478	0	395	322	459	584	712	303	540	526	685	315	378	778	436	541	382	447	729	793	568	348	752	603	
583	530	462	460	541	455	325	524	415	588	606	775	427	715	590	558	406	592	678	674	448	480	746	369	580	635	785	341	771	675	542	371	758	694	788	475	684	659	395	0	549	622	731	797	363	308	305	774	614	773	341	634	744	618	510	506	330	776	496	648	302	
647	396	552	451	626	526	664	744	745	302	631	591	728	645	403	665	617	546	356	501	312	339	790	466	350	681	546	763	655	500	645	414	333	456	759	327	533	652	322	549	0	411	387	670	430	386	792	771	540	710	650	498	735	727	798	418	533	501	778	520	419	
359	493	569	405	353	350	655	574	324	562	663	536	523	479	325	609	684	511	761	328	552	671	339	564	710	338	454	754	638	325	419	390	328	535	720	500	438	602	459	622	411	0	718	446	632	355	552	798	729	662	482	469	682	670	568	359	496	430	579	571	736	
397	701	750	491	431	371	306	733	727	312	531	306	608	375	625	330	717	337	493	629	410	778	440	721	599	466	423	411	427	480	548	551	777	476	555	670	345	403	584	731	387	718	0	470	740	587	370	340	723	631	364	313	754	737	592	677	510	388	436	554	485	
658	333	597	736	304	595	708	373	403	620	548	425	464	442	341	557	795	447	478	754	396	696	621	378	499	637	456	451	604	709	697	319	584	446	431	456	589	391	712	797	670	446	470	0	669	721	450	685	592	757	569	588	647	608	742	469	312	756	612	509	760	
301	753	583	494	652	352	758	690	712	750	490	482	648	519	778	677	575	622	625	452	376	530	612	538	388	464	696	485	369	498	532	749	463	319	711	662	303	469	303	363	430	632	740	669	0	582	514	349	611	779	682	602	357	378	451	463	543	795	746	744	624	
464	784	532	586	432	673	706	425	312	716	654	462	503	747	381	608	553	561	357	512	441	651	677	483	745	569	379	576	492	495	442	328	412	654	381	563	357	394	540	308	386	355	587	721	582	0	449	574	341	765	598	438	574	792	564	553	750	558	451	605	401	
661	696	740	535	507	746	672	490	428	473	536	538	615	723	621	596	593	557	577	321	353	759	676	547	507	448	678	701	699	526	475	796	377	669	441	622	781	510	526	305	792	552	370	450	514	449	0	501	449	329	378	323	475	505	727	757	648	391	782	358	718	
439	310	474	381	432	483	669	367	563	481	603	340	369	543	365	532	529	649	731	319	722	717	746	593	763	438	669	375	716	656	604	658	368	452	784	380	720	631	685	774	771	798	340	685	349	574	501	0	428	601	595	570	747	371	767	315	738	415	429	483	321	
330	754	504	677	341	396	343	609	394	327	735	710	448	569	370	510	718	741	627	352	750	428	613	324	694	532	633	574	682	772	495	365	399	713	723	747	653	701	315	614	540	729	723	592	611	341	449	428	0	680	621	794	737	594	598	338	317	367	419	767	586	
776	574	678	775	327	406	673	320	509	522	543	524	505	322	782	351	557	660	501	410	418	330	434	577	523	639	379	690	471	326	508	555	715	608	593	639	658	555	378	773	710	662	631	757	779	765	329	601	680	0	649	374	714	497	550	578	342	718	305	603	544	
507	611	635	593	584	503	379	561	692	671	761	601	786	418	366	545	603	634	405	394	768	624	491	519	470	489	745	504	307	717	562	596	413	682	435	302	407	584	778	341	650	482	364	569	682	598	378	595	621	649	0	449	324	412	524	501	529	589	530	487	465	
608	308	729	422	504	700	613	795	668	700	474	572	480	786	359	405	340	446	602	642	732	463	428	579	350	623	347	420	628	554	417	499	748	596	302	390	374	443	436	634	498	469	313	588	602	438	323	570	794	374	449	0	563	793	745	655	408	566	496	337	710	
774	409	446	781	545	749	369	380	460	755	606	385	475	700	636	475	493	338	309	541	531	558	333	761	760	535	315	320	699	772	317	326	403	469	797	674	431	612	541	744	735	682	754	647	357	574	475	747	737	714	324	563	0	504	546	612	578	487	583	716	510	
362	359	637	730	725	397	508	530	729	511	606	789	730	579	695	657	470	318	524	492	363	789	420	787	749	547	754	455	564	644	782	320	649	332	785	427	362	409	382	618	727	670	737	608	378	792	505	371	594	497	412	793	504	0	719	687	305	790	437	306	302	
471	559	430	721	419	769	530	778	580	785	734	470	783	721	732	542	521	663	678	566	766	681	792	421	501	599	553	319	376	601	696	584	427	789	535	672	346	366	447	510	798	568	592	742	451	564	727	767	598	550	524	745	546	719	0	783	709	418	466	720	417	
508	667	434	334	676	654	314	642	311	688	554	319	769	504	780	798	536	519	511	433	689	334	313	714	630	587	316	468	662	676	499	594	781	394	691	749	760	796	729	506	418	359	677	469	463	553	757	315	338	578	501	655	612	687	783	0	791	657	532	754	694	
763	764	782	561	681	444	623	485	355	406	440	330	679	564	670	785	586	630	404	663	325	666	465	759	644	699	333	450	503	791	519	695	622	329	507	679	598	681	793	330	533	496	510	312	543	750	648	738	317	342	529	408	578	305	709	791	0	546	752	362	664	
479	532	340	560	345	472	622	746	333	337	361	561	503	425	547	328	768	316	755	541	647	650	562	557	439	373	655	385	515	463	490	412	489	309	348	731	776	727	568	776	501	430	388	756	795	558	391	415	367	718	589	566	487	790	418	657	546	0	538	757	660	
348	475	366	770	703	642	572	529	310	353	439	491	521	747	718	473	345	347	542	682	549	661	450	647	473	624	536	468	301	690	572	675	569	790	529	663	718	637	348	496	778	579	436	612	746	451	782	429	419	305	530	496	583	437	466	532	752	538	0	384	788	
501	376	475	568	326	402	468	595	447	375	386	456	338	546	353	339	510	387	745	427	539	512	341	573	456	591	640	455	795	794	316	726	381	589	463	555	378	787	752	648	520	571	554	509	744	605	358	483	767	603	487	337	716	306	720	754	362	757	384	0	773	
409	514	563	448	710	752	678	758	672	443	639	478	731	457	424	426	657	724	305	466	319	664	621	548	507	553	792	300	700	748	638	729	646	533	663	595	441	337	603	302	419	736	485	760	624	401	718	321	586	544	465	710	510	302	417	694	664	660	788	773	0	
etats
Id_Station	Poids W	Min (P)	WSPT	Priorité	
1	2	302	33,56	1	
2	5	303	33,67	2	
3	8	308	34,22	3	
4	1	312	34,67	4	
5	4	313	34,78	5	
6	3	301	37,63	6	
7	1	301	37,63	7	
8	8	305	38,13	8	
9	4	305	38,13	9	
10	8	305	38,13	10	
11	4	306	38,25	11	
12	6	310	38,75	12	
13	8	319	39,88	13	
14	7	306	43,71	14	
15	8	310	44,29	15	
16	2	323	46,14	16	
17	1	300	50,00	17	
18	8	300	50,00	18	
19	3	301	50,17	19	
20	3	301	50,17	20	
21	3	303	50,50	21	
22	1	310	51,67	22	
23	1	310	51,67	23	
24	7	345	57,50	24	
25	7	302	60,40	25	
26	4	308	61,60	26	
27	3	311	62,20	27	
28	5	319	63,80	28	
29	9	319	63,80	29	
30	1	300	75,00	30	
31	1	300	75,00	31	
32	7	302	75,50	32	
33	1	304	76,00	33	
34	2	305	76,25	34	
35	6	305	76,25	35	
36	6	305	76,25	36	
37	3	314	78,50	37	
38	1	315	78,75	38	
39	5	301	100,33	39	
40	2	305	101,67	40	
41	2	308	102,67	41	
42	3	314	104,67	42	
43	1	312	156,00	43	
44	2	313	156,50	44	
45	1	326	163,00	45	
46	6	302	302,00	46	
47	3	303	303,00	47	
48	4	303	303,00	48	
49	1	305	305,00	49	
50	1	305	305,00	50	
51	4	305	305,00	51	
52	8	305	305,00	52	
53	1	306	306,00	53	
54	2	310	310,00	54	
55	9	311	311,00	55	
56	7	312	312,00	56	
57	9	314	314,00	57	
58	7	316	316,00	58	
59	1	323	323,00	59	
60	3	335	335,00	60	

