distances
0	383	379	639	351	483	730	594	711	594	663	601	356	584	508	525	633	376	376	725	559	773	578	763	786	743	605	698	676	789	523	796	319	611	796	352	702	314	743	383	334	703	352	389	516	556	587	473	736	773	614	374	625	480	316	389	392	617	327	606	646	
383	0	444	359	336	660	553	388	587	658	647	302	332	630	523	498	542	341	416	323	452	497	701	629	380	352	547	357	478	632	610	556	313	763	791	771	789	300	542	720	442	787	784	754	449	728	405	535	446	343	717	599	691	534	585	602	411	607	337	754	328	
379	444	0	631	388	536	655	600	316	560	659	433	760	647	418	635	612	677	685	558	434	553	743	464	728	694	403	427	308	540	486	570	459	591	453	424	596	457	457	579	394	653	749	650	443	393	795	320	571	608	692	674	359	542	641	498	457	350	413	611	503	
639	359	631	0	591	748	358	578	540	319	301	774	324	788	540	573	575	600	556	486	702	630	316	550	698	697	409	660	412	650	473	683	713	526	644	513	694	558	346	702	592	373	615	499	716	617	510	627	746	315	490	391	725	446	412	666	777	581	746	501	335	
351	336	388	591	0	642	728	716	635	475	484	742	471	702	631	606	440	713	408	518	568	577	644	767	355	640	588	412	645	389	530	559	543	698	405	633	785	612	702	572	327	441	411	608	524	490	520	447	634	442	439	382	773	725	477	773	681	772	630	350	735	
483	660	536	748	642	0	333	739	506	538	617	472	661	332	447	512	779	599	482	372	704	577	710	580	500	679	474	398	767	736	727	376	674	610	613	677	627	423	775	512	412	484	767	599	501	721	451	544	570	560	590	321	696	660	381	647	328	500	415	768	443	
730	553	655	358	728	333	0	427	733	302	753	425	427	439	416	607	649	665	506	550	425	599	681	370	474	481	367	751	552	343	342	460	362	587	357	472	319	326	746	569	362	798	543	537	511	573	760	321	642	511	763	750	419	415	323	447	770	564	618	748	652	
594	388	600	578	716	739	427	0	691	469	776	412	552	355	698	586	643	320	710	614	315	530	653	741	757	525	611	697	467	656	704	577	552	540	421	523	487	724	516	326	300	731	432	398	723	739	743	396	654	332	433	751	627	487	436	586	597	525	378	303	611	
711	587	316	540	635	506	733	691	0	394	396	621	574	564	768	544	361	643	565	514	427	718	679	338	609	491	598	402	487	433	707	545	623	426	716	472	738	632	352	305	747	789	400	420	707	398	752	422	375	466	537	409	493	413	384	384	387	558	367	605	570	
594	658	560	319	475	538	302	469	394	0	440	329	671	323	779	584	325	377	776	495	734	556	517	674	497	729	412	328	724	356	632	332	664	326	453	631	542	547	398	400	336	430	423	655	328	388	550	558	754	653	523	705	582	322	305	550	381	782	747	500	728	
663	647	659	301	484	617	753	776	396	440	0	332	766	499	531	393	478	500	526	569	509	652	425	654	405	508	359	316	480	427	515	698	533	407	452	541	354	501	770	779	550	685	789	609	644	410	606	435	739	620	584	363	443	512	359	670	492	484	361	319	543	
601	302	433	774	742	472	425	412	621	329	332	0	584	500	492	744	772	556	596	469	571	644	796	638	370	764	308	646	317	774	531	704	695	354	354	455	683	328	314	375	403	617	492	719	562	681	713	584	789	659	395	595	424	634	388	369	395	551	458	521	613	
356	332	760	324	471	661	427	552	574	671	766	584	0	464	513	681	597	524	325	472	684	309	577	422	638	469	463	583	698	677	306	328	636	690	659	588	658	747	762	333	604	783	682	745	368	300	650	722	792	324	707	789	710	664	779	581	686	303	341	786	688	
584	630	647	788	702	332	439	355	564	323	499	500	464	0	533	503	488	631	524	624	315	597	704	613	677	794	752	457	395	725	570	769	491	493	319	419	488	508	673	365	742	601	374	593	466	401	386	442	753	551	603	664	404	757	311	579	736	464	416	681	492	
508	523	418	540	631	447	416	698	768	779	531	492	513	533	0	581	435	743	500	443	629	528	702	607	708	329	462	344	323	506	638	670	541	473	583	401	600	796	707	579	747	765	774	411	736	489	317	418	716	725	630	631	586	671	449	691	755	496	686	588	499	
525	498	635	573	606	512	607	586	544	584	393	744	681	503	581	0	552	799	712	340	363	694	781	677	537	749	453	397	609	509	464	763	375	605	576	313	717	501	374	484	417	465	774	676	570	414	628	437	718	315	545	774	485	757	740	657	347	524	640	501	445	
633	542	612	575	440	779	649	643	361	325	478	772	597	488	435	552	0	369	634	750	585	770	790	510	372	352	738	459	671	440	736	554	606	558	539	688	600	652	702	422	527	531	781	540	626	589	611	363	608	780	681	316	539	735	315	500	675	535	459	715	342	
376	341	677	600	713	599	665	320	643	377	500	556	524	631	743	799	369	0	607	398	524	359	638	676	763	563	700	508	503	346	490	452	634	766	323	600	587	326	683	705	670	745	537	742	451	332	482	321	527	531	490	657	669	456	470	597	600	543	563	534	677	
376	416	685	556	408	482	506	710	565	776	526	596	325	524	500	712	634	607	0	346	562	650	341	466	428	688	335	374	501	716	531	761	604	555	326	598	427	557	354	662	754	348	323	566	507	551	757	709	560	625	682	532	473	501	606	612	430	709	391	354	783	
725	323	558	486	518	372	550	614	514	495	569	469	472	624	443	340	750	398	346	0	301	487	414	401	432	768	797	523	628	576	622	542	463	659	620	365	708	367	619	683	321	670	408	564	526	554	772	504	496	445	681	363	384	305	775	538	413	657	364	430	334	
559	452	434	702	568	704	425	315	427	734	509	571	684	315	629	363	585	524	562	301	0	391	777	323	517	361	678	398	423	467	519	472	778	636	756	416	576	374	457	639	340	683	493	759	720	536	411	406	337	758	376	786	447	442	665	673	367	699	538	665	700	
773	497	553	630	577	577	599	530	718	556	652	644	309	597	528	694	770	359	650	487	391	0	602	647	461	747	565	340	673	799	522	698	622	647	538	412	772	545	672	680	411	601	669	427	376	525	734	569	505	736	531	575	333	449	581	370	306	443	575	627	488	
578	701	743	316	644	710	681	653	679	517	425	796	577	704	702	781	790	638	341	414	777	602	0	375	784	705	619	369	700	437	763	585	422	332	618	345	719	630	334	566	780	666	795	754	453	367	496	740	619	685	761	532	599	487	413	776	637	599	330	313	797	
763	629	464	550	767	580	370	741	338	674	654	638	422	613	607	677	510	676	466	401	323	647	375	0	550	458	727	634	528	453	490	370	785	770	497	673	614	495	746	676	779	511	693	385	404	549	790	570	641	481	421	348	681	526	663	704	327	494	349	562	596	
786	380	728	698	355	500	474	757	609	497	405	370	638	677	708	537	372	763	428	432	517	461	784	550	0	659	389	562	628	427	550	745	758	396	436	370	458	418	727	586	331	465	756	303	316	412	341	401	680	457	589	379	494	486	761	378	458	617	553	742	412	
743	352	694	697	640	679	481	525	491	729	508	764	469	794	329	749	352	563	688	768	361	747	705	458	659	0	332	651	427	732	610	577	455	725	742	497	616	534	398	610	464	400	532	646	543	453	362	460	337	616	464	475	546	441	310	680	704	380	493	564	504	
605	547	403	409	588	474	367	611	598	412	359	308	463	752	462	453	738	700	335	797	678	565	619	727	389	332	0	601	614	733	668	551	531	471	528	485	452	305	637	548	619	433	634	390	600	433	553	400	503	647	554	695	701	526	623	318	476	509	399	766	405	
698	357	427	660	412	398	751	697	402	328	316	646	583	457	344	397	459	508	374	523	398	340	369	634	562	651	601	0	374	702	469	723	578	615	436	413	608	342	487	575	593	598	426	399	317	307	641	516	676	354	707	542	424	640	502	632	607	538	584	546	748	
676	478	308	412	645	767	552	467	487	724	480	317	698	395	323	609	671	503	501	628	423	673	700	528	628	427	614	374	0	658	674	521	611	635	677	604	586	688	410	402	482	545	329	483	458	603	442	305	410	315	425	477	796	675	328	788	349	558	726	707	498	
789	632	540	650	389	736	343	656	433	356	427	774	677	725	506	509	440	346	716	576	467	799	437	453	427	732	733	702	658	0	604	688	557	540	491	318	519	533	504	432	687	307	421	369	455	713	670	678	543	323	662	503	735	658	314	789	799	797	389	700	437	
523	610	486	473	530	727	342	704	707	632	515	531	306	570	638	464	736	490	531	622	519	522	763	490	550	610	668	469	674	604	0	558	407	690	325	514	455	586	627	478	475	547	476	581	465	505	576	703	786	715	460	616	473	563	512	594	693	495	774	787	549	
796	556	570	683	559	376	460	577	545	332	698	704	328	769	670	763	554	452	761	542	472	698	585	370	745	577	551	723	521	688	558	0	681	778	663	733	416	775	687	482	331	544	683	469	796	494	344	651	638	468	405	362	456	566	765	328	410	432	752	770	699	
319	313	459	713	543	674	362	552	623	664	533	695	636	491	541	375	606	634	604	463	778	622	422	785	758	455	531	578	611	557	407	681	0	361	362	374	470	772	690	526	378	396	326	369	474	714	485	637	716	665	376	435	360	580	495	494	470	307	418	518	508	
611	763	591	526	698	610	587	540	426	326	407	354	690	493	473	605	558	766	555	659	636	647	332	770	396	725	471	615	635	540	690	778	361	0	602	414	609	696	699	574	437	539	474	569	730	588	702	752	569	330	563	699	448	360	731	613	466	650	521	770	570	
796	791	453	644	405	613	357	421	716	453	452	354	659	319	583	576	539	323	326	620	756	538	618	497	436	742	528	436	677	491	325	663	362	602	0	754	610	529	633	344	576	441	702	774	718	798	478	571	314	674	581	511	440	516	602	585	500	679	625	338	320	
352	771	424	513	633	677	472	523	472	631	541	455	588	419	401	313	688	600	598	365	416	412	345	673	370	497	485	413	604	318	514	733	374	414	754	0	599	643	581	462	740	773	347	317	389	538	346	443	368	624	584	549	523	399	300	596	530	356	402	495	489	
702	789	596	694	785	627	319	487	738	542	354	683	658	488	600	717	600	587	427	708	576	772	719	614	458	616	452	608	586	519	455	416	470	609	610	599	0	380	776	373	619	502	478	518	722	387	459	335	311	419	439	797	708	303	381	392	377	734	588	532	699	
314	300	457	558	612	423	326	724	632	547	501	328	747	508	796	501	652	326	557	367	374	545	630	495	418	534	305	342	688	533	586	775	772	696	529	643	380	0	489	729	594	445	777	774	645	471	404	479	521	574	375	637	361	375	665	477	786	629	629	659	797	
743	542	457	346	702	775	746	516	352	398	770	314	762	673	707	374	702	683	354	619	457	672	334	746	727	398	637	487	410	504	627	687	690	699	633	581	776	489	0	538	589	609	585	676	482	361	747	312	737	743	784	538	443	380	609	740	530	734	402	781	509	
383	720	579	702	572	512	569	326	305	400	779	375	333	365	579	484	422	705	662	683	639	680	566	676	586	610	548	575	402	432	478	482	526	574	344	462	373	729	538	0	750	374	432	732	752	442	600	365	554	524	651	704	674	671	687	713	387	456	646	347	771	
334	442	394	592	327	412	362	300	747	336	550	403	604	742	747	417	527	670	754	321	340	411	780	779	331	464	619	593	482	687	475	331	378	437	576	740	619	594	589	750	0	740	549	477	483	590	538	518	619	718	743	358	484	708	799	489	631	662	780	363	427	
703	787	653	373	441	484	798	731	789	430	685	617	783	601	765	465	531	745	348	670	683	601	666	511	465	400	433	598	545	307	547	544	396	539	441	773	502	445	609	374	740	0	661	311	739	493	480	714	486	591	711	478	590	532	627	445	505	570	656	554	608	
352	784	749	615	411	767	543	432	400	423	789	492	682	374	774	774	781	537	323	408	493	669	795	693	756	532	634	426	329	421	476	683	326	474	702	347	478	777	585	432	549	661	0	552	300	753	550	301	485	304	559	778	516	497	372	514	400	501	662	676	360	
389	754	650	499	608	599	537	398	420	655	609	719	745	593	411	676	540	742	566	564	759	427	754	385	303	646	390	399	483	369	581	469	369	569	774	317	518	774	676	732	477	311	552	0	703	343	676	432	576	774	624	587	624	481	766	648	582	566	456	654	716	
516	449	443	716	524	501	511	723	707	328	644	562	368	466	736	570	626	451	507	526	720	376	453	404	316	543	600	317	458	455	465	796	474	730	718	389	722	645	482	752	483	739	300	703	0	397	579	605	348	694	331	329	781	394	347	613	480	697	409	309	682	
556	728	393	617	490	721	573	739	398	388	410	681	300	401	489	414	589	332	551	554	536	525	367	549	412	453	433	307	603	713	505	494	714	588	798	538	387	471	361	442	590	493	753	343	397	0	372	309	503	670	604	734	726	590	323	779	566	560	663	718	337	
587	405	795	510	520	451	760	743	752	550	606	713	650	386	317	628	611	482	757	772	411	734	496	790	341	362	553	641	442	670	576	344	485	702	478	346	459	404	747	600	538	480	550	676	579	372	0	764	343	386	798	413	798	445	406	612	422	361	325	524	666	
473	535	320	627	447	544	321	396	422	558	435	584	722	442	418	437	363	321	709	504	406	569	740	570	401	460	400	516	305	678	703	651	637	752	571	443	335	479	312	365	518	714	301	432	605	309	764	0	405	486	449	326	468	702	337	524	780	526	389	452	676	
736	446	571	746	634	570	642	654	375	754	739	789	792	753	716	718	608	527	560	496	337	505	619	641	680	337	503	676	410	543	786	638	716	569	314	368	311	521	737	554	619	486	485	576	348	503	343	405	0	301	327	755	752	643	441	594	533	634	617	607	789	
773	343	608	315	442	560	511	332	466	653	620	659	324	551	725	315	780	531	625	445	758	736	685	481	457	616	647	354	315	323	715	468	665	330	674	624	419	574	743	524	718	591	304	774	694	670	386	486	301	0	769	660	761	459	536	772	708	414	479	483	551	
614	717	692	490	439	590	763	433	537	523	584	395	707	603	630	545	681	490	682	681	376	531	761	421	589	464	554	707	425	662	460	405	376	563	581	584	439	375	784	651	743	711	559	624	331	604	798	449	327	769	0	583	444	400	664	533	645	722	762	681	599	
374	599	674	391	382	321	750	751	409	705	363	595	789	664	631	774	316	657	532	363	786	575	532	348	379	475	695	542	477	503	616	362	435	699	511	549	797	637	538	704	358	478	778	587	329	734	413	326	755	660	583	0	523	707	495	652	335	312	629	720	398	
625	691	359	725	773	696	419	627	493	582	443	424	710	404	586	485	539	669	473	384	447	333	599	681	494	546	701	424	796	735	473	456	360	448	440	523	708	361	443	674	484	590	516	624	781	726	798	468	752	761	444	523	0	417	321	374	707	456	468	463	662	
480	534	542	446	725	660	415	487	413	322	512	634	664	757	671	757	735	456	501	305	442	449	487	526	486	441	526	640	675	658	563	566	580	360	516	399	303	375	380	671	708	532	497	481	394	590	445	702	643	459	400	707	417	0	436	549	587	338	496	465	508	
316	585	641	412	477	381	323	436	384	305	359	388	779	311	449	740	315	470	606	775	665	581	413	663	761	310	623	502	328	314	512	765	495	731	602	300	381	665	609	687	799	627	372	766	347	323	406	337	441	536	664	495	321	436	0	798	645	789	630	361	551	
389	602	498	666	773	647	447	586	384	550	670	369	581	579	691	657	500	597	612	538	673	370	776	704	378	680	318	632	788	789	594	328	494	613	585	596	392	477	740	713	489	445	514	648	613	779	612	524	594	772	533	652	374	549	798	0	593	318	412	403	689	
392	411	457	777	681	328	770	597	387	381	492	395	686	736	755	347	675	600	430	413	367	306	637	327	458	704	476	607	349	799	693	410	470	466	500	530	377	786	530	387	631	505	400	582	480	566	422	780	533	708	645	335	707	587	645	593	0	471	541	728	537	
617	607	350	581	772	500	564	525	558	782	484	551	303	464	496	524	535	543	709	657	699	443	599	494	617	380	509	538	558	797	495	432	307	650	679	356	734	629	734	456	662	570	501	566	697	560	361	526	634	414	722	312	456	338	789	318	471	0	523	456	628	
327	337	413	746	630	415	618	378	367	747	361	458	341	416	686	640	459	563	391	364	538	575	330	349	553	493	399	584	726	389	774	752	418	521	625	402	588	629	402	646	780	656	662	456	409	663	325	389	617	479	762	629	468	496	630	412	541	523	0	771	724	
606	754	611	501	350	768	748	303	605	500	319	521	786	681	588	501	715	534	354	430	665	627	313	562	742	564	766	546	707	700	787	770	518	770	338	495	532	659	781	347	363	554	676	654	309	718	524	452	607	483	681	720	463	465	361	403	728	456	771	0	631	
646	328	503	335	735	443	652	611	570	728	543	613	688	492	499	445	342	677	783	334	700	488	797	596	412	504	405	748	498	437	549	699	508	570	320	489	699	797	509	771	427	608	360	716	682	337	666	676	789	551	599	398	662	508	551	689	537	628	724	631	0	
etats
Id_Station	Poids W	Min (P)	WSPT	Priorité	
1	1	300	33,33	1	
2	5	302	33,56	2	
3	4	303	33,67	3	
4	7	305	33,89	4	
5	5	319	35,44	5	
6	2	320	35,56	6	
7	2	324	36,00	7	
8	6	333	37,00	8	
9	4	302	37,75	9	
10	9	303	37,88	10	
11	5	305	38,13	11	
12	3	306	38,25	12	
13	1	319	39,88	13	
14	1	334	41,75	14	
15	2	300	42,86	15	
16	7	300	42,86	16	
17	8	300	42,86	17	
18	8	305	43,57	18	
19	4	307	43,86	19	
20	8	312	44,57	20	
21	6	313	44,71	21	
22	3	313	44,71	22	
23	1	332	47,43	23	
24	8	302	50,33	24	
25	7	308	51,33	25	
26	5	311	51,83	26	
27	4	316	52,67	27	
28	4	300	60,00	28	
29	1	301	60,20	29	
30	7	307	61,40	30	
31	8	308	61,60	31	
32	9	314	62,80	32	
33	9	315	63,00	33	
34	4	315	63,00	34	
35	7	320	64,00	35	
36	6	337	67,40	36	
37	3	300	75,00	37	
38	3	303	75,75	38	
39	8	304	76,00	39	
40	6	317	79,25	40	
41	4	300	100,00	41	
42	1	301	100,33	42	
43	6	302	100,67	43	
44	3	303	101,00	44	
45	9	306	102,00	45	
46	2	307	102,33	46	
47	4	321	107,00	47	
48	4	326	108,67	48	
49	2	300	150,00	49	
50	9	300	150,00	50	
51	9	308	154,00	51	
52	1	308	154,00	52	
53	1	319	159,50	53	
54	1	320	160,00	54	
55	3	301	301,00	55	
56	8	301	301,00	56	
57	4	302	302,00	57	
58	1	304	304,00	58	
59	6	317	317,00	59	
60	1	322	322,00	60	

