distances
0	695	436	407	374	692	317	697	546	689	583	726	484	690	766	356	531	351	701	621	783	774	341	465	484	571	542	349	570	636	746	355	667	324	694	558	474	744	331	410	532	739	733	545	665	482	671	453	430	520	473	755	469	504	556	566	557	659	461	373	307	
695	0	382	779	637	353	340	327	739	793	332	503	493	513	302	597	515	417	644	667	465	399	748	355	335	634	778	553	454	682	795	486	493	407	321	547	487	495	619	662	495	383	387	657	614	305	689	445	605	445	347	579	320	336	391	774	652	664	673	336	668	
436	382	0	434	347	714	513	404	760	630	423	498	352	792	782	619	539	445	756	592	580	517	300	519	386	483	669	332	472	762	577	728	380	390	701	480	534	799	344	547	578	413	493	301	776	653	382	675	675	685	528	484	691	403	559	382	786	619	592	386	348	
407	779	434	0	630	744	711	512	578	680	528	360	679	382	782	330	754	373	407	490	574	659	721	487	653	515	389	320	785	323	451	380	303	702	590	366	588	482	311	391	720	691	550	340	392	484	330	355	304	635	740	663	615	547	578	505	778	423	769	764	676	
374	637	347	630	0	308	530	614	650	757	597	657	523	413	580	767	747	610	507	444	549	685	549	411	385	438	481	430	365	735	668	734	662	785	761	333	551	308	484	472	355	342	490	726	731	438	481	352	651	469	434	367	489	511	533	380	783	407	342	717	569	
692	353	714	744	308	0	323	412	667	772	703	416	572	735	587	359	700	768	558	658	400	453	497	301	473	521	361	523	309	690	315	777	619	353	767	330	661	751	613	327	356	624	463	317	573	645	456	796	734	366	765	748	531	478	493	625	488	767	581	453	706	
317	340	513	711	530	323	0	408	713	454	416	347	493	697	631	397	681	463	777	344	363	432	459	325	602	376	557	470	439	586	622	665	502	392	574	644	776	312	466	442	414	426	635	586	412	579	709	629	762	368	490	418	412	394	319	550	467	703	751	473	385	
697	327	404	512	614	412	408	0	510	376	432	688	617	643	646	412	451	601	432	567	608	677	702	609	736	621	399	785	423	393	665	443	398	570	625	430	708	644	403	321	546	433	372	629	448	448	675	620	389	655	356	596	759	549	501	704	692	416	350	399	311	
546	739	760	578	650	667	713	510	0	457	729	657	497	510	427	785	703	362	735	538	337	516	352	480	326	615	520	538	572	434	761	727	520	787	557	561	341	759	527	393	436	756	399	678	711	640	703	716	672	398	366	734	626	598	634	599	415	302	409	745	478	
689	793	630	680	757	772	454	376	457	0	674	511	649	579	422	384	722	614	477	422	754	395	687	511	452	616	431	314	540	658	714	667	436	461	677	476	374	357	534	378	753	444	603	706	526	532	349	613	400	378	759	351	571	655	503	507	636	465	569	395	441	
583	332	423	528	597	703	416	432	729	674	0	517	480	764	622	525	604	791	792	603	392	503	576	720	635	787	442	559	513	317	619	715	315	551	465	779	788	574	685	574	359	585	618	309	656	730	569	532	521	477	489	585	338	351	787	675	591	302	540	691	502	
726	503	498	360	657	416	347	688	657	511	517	0	540	759	481	572	586	354	689	586	692	774	494	445	476	560	323	322	339	432	577	577	517	530	677	508	709	503	693	322	710	466	522	606	415	621	354	598	385	409	641	573	633	400	419	477	367	712	322	605	611	
484	493	352	679	523	572	493	617	497	649	480	540	0	734	691	578	314	582	695	433	785	372	300	702	691	576	485	660	793	758	546	758	691	374	752	346	619	726	502	565	553	343	571	782	688	573	368	330	720	578	431	305	516	434	741	344	633	768	417	788	787	
690	513	792	382	413	735	697	643	510	579	764	759	734	0	309	443	521	531	520	715	675	606	588	387	794	403	549	692	438	619	594	509	397	416	343	532	613	594	311	393	750	326	663	404	424	506	606	689	564	518	366	607	676	399	318	358	778	649	652	343	380	
766	302	782	782	580	587	631	646	427	422	622	481	691	309	0	723	759	730	590	607	529	335	764	605	499	635	468	583	765	778	607	450	754	654	682	447	559	760	540	466	527	501	634	373	541	583	348	471	432	358	454	560	334	542	468	703	319	325	421	712	382	
356	597	619	330	767	359	397	412	785	384	525	572	578	443	723	0	620	489	373	375	333	583	391	499	779	666	414	539	338	606	759	724	790	783	543	634	776	625	300	315	347	462	673	408	519	443	442	753	567	411	351	692	512	647	618	589	705	668	640	663	674	
531	515	539	754	747	700	681	451	703	722	604	586	314	521	759	620	0	706	510	687	780	573	577	441	711	305	362	323	635	431	331	362	589	341	776	590	435	349	501	669	386	571	620	343	413	673	676	313	341	476	617	504	469	673	314	423	324	504	503	314	423	
351	417	445	373	610	768	463	601	362	614	791	354	582	531	730	489	706	0	467	603	381	589	764	696	673	478	526	329	726	799	678	751	437	443	324	403	421	570	691	335	413	460	483	760	587	469	339	437	449	465	728	742	503	457	784	784	316	541	398	688	661	
701	644	756	407	507	558	777	432	735	477	792	689	695	520	590	373	510	467	0	568	488	725	706	510	361	711	336	300	446	365	773	488	378	332	561	378	788	586	727	643	561	458	464	748	722	788	306	386	517	433	715	452	684	305	574	496	417	539	395	591	680	
621	667	592	490	444	658	344	567	538	422	603	586	433	715	607	375	687	603	568	0	327	436	603	494	420	509	335	593	573	722	797	396	546	785	562	562	730	418	673	570	798	443	587	575	726	634	349	566	584	547	621	340	365	314	673	528	536	371	658	604	321	
783	465	580	574	549	400	363	608	337	754	392	692	785	675	529	333	780	381	488	327	0	460	383	633	767	472	759	728	660	343	795	645	337	581	767	654	339	595	664	556	323	713	776	452	494	581	331	686	310	571	314	327	386	697	457	534	399	638	365	666	492	
774	399	517	659	685	453	432	677	516	395	503	774	372	606	335	583	573	589	725	436	460	0	561	667	597	333	634	550	789	604	724	458	684	487	558	757	709	429	315	439	782	378	409	460	734	768	604	349	792	587	769	529	733	384	728	491	741	734	572	695	486	
341	748	300	721	549	497	459	702	352	687	576	494	300	588	764	391	577	764	706	603	383	561	0	428	657	730	511	640	615	616	660	770	430	708	483	414	768	396	469	797	394	437	540	571	606	368	757	793	771	302	377	572	742	652	434	606	314	785	793	721	690	
465	355	519	487	411	301	325	609	480	511	720	445	702	387	605	499	441	696	510	494	633	667	428	0	773	575	712	745	472	762	332	529	772	340	698	334	616	352	542	684	325	417	500	660	381	777	687	699	745	386	332	514	305	482	427	441	583	552	705	357	699	
484	335	386	653	385	473	602	736	326	452	635	476	691	794	499	779	711	673	361	420	767	597	657	773	0	413	428	602	594	568	791	518	388	680	592	466	766	619	499	576	410	319	478	418	718	650	471	636	468	328	342	503	487	317	475	444	432	443	465	414	678	
571	634	483	515	438	521	376	621	615	616	787	560	576	403	635	666	305	478	711	509	472	333	730	575	413	0	480	513	551	376	721	342	368	717	555	508	649	437	415	777	534	382	479	376	339	736	610	684	718	300	652	570	506	500	401	666	456	673	643	751	508	
542	778	669	389	481	361	557	399	520	431	442	323	485	549	468	414	362	526	336	335	759	634	511	712	428	480	0	492	529	720	367	642	750	481	410	672	591	480	579	644	591	439	742	652	560	676	334	742	376	760	521	781	764	431	708	437	577	611	522	398	555	
349	553	332	320	430	523	470	785	538	314	559	322	660	692	583	539	323	329	300	593	728	550	640	745	602	513	492	0	635	349	363	577	466	304	695	367	623	455	361	630	491	772	617	362	728	349	519	543	535	665	740	457	773	622	375	320	494	602	529	761	715	
570	454	472	785	365	309	439	423	572	540	513	339	793	438	765	338	635	726	446	573	660	789	615	472	594	551	529	635	0	569	725	383	783	690	706	513	495	485	564	530	350	547	673	689	489	690	439	545	774	748	743	466	316	421	661	782	369	387	739	557	668	
636	682	762	323	735	690	586	393	434	658	317	432	758	619	778	606	431	799	365	722	343	604	616	762	568	376	720	349	569	0	366	441	720	562	673	641	692	678	366	657	773	650	318	776	571	755	679	642	557	465	454	467	309	507	673	606	363	716	534	796	706	
746	795	577	451	668	315	622	665	761	714	619	577	546	594	607	759	331	678	773	797	795	724	660	332	791	721	367	363	725	366	0	692	524	683	325	512	541	378	469	661	377	501	785	443	610	408	780	789	790	691	517	643	794	457	495	506	702	531	403	316	402	
355	486	728	380	734	777	665	443	727	667	715	577	758	509	450	724	362	751	488	396	645	458	770	529	518	342	642	577	383	441	692	0	424	735	670	482	504	368	512	418	789	446	504	496	302	486	341	323	721	412	609	663	342	380	452	775	435	371	649	306	467	
667	493	380	303	662	619	502	398	520	436	315	517	691	397	754	790	589	437	378	546	337	684	430	772	388	368	750	466	783	720	524	424	0	373	372	560	453	632	345	579	695	405	700	307	555	541	769	415	768	640	416	677	713	650	415	374	676	760	476	684	471	
324	407	390	702	785	353	392	570	787	461	551	530	374	416	654	783	341	443	332	785	581	487	708	340	680	717	481	304	690	562	683	735	373	0	445	753	408	373	413	443	612	756	331	725	561	316	797	797	795	750	743	394	502	594	380	321	752	373	366	439	583	
694	321	701	590	761	767	574	625	557	677	465	677	752	343	682	543	776	324	561	562	767	558	483	698	592	555	410	695	706	673	325	670	372	445	0	740	684	780	326	770	433	747	355	452	382	709	384	613	499	360	766	480	498	482	525	746	496	494	710	514	410	
558	547	480	366	333	330	644	430	561	476	779	508	346	532	447	634	590	403	378	562	654	757	414	334	466	508	672	367	513	641	512	482	560	753	740	0	582	538	710	622	759	617	327	532	455	763	578	443	722	373	621	693	694	593	770	713	437	755	486	463	491	
474	487	534	588	551	661	776	708	341	374	788	709	619	613	559	776	435	421	788	730	339	709	768	616	766	649	591	623	495	692	541	504	453	408	684	582	0	398	644	457	326	602	690	690	705	751	358	336	545	373	472	554	517	439	785	493	495	796	640	437	660	
744	495	799	482	308	751	312	644	759	357	574	503	726	594	760	625	349	570	586	418	595	429	396	352	619	437	480	455	485	678	378	368	632	373	780	538	398	0	392	465	738	635	446	734	653	708	664	513	436	480	354	513	564	574	333	448	762	719	760	612	558	
331	619	344	311	484	613	466	403	527	534	685	693	502	311	540	300	501	691	727	673	664	315	469	542	499	415	579	361	564	366	469	512	345	413	326	710	644	392	0	398	575	432	680	782	357	362	310	761	692	463	582	567	398	304	643	459	486	345	663	421	395	
410	662	547	391	472	327	442	321	393	378	574	322	565	393	466	315	669	335	643	570	556	439	797	684	576	777	644	630	530	657	661	418	579	443	770	622	457	465	398	0	359	743	369	473	522	767	346	610	611	644	560	616	710	414	716	481	767	308	696	422	433	
532	495	578	720	355	356	414	546	436	753	359	710	553	750	527	347	386	413	561	798	323	782	394	325	410	534	591	491	350	773	377	789	695	612	433	759	326	738	575	359	0	659	665	316	403	674	508	666	488	559	309	618	412	462	375	520	620	603	333	693	526	
739	383	413	691	342	624	426	433	756	444	585	466	343	326	501	462	571	460	458	443	713	378	437	417	319	382	439	772	547	650	501	446	405	756	747	617	602	635	432	743	659	0	363	466	611	409	569	583	724	677	449	533	536	301	724	700	737	493	513	721	720	
733	387	493	550	490	463	635	372	399	603	618	522	571	663	634	673	620	483	464	587	776	409	540	500	478	479	742	617	673	318	785	504	700	331	355	327	690	446	680	369	665	363	0	359	304	558	616	405	607	687	768	588	799	583	589	520	483	683	778	762	309	
545	657	301	340	726	317	586	629	678	706	309	606	782	404	373	408	343	760	748	575	452	460	571	660	418	376	652	362	689	776	443	496	307	725	452	532	690	734	782	473	316	466	359	0	365	531	432	694	398	563	409	559	412	492	412	472	363	720	530	425	476	
665	614	776	392	731	573	412	448	711	526	656	415	688	424	541	519	413	587	722	726	494	734	606	381	718	339	560	728	489	571	610	302	555	561	382	455	705	653	357	522	403	611	304	365	0	689	412	353	409	326	578	785	668	374	667	494	484	403	417	590	463	
482	305	653	484	438	645	579	448	640	532	730	621	573	506	583	443	673	469	788	634	581	768	368	777	650	736	676	349	690	755	408	486	541	316	709	763	751	708	362	767	674	409	558	531	689	0	562	687	517	360	379	743	372	746	696	300	544	418	783	721	379	
671	689	382	330	481	456	709	675	703	349	569	354	368	606	348	442	676	339	306	349	331	604	757	687	471	610	334	519	439	679	780	341	769	797	384	578	358	664	310	346	508	569	616	432	412	562	0	400	415	576	359	755	694	706	738	501	703	638	590	739	771	
453	445	675	355	352	796	629	620	716	613	532	598	330	689	471	753	313	437	386	566	686	349	793	699	636	684	742	543	545	642	789	323	415	797	613	443	336	513	761	610	666	583	405	694	353	687	400	0	692	600	748	320	792	474	339	430	418	472	741	407	415	
430	605	675	304	651	734	762	389	672	400	521	385	720	564	432	567	341	449	517	584	310	792	771	745	468	718	376	535	774	557	790	721	768	795	499	722	545	436	692	611	488	724	607	398	409	517	415	692	0	527	691	579	431	658	370	782	756	647	343	721	447	
520	445	685	635	469	366	368	655	398	378	477	409	578	518	358	411	476	465	433	547	571	587	302	386	328	300	760	665	748	465	691	412	640	750	360	373	373	480	463	644	559	677	687	563	326	360	576	600	527	0	573	462	575	556	427	381	693	508	317	302	688	
473	347	528	740	434	765	490	356	366	759	489	641	431	366	454	351	617	728	715	621	314	769	377	332	342	652	521	740	743	454	517	609	416	743	766	621	472	354	582	560	309	449	768	409	578	379	359	748	691	573	0	541	704	336	410	344	794	515	361	755	505	
755	579	484	663	367	748	418	596	734	351	585	573	305	607	560	692	504	742	452	340	327	529	572	514	503	570	781	457	466	467	643	663	677	394	480	693	554	513	567	616	618	533	588	559	785	743	755	320	579	462	541	0	616	498	440	578	790	772	337	584	312	
469	320	691	615	489	531	412	759	626	571	338	633	516	676	334	512	469	503	684	365	386	733	742	305	487	506	764	773	316	309	794	342	713	502	498	694	517	564	398	710	412	536	799	412	668	372	694	792	431	575	704	616	0	431	376	328	704	497	371	600	351	
504	336	403	547	511	478	394	549	598	655	351	400	434	399	542	647	673	457	305	314	697	384	652	482	317	500	431	622	421	507	457	380	650	594	482	593	439	574	304	414	462	301	583	492	374	746	706	474	658	556	336	498	431	0	439	444	502	642	670	697	683	
556	391	559	578	533	493	319	501	634	503	787	419	741	318	468	618	314	784	574	673	457	728	434	427	475	401	708	375	661	673	495	452	415	380	525	770	785	333	643	716	375	724	589	412	667	696	738	339	370	427	410	440	376	439	0	337	612	752	768	740	431	
566	774	382	505	380	625	550	704	599	507	675	477	344	358	703	589	423	784	496	528	534	491	606	441	444	666	437	320	782	606	506	775	374	321	746	713	493	448	459	481	520	700	520	472	494	300	501	430	782	381	344	578	328	444	337	0	462	507	394	423	338	
557	652	786	778	783	488	467	692	415	636	591	367	633	778	319	705	324	316	417	536	399	741	314	583	432	456	577	494	369	363	702	435	676	752	496	437	495	762	486	767	620	737	483	363	484	544	703	418	756	693	794	790	704	502	612	462	0	512	545	566	639	
659	664	619	423	407	767	703	416	302	465	302	712	768	649	325	668	504	541	539	371	638	734	785	552	443	673	611	602	387	716	531	371	760	373	494	755	796	719	345	308	603	493	683	720	403	418	638	472	647	508	515	772	497	642	752	507	512	0	588	556	307	
461	673	592	769	342	581	751	350	409	569	540	322	417	652	421	640	503	398	395	658	365	572	793	705	465	643	522	529	739	534	403	649	476	366	710	486	640	760	663	696	333	513	778	530	417	783	590	741	343	317	361	337	371	670	768	394	545	588	0	635	442	
373	336	386	764	717	453	473	399	745	395	691	605	788	343	712	663	314	688	591	604	666	695	721	357	414	751	398	761	557	796	316	306	684	439	514	463	437	612	421	422	693	721	762	425	590	721	739	407	721	302	755	584	600	697	740	423	566	556	635	0	526	
307	668	348	676	569	706	385	311	478	441	502	611	787	380	382	674	423	661	680	321	492	486	690	699	678	508	555	715	668	706	402	467	471	583	410	491	660	558	395	433	526	720	309	476	463	379	771	415	447	688	505	312	351	683	431	338	639	307	442	526	0	
etats
Id_Station	Poids W	Min (P)	WSPT	Priorité	
1	2	301	33,44	1	
2	7	301	33,44	2	
3	6	309	34,33	3	
4	4	309	34,33	4	
5	5	300	37,50	5	
6	5	300	37,50	6	
7	1	300	37,50	7	
8	5	300	37,50	8	
9	6	306	38,25	9	
10	7	310	38,75	10	
11	6	324	40,50	11	
12	5	300	42,86	12	
13	7	301	43,00	13	
14	5	301	43,00	14	
15	6	308	44,00	15	
16	1	317	45,29	16	
17	1	300	50,00	17	
18	6	303	50,50	18	
19	8	325	54,17	19	
20	3	303	60,60	20	
21	4	311	62,20	21	
22	7	312	62,40	22	
23	2	315	63,00	23	
24	9	303	75,75	24	
25	7	309	77,25	25	
26	7	310	77,50	26	
27	7	312	78,00	27	
28	2	342	85,50	28	
29	8	302	100,67	29	
30	8	306	102,00	30	
31	7	306	102,00	31	
32	3	314	104,67	32	
33	7	317	105,67	33	
34	8	339	113,00	34	
35	2	301	150,50	35	
36	6	301	150,50	36	
37	3	301	150,50	37	
38	7	302	151,00	38	
39	5	303	151,50	39	
40	7	314	157,00	40	
41	8	322	161,00	41	
42	3	334	167,00	42	
43	2	300	300,00	43	
44	4	300	300,00	44	
45	2	301	301,00	45	
46	9	301	301,00	46	
47	1	302	302,00	47	
48	7	303	303,00	48	
49	7	303	303,00	49	
50	1	304	304,00	50	
51	1	307	307,00	51	
52	8	307	307,00	52	
53	1	308	308,00	53	
54	3	308	308,00	54	
55	5	308	308,00	55	
56	5	309	309,00	56	
57	5	311	311,00	57	
58	6	312	312,00	58	
59	8	317	317,00	59	
60	8	331	331,00	60	

