distances
0	407	676	387	686	320	778	709	687	721	700	422	382	572	661	463	637	461	741	780	426	393	424	477	614	701	393	692	730	345	580	743	525	551	633	579	624	702	610	738	557	727	632	789	387	583	518	367	587	750	491	452	364	335	410	385	768	462	410	488	608	
407	0	685	465	410	474	410	746	525	655	515	727	421	784	706	557	501	797	790	300	365	391	555	494	551	767	526	450	648	549	673	489	334	451	477	787	357	433	670	667	726	487	643	321	309	603	639	351	640	408	467	521	783	385	682	483	734	515	474	406	358	
676	685	0	529	429	519	419	330	442	667	319	488	493	680	358	329	572	620	689	553	529	707	747	624	467	616	359	486	338	784	413	799	654	688	739	698	312	499	672	742	617	726	543	651	749	410	407	383	396	607	312	719	432	566	519	761	624	331	389	645	535	
387	465	529	0	705	580	614	539	530	630	630	391	776	386	685	714	702	625	402	638	342	513	583	609	554	388	374	456	647	409	489	361	653	593	518	340	643	745	528	495	767	607	724	795	370	541	385	447	581	634	370	416	404	600	443	481	420	325	589	497	499	
686	410	429	705	0	753	725	565	731	601	672	394	627	785	677	762	405	513	426	553	651	511	326	659	788	332	328	376	676	322	741	778	784	362	679	541	480	797	671	521	461	570	410	602	658	763	390	767	475	303	721	750	394	449	470	577	714	532	751	344	538	
320	474	519	580	753	0	366	607	596	641	756	761	427	553	594	581	559	479	641	722	680	310	760	581	454	468	472	615	545	391	557	699	366	553	486	354	637	779	496	534	338	438	375	420	483	653	777	541	600	414	522	525	664	368	331	415	727	530	353	602	477	
778	410	419	614	725	366	0	574	578	659	665	338	348	568	312	381	559	344	786	499	780	308	691	762	700	492	793	622	357	783	661	693	379	487	348	768	435	377	577	514	638	702	368	443	749	796	384	601	657	793	495	492	504	758	536	338	426	778	350	533	422	
709	746	330	539	565	607	574	0	764	418	721	655	357	666	613	470	556	655	432	654	459	322	337	702	385	369	528	401	560	784	351	487	780	345	569	373	361	554	392	636	530	346	383	782	611	463	715	678	438	747	607	330	676	488	604	324	350	792	334	339	497	
687	525	442	530	731	596	578	764	0	625	661	741	536	577	580	472	421	587	414	339	664	405	789	456	364	763	349	729	714	755	656	600	733	592	769	454	668	483	730	519	350	400	792	754	387	352	660	643	721	348	527	585	594	416	701	649	483	340	794	570	517	
721	655	667	630	601	641	659	418	625	0	491	583	400	784	518	591	587	480	471	742	320	757	341	707	793	468	470	395	334	438	671	354	378	448	484	555	707	334	442	575	459	636	755	372	735	628	333	619	414	310	462	473	786	701	778	518	738	592	653	470	347	
700	515	319	630	672	756	665	721	661	491	0	409	573	400	446	459	511	669	744	585	481	670	490	573	729	447	544	770	511	614	790	697	400	684	468	416	514	358	749	307	445	311	725	455	703	350	755	799	423	688	703	737	384	541	633	433	506	620	430	559	431	
422	727	488	391	394	761	338	655	741	583	409	0	507	525	312	622	346	353	710	775	596	415	341	706	352	794	715	412	513	668	384	489	615	693	666	597	618	491	666	683	666	670	730	635	413	463	350	526	381	751	580	322	557	574	408	776	463	428	799	773	554	
382	421	493	776	627	427	348	357	536	400	573	507	0	309	627	529	415	601	358	465	363	469	631	697	791	620	457	368	496	667	745	301	678	592	606	539	729	337	679	415	640	553	309	597	653	633	717	482	602	498	603	366	439	690	370	646	545	775	304	793	651	
572	784	680	386	785	553	568	666	577	784	400	525	309	0	626	373	348	569	402	641	532	660	439	771	397	496	489	316	426	700	725	565	799	703	652	509	333	606	725	622	678	400	701	683	493	342	315	578	418	649	369	790	318	799	719	663	730	757	753	514	752	
661	706	358	685	677	594	312	613	580	518	446	312	627	626	0	695	627	790	400	726	399	644	313	529	564	586	722	435	351	662	467	667	767	333	518	789	696	741	756	520	306	610	741	507	543	678	602	660	757	328	676	777	682	584	356	506	760	460	784	403	342	
463	557	329	714	762	581	381	470	472	591	459	622	529	373	695	0	694	682	373	795	773	671	791	786	421	709	490	509	537	640	368	747	599	797	327	636	577	511	348	620	349	640	678	720	716	514	518	694	580	592	696	528	461	324	413	580	656	633	455	389	610	
637	501	572	702	405	559	559	556	421	587	511	346	415	348	627	694	0	315	738	736	471	465	647	441	346	552	713	669	684	426	667	538	499	651	487	371	725	731	465	559	725	783	505	716	668	720	734	627	712	662	623	504	497	409	385	382	509	712	638	793	566	
461	797	620	625	513	479	344	655	587	480	669	353	601	569	790	682	315	0	704	605	787	455	372	400	632	580	697	605	392	318	622	766	754	337	519	488	689	699	593	343	601	313	429	531	632	308	448	721	557	767	743	348	318	373	623	452	642	690	737	624	384	
741	790	689	402	426	641	786	432	414	471	744	710	358	402	400	373	738	704	0	472	780	710	783	749	505	387	432	386	526	582	558	665	616	415	575	780	772	639	669	445	761	473	344	520	585	700	658	711	499	342	671	768	653	518	739	529	436	594	478	667	350	
780	300	553	638	553	722	499	654	339	742	585	775	465	641	726	795	736	605	472	0	512	748	421	641	354	659	423	326	523	462	790	642	545	340	342	698	477	517	693	505	525	505	364	592	549	385	443	761	714	472	786	428	554	404	387	447	520	458	362	506	445	
426	365	529	342	651	680	780	459	664	320	481	596	363	532	399	773	471	787	780	512	0	597	451	483	317	642	417	449	318	718	607	553	757	551	590	676	347	647	302	614	341	779	463	430	450	396	654	301	777	640	475	332	605	590	377	736	720	643	660	510	617	
393	391	707	513	511	310	308	322	405	757	670	415	469	660	644	671	465	455	710	748	597	0	441	470	635	436	690	665	670	784	532	322	404	540	470	604	499	554	563	735	562	587	461	789	570	444	335	519	367	567	357	427	569	417	587	484	574	468	315	412	710	
424	555	747	583	326	760	691	337	789	341	490	341	631	439	313	791	647	372	783	421	451	441	0	558	734	438	744	565	552	668	730	791	430	441	652	474	487	553	518	632	734	358	532	363	697	544	747	669	634	447	421	300	703	651	772	771	755	406	579	703	493	
477	494	624	609	659	581	762	702	456	707	573	706	697	771	529	786	441	400	749	641	483	470	558	0	590	731	378	396	479	380	737	709	677	518	744	391	713	711	530	493	322	666	404	374	783	647	577	327	729	506	540	647	441	725	755	513	555	303	781	446	324	
614	551	467	554	788	454	700	385	364	793	729	352	791	397	564	421	346	632	505	354	317	635	734	590	0	551	319	618	640	403	639	370	463	790	706	499	443	457	723	588	556	620	406	670	701	756	556	450	722	702	724	622	379	612	601	341	554	780	616	476	707	
701	767	616	388	332	468	492	369	763	468	447	794	620	496	586	709	552	580	387	659	642	436	438	731	551	0	516	647	618	686	418	752	682	392	675	777	309	485	320	394	709	532	307	306	378	452	550	677	624	429	590	320	445	484	472	504	705	798	654	792	453	
393	526	359	374	328	472	793	528	349	470	544	715	457	489	722	490	713	697	432	423	417	690	744	378	319	516	0	517	375	737	344	593	385	624	422	797	561	498	356	719	630	519	668	540	368	718	405	657	418	704	303	625	648	480	371	381	668	731	755	622	527	
692	450	486	456	376	615	622	401	729	395	770	412	368	316	435	509	669	605	386	326	449	665	565	396	618	647	517	0	372	430	708	336	508	568	554	576	315	691	647	765	549	507	400	725	581	740	506	731	544	458	401	340	648	679	682	595	640	636	398	569	314	
730	648	338	647	676	545	357	560	714	334	511	513	496	426	351	537	684	392	526	523	318	670	552	479	640	618	375	372	0	309	307	412	520	366	666	680	431	612	688	756	628	672	517	602	335	493	727	784	390	666	329	442	583	406	670	540	729	734	607	438	329	
345	549	784	409	322	391	783	784	755	438	614	668	667	700	662	640	426	318	582	462	718	784	668	380	403	686	737	430	309	0	767	657	560	600	312	335	489	798	597	562	653	577	661	404	747	488	373	438	466	783	372	722	326	413	481	780	591	323	683	724	564	
580	673	413	489	741	557	661	351	656	671	790	384	745	725	467	368	667	622	558	790	607	532	730	737	639	418	344	708	307	767	0	590	373	637	501	707	587	459	607	446	656	536	466	784	311	473	761	576	512	337	576	660	345	577	676	519	300	779	331	763	596	
743	489	799	361	778	699	693	487	600	354	697	489	301	565	667	747	538	766	665	642	553	322	791	709	370	752	593	336	412	657	590	0	670	350	789	748	627	404	412	321	684	730	313	764	366	577	351	379	745	520	671	750	561	435	732	794	579	798	324	490	444	
525	334	654	653	784	366	379	780	733	378	400	615	678	799	767	599	499	754	616	545	757	404	430	677	463	682	385	508	520	560	373	670	0	566	354	739	599	562	395	489	662	438	510	593	741	666	622	496	368	725	658	642	738	509	373	529	358	410	334	791	607	
551	451	688	593	362	553	487	345	592	448	684	693	592	703	333	797	651	337	415	340	551	540	441	518	790	392	624	568	366	600	637	350	566	0	765	681	462	765	376	567	349	634	659	772	547	714	661	380	317	458	460	394	699	557	678	317	363	466	567	629	558	
633	477	739	518	679	486	348	569	769	484	468	666	606	652	518	327	487	519	575	342	590	470	652	744	706	675	422	554	666	312	501	789	354	765	0	331	658	777	778	666	761	418	705	595	531	735	692	550	551	799	643	564	513	491	642	382	458	578	334	675	636	
579	787	698	340	541	354	768	373	454	555	416	597	539	509	789	636	371	488	780	698	676	604	474	391	499	777	797	576	680	335	707	748	739	681	331	0	796	628	477	455	312	515	791	465	384	689	705	398	690	618	731	682	356	302	595	670	662	741	588	402	509	
624	357	312	643	480	637	435	361	668	707	514	618	729	333	696	577	725	689	772	477	347	499	487	713	443	309	561	315	431	489	587	627	599	462	658	796	0	713	764	792	773	461	437	397	451	568	560	527	746	569	551	431	560	545	546	333	564	555	741	340	738	
702	433	499	745	797	779	377	554	483	334	358	491	337	606	741	511	731	699	639	517	647	554	553	711	457	485	498	691	612	798	459	404	562	765	777	628	713	0	662	579	482	756	301	693	399	417	417	549	482	682	351	705	557	465	638	727	527	461	539	721	545	
610	670	672	528	671	496	577	392	730	442	749	666	679	725	756	348	465	593	669	693	302	563	518	530	723	320	356	647	688	597	607	412	395	376	778	477	764	662	0	737	321	652	784	414	713	486	329	557	340	783	479	772	309	725	384	410	485	302	479	385	548	
738	667	742	495	521	534	514	636	519	575	307	683	415	622	520	620	559	343	445	505	614	735	632	493	588	394	719	765	756	562	446	321	489	567	666	455	792	579	737	0	662	700	567	769	681	313	432	452	641	347	466	364	745	303	639	367	761	693	499	441	423	
557	726	617	767	461	338	638	530	350	459	445	666	640	678	306	349	725	601	761	525	341	562	734	322	556	709	630	549	628	653	656	684	662	349	761	312	773	482	321	662	0	779	546	704	540	703	655	411	375	662	461	786	434	315	617	458	589	301	714	360	385	
727	487	726	607	570	438	702	346	400	636	311	670	553	400	610	640	783	313	473	505	779	587	358	666	620	532	519	507	672	577	536	730	438	634	418	515	461	756	652	700	779	0	403	648	555	529	773	532	589	699	315	614	777	533	770	360	425	595	315	743	522	
632	643	543	724	410	375	368	383	792	755	725	730	309	701	741	678	505	429	344	364	463	461	532	404	406	307	668	400	517	661	466	313	510	659	705	791	437	301	784	567	546	403	0	400	529	741	356	611	372	477	478	711	777	724	539	532	427	716	425	709	525	
789	321	651	795	602	420	443	782	754	372	455	635	597	683	507	720	716	531	520	592	430	789	363	374	670	306	540	725	602	404	784	764	593	772	595	465	397	693	414	769	704	648	400	0	545	409	492	309	393	652	743	644	326	728	540	679	695	470	681	723	553	
387	309	749	370	658	483	749	611	387	735	703	413	653	493	543	716	668	632	585	549	450	570	697	783	701	378	368	581	335	747	311	366	741	547	531	384	451	399	713	681	540	555	529	545	0	767	773	325	458	688	707	519	747	388	392	520	424	437	362	613	791	
583	603	410	541	763	653	796	463	352	628	350	463	633	342	678	514	720	308	700	385	396	444	544	647	756	452	718	740	493	488	473	577	666	714	735	689	568	417	486	313	703	529	741	409	767	0	497	576	308	305	702	583	300	725	766	515	753	650	319	364	466	
518	639	407	385	390	777	384	715	660	333	755	350	717	315	602	518	734	448	658	443	654	335	747	577	556	550	405	506	727	373	761	351	622	661	692	705	560	417	329	432	655	773	356	492	773	497	0	630	665	488	788	329	544	556	334	639	500	301	402	751	639	
367	351	383	447	767	541	601	678	643	619	799	526	482	578	660	694	627	721	711	761	301	519	669	327	450	677	657	731	784	438	576	379	496	380	550	398	527	549	557	452	411	532	611	309	325	576	630	0	441	627	638	604	741	420	421	422	783	428	538	704	793	
587	640	396	581	475	600	657	438	721	414	423	381	602	418	757	580	712	557	499	714	777	367	634	729	722	624	418	544	390	466	512	745	368	317	551	690	746	482	340	641	375	589	372	393	458	308	665	441	0	357	473	450	626	478	401	329	342	309	560	741	720	
750	408	607	634	303	414	793	747	348	310	688	751	498	649	328	592	662	767	342	472	640	567	447	506	702	429	704	458	666	783	337	520	725	458	799	618	569	682	783	347	662	699	477	652	688	305	488	627	357	0	335	625	423	437	337	798	477	377	693	336	520	
491	467	312	370	721	522	495	607	527	462	703	580	603	369	676	696	623	743	671	786	475	357	421	540	724	590	303	401	329	372	576	671	658	460	643	731	551	351	479	466	461	315	478	743	707	702	788	638	473	335	0	727	788	669	641	539	532	668	357	559	614	
452	521	719	416	750	525	492	330	585	473	737	322	366	790	777	528	504	348	768	428	332	427	300	647	622	320	625	340	442	722	660	750	642	394	564	682	431	705	772	364	786	614	711	644	519	583	329	604	450	625	727	0	775	656	487	421	774	536	381	419	789	
364	783	432	404	394	664	504	676	594	786	384	557	439	318	682	461	497	318	653	554	605	569	703	441	379	445	648	648	583	326	345	561	738	699	513	356	560	557	309	745	434	777	777	326	747	300	544	741	626	423	788	775	0	448	702	761	331	459	593	609	522	
335	385	566	600	449	368	758	488	416	701	541	574	690	799	584	324	409	373	518	404	590	417	651	725	612	484	480	679	406	413	577	435	509	557	491	302	545	465	725	303	315	533	724	728	388	725	556	420	478	437	669	656	448	0	404	793	379	569	543	311	635	
410	682	519	443	470	331	536	604	701	778	633	408	370	719	356	413	385	623	739	387	377	587	772	755	601	472	371	682	670	481	676	732	373	678	642	595	546	638	384	639	617	770	539	540	392	766	334	421	401	337	641	487	702	404	0	395	669	518	687	364	708	
385	483	761	481	577	415	338	324	649	518	433	776	646	663	506	580	382	452	529	447	736	484	771	513	341	504	381	595	540	780	519	794	529	317	382	670	333	727	410	367	458	360	532	679	520	515	639	422	329	798	539	421	761	793	395	0	532	676	376	733	336	
768	734	624	420	714	727	426	350	483	738	506	463	545	730	760	656	509	642	436	520	720	574	755	555	554	705	668	640	729	591	300	579	358	363	458	662	564	527	485	761	589	425	427	695	424	753	500	783	342	477	532	774	331	379	669	532	0	478	564	460	402	
462	515	331	325	532	530	778	792	340	592	620	428	775	757	460	633	712	690	594	458	643	468	406	303	780	798	731	636	734	323	779	798	410	466	578	741	555	461	302	693	301	595	716	470	437	650	301	428	309	377	668	536	459	569	518	676	478	0	790	397	610	
410	474	389	589	751	353	350	334	794	653	430	799	304	753	784	455	638	737	478	362	660	315	579	781	616	654	755	398	607	683	331	324	334	567	334	588	741	539	479	499	714	315	425	681	362	319	402	538	560	693	357	381	593	543	687	376	564	790	0	572	315	
488	406	645	497	344	602	533	339	570	470	559	773	793	514	403	389	793	624	667	506	510	412	703	446	476	792	622	569	438	724	763	490	791	629	675	402	340	721	385	441	360	743	709	723	613	364	751	704	741	336	559	419	609	311	364	733	460	397	572	0	758	
608	358	535	499	538	477	422	497	517	347	431	554	651	752	342	610	566	384	350	445	617	710	493	324	707	453	527	314	329	564	596	444	607	558	636	509	738	545	548	423	385	522	525	553	791	466	639	793	720	520	614	789	522	635	708	336	402	610	315	758	0	
etats
Id_Station	Poids W	Min (P)	WSPT	Priorité	
1	8	307	34,11	1	
2	5	312	34,67	2	
3	6	312	34,67	3	
4	5	315	35,00	4	
5	8	300	37,50	5	
6	1	300	37,50	6	
7	2	301	37,63	7	
8	3	304	38,00	8	
9	4	300	42,86	9	
10	1	301	43,00	10	
11	1	319	45,57	11	
12	2	300	50,00	12	
13	9	303	50,50	13	
14	3	304	50,67	14	
15	8	306	51,00	15	
16	5	306	51,00	16	
17	1	311	51,83	17	
18	4	300	60,00	18	
19	7	304	60,80	19	
20	9	315	63,00	20	
21	7	325	65,00	21	
22	1	300	75,00	22	
23	6	300	75,00	23	
24	7	301	75,25	24	
25	3	304	76,00	25	
26	4	308	77,00	26	
27	2	300	100,00	27	
28	1	301	100,33	28	
29	9	302	100,67	29	
30	8	303	101,00	30	
31	1	303	101,00	31	
32	2	304	101,33	32	
33	3	306	102,00	33	
34	4	306	102,00	34	
35	2	306	102,00	35	
36	1	308	102,67	36	
37	2	318	106,00	37	
38	3	329	109,67	38	
39	2	300	150,00	39	
40	2	300	150,00	40	
41	1	301	150,50	41	
42	7	304	152,00	42	
43	8	304	152,00	43	
44	4	307	153,50	44	
45	8	308	154,00	45	
46	9	309	154,50	46	
47	1	309	154,50	47	
48	1	300	300,00	48	
49	1	300	300,00	49	
50	1	300	300,00	50	
51	6	301	301,00	51	
52	1	302	302,00	52	
53	1	303	303,00	53	
54	1	304	304,00	54	
55	1	304	304,00	55	
56	8	304	304,00	56	
57	7	304	304,00	57	
58	1	306	306,00	58	
59	5	309	309,00	59	
60	3	315	315,00	60	

