distances
0	749	384	630	709	501	758	428	535	418	657	464	401	612	654	638	538	353	616	758	715	599	671	694	636	326	332	714	522	335	412	430	415	583	765	436	301	506	381	428	417	432	481	358	558	630	520	351	308	797	379	563	729	618	747	660	578	659	523	601	760	
749	0	602	467	637	539	437	351	613	316	414	794	763	719	518	377	431	789	733	491	644	697	468	397	395	484	798	762	413	510	584	427	718	751	635	327	723	608	351	414	304	405	540	672	335	675	304	386	403	623	542	528	605	611	796	495	581	668	415	304	468	
384	602	0	441	730	327	631	612	333	740	744	628	443	670	339	750	764	364	647	750	664	636	328	493	549	624	530	354	667	603	599	517	439	553	484	564	658	504	578	519	306	368	662	547	771	539	741	738	396	353	586	449	351	553	330	681	509	637	778	796	640	
630	467	441	0	644	315	529	396	446	639	687	742	498	404	559	642	367	318	473	598	695	473	742	643	775	674	711	353	693	562	565	486	445	533	670	480	596	426	638	328	629	477	687	760	493	577	624	377	727	783	767	498	618	746	704	367	619	340	446	485	465	
709	637	730	644	0	692	520	439	744	568	528	738	742	754	763	781	726	630	618	519	375	655	527	553	511	699	537	574	722	490	793	625	675	423	773	768	576	767	318	712	646	681	602	712	583	395	436	664	369	487	496	587	655	398	369	536	710	554	482	716	606	
501	539	327	315	692	0	358	642	647	736	761	590	355	759	543	509	655	718	371	603	464	754	513	433	307	474	432	526	484	339	355	356	714	529	544	594	684	716	779	678	423	621	513	770	495	770	646	492	384	399	662	605	429	509	583	564	795	483	493	362	328	
758	437	631	529	520	358	0	511	423	713	770	641	626	555	468	781	604	617	470	630	568	783	781	565	586	418	790	642	768	450	446	666	701	392	646	480	713	696	545	319	663	582	498	332	324	433	310	681	734	663	458	320	782	717	695	485	769	723	700	431	433	
428	351	612	396	439	642	511	0	744	674	530	799	436	370	373	341	466	382	376	320	553	546	695	708	499	590	494	332	570	744	693	371	739	418	447	450	672	734	755	471	414	715	550	601	467	362	513	754	391	732	385	456	393	671	384	786	634	447	550	633	593	
535	613	333	446	744	647	423	744	0	727	701	310	348	659	654	480	650	306	333	465	692	619	592	625	554	507	361	563	713	445	627	348	390	371	785	486	408	492	649	462	322	616	717	524	733	563	456	577	341	650	507	582	389	390	685	443	715	415	567	748	687	
418	316	740	639	568	736	713	674	727	0	359	399	666	773	460	347	371	574	675	353	780	307	322	403	439	792	401	414	317	628	611	515	595	399	536	770	596	600	641	612	417	545	526	441	665	788	684	625	539	567	680	595	604	399	586	700	689	648	637	730	788	
657	414	744	687	528	761	770	530	701	359	0	715	790	785	602	427	657	630	557	573	618	656	440	694	732	768	568	677	310	325	641	455	583	637	647	626	340	737	577	465	461	762	360	304	394	453	514	351	711	568	474	618	597	587	659	449	501	729	654	557	638	
464	794	628	742	738	590	641	799	310	399	715	0	688	758	358	393	700	353	404	312	480	394	557	588	762	384	716	595	590	495	726	522	657	469	712	728	730	573	445	566	703	687	754	506	655	755	302	742	465	423	366	485	538	361	353	620	567	592	605	685	540	
401	763	443	498	742	355	626	436	348	666	790	688	0	552	563	449	332	403	541	386	340	511	476	330	315	588	748	323	551	466	341	514	522	591	640	593	461	735	611	609	757	768	593	564	541	580	428	461	468	675	694	448	673	397	329	409	533	302	576	761	608	
612	719	670	404	754	759	555	370	659	773	785	758	552	0	457	790	330	442	391	511	417	521	730	615	441	427	752	440	751	442	411	787	731	632	794	500	427	454	634	585	423	316	743	480	564	350	566	718	621	555	533	491	692	398	418	741	534	537	782	540	653	
654	518	339	559	763	543	468	373	654	460	602	358	563	457	0	491	536	727	554	366	546	380	618	422	334	534	347	558	563	381	591	389	319	777	655	393	600	674	406	749	350	584	443	308	654	789	492	582	504	725	625	537	418	408	721	541	659	698	453	560	564	
638	377	750	642	781	509	781	341	480	347	427	393	449	790	491	0	485	495	455	308	484	581	738	566	561	359	320	469	762	760	752	453	527	350	435	543	485	485	639	680	351	348	339	792	635	742	687	380	731	785	561	676	630	546	310	535	478	603	315	588	439	
538	431	764	367	726	655	604	466	650	371	657	700	332	330	536	485	0	481	618	781	630	738	524	773	508	454	761	622	428	765	569	310	700	652	360	677	782	321	491	533	503	302	668	700	433	700	505	741	620	496	342	781	542	693	676	363	682	516	625	313	718	
353	789	364	318	630	718	617	382	306	574	630	353	403	442	727	495	481	0	355	602	605	518	340	643	586	317	456	323	484	628	667	437	429	616	346	406	403	442	452	706	774	715	633	643	488	603	455	332	345	373	386	473	742	341	753	664	602	308	668	352	762	
616	733	647	473	618	371	470	376	333	675	557	404	541	391	554	455	618	355	0	640	545	625	302	723	326	613	403	746	738	703	440	346	780	527	415	327	465	631	475	709	396	712	489	792	675	420	382	401	576	412	343	795	658	763	347	493	371	380	565	786	452	
758	491	750	598	519	603	630	320	465	353	573	312	386	511	366	308	781	602	640	0	629	639	485	323	580	624	469	328	652	328	747	690	716	384	773	736	779	779	644	591	730	543	777	520	530	358	599	326	360	667	686	359	318	501	673	466	311	527	563	647	556	
715	644	664	695	375	464	568	553	692	780	618	480	340	417	546	484	630	605	545	629	0	409	714	624	396	470	541	476	665	521	371	478	702	656	529	753	482	368	773	406	665	547	313	352	553	456	443	507	372	565	417	563	324	407	319	565	552	585	610	588	496	
599	697	636	473	655	754	783	546	619	307	656	394	511	521	380	581	738	518	625	639	409	0	723	447	418	566	479	701	751	673	357	658	333	647	645	692	310	491	326	641	357	581	768	645	356	305	508	459	483	434	635	388	771	711	799	740	709	593	562	649	513	
671	468	328	742	527	513	781	695	592	322	440	557	476	730	618	738	524	340	302	485	714	723	0	552	797	364	766	351	416	714	617	616	549	354	724	559	770	359	677	315	505	653	757	440	674	473	359	386	693	702	380	740	780	338	558	451	769	793	546	565	733	
694	397	493	643	553	433	565	708	625	403	694	588	330	615	422	566	773	643	723	323	624	447	552	0	402	468	513	776	766	531	489	714	704	576	650	535	785	640	429	788	676	311	666	656	416	363	579	511	473	703	358	374	437	324	363	669	361	432	592	760	307	
636	395	549	775	511	307	586	499	554	439	732	762	315	441	334	561	508	586	326	580	396	418	797	402	0	753	305	382	495	641	608	413	561	468	739	753	439	708	495	770	375	685	637	754	315	640	404	780	523	399	780	754	428	432	692	596	332	658	352	516	423	
326	484	624	674	699	474	418	590	507	792	768	384	588	427	534	359	454	317	613	624	470	566	364	468	753	0	466	710	383	540	468	793	711	654	481	363	391	797	517	506	367	685	391	601	513	649	696	415	412	487	751	346	666	651	720	794	415	562	360	756	393	
332	798	530	711	537	432	790	494	361	401	568	716	748	752	347	320	761	456	403	469	541	479	766	513	305	466	0	788	419	777	315	410	514	578	586	722	515	491	438	710	468	403	555	673	458	572	407	428	695	712	468	458	514	571	543	510	727	582	695	512	402	
714	762	354	353	574	526	642	332	563	414	677	595	323	440	558	469	622	323	746	328	476	701	351	776	382	710	788	0	315	423	688	418	491	663	375	594	634	662	526	548	311	418	504	684	580	336	301	539	787	491	772	397	740	499	342	564	471	607	411	485	614	
522	413	667	693	722	484	768	570	713	317	310	590	551	751	563	762	428	484	738	652	665	751	416	766	495	383	419	315	0	497	429	684	341	300	307	609	720	651	438	724	692	625	484	465	595	303	799	343	307	762	699	674	444	775	706	533	507	534	569	519	544	
335	510	603	562	490	339	450	744	445	628	325	495	466	442	381	760	765	628	703	328	521	673	714	531	641	540	777	423	497	0	673	696	580	607	721	428	595	423	356	470	742	447	382	748	375	542	308	562	564	557	432	640	639	448	722	302	352	758	505	690	593	
412	584	599	565	793	355	446	693	627	611	641	726	341	411	591	752	569	667	440	747	371	357	617	489	608	468	315	688	429	673	0	422	636	342	506	729	374	622	526	732	511	502	307	459	368	763	521	701	309	466	714	554	509	427	567	570	492	790	728	389	630	
430	427	517	486	625	356	666	371	348	515	455	522	514	787	389	453	310	437	346	690	478	658	616	714	413	793	410	418	684	696	422	0	694	468	787	336	709	361	608	668	738	633	710	615	335	427	756	583	400	719	680	428	317	399	378	452	751	543	470	647	446	
415	718	439	445	675	714	701	739	390	595	583	657	522	731	319	527	700	429	780	716	702	333	549	704	561	711	514	491	341	580	636	694	0	364	563	499	611	323	413	352	754	607	466	419	536	648	367	757	496	447	668	733	450	450	621	432	613	623	427	670	585	
583	751	553	533	423	529	392	418	371	399	637	469	591	632	777	350	652	616	527	384	656	647	354	576	468	654	578	663	300	607	342	468	364	0	541	551	625	367	785	766	361	387	433	387	463	564	458	543	670	304	408	573	534	710	668	673	574	763	529	370	799	
765	635	484	670	773	544	646	447	785	536	647	712	640	794	655	435	360	346	415	773	529	645	724	650	739	481	586	375	307	721	506	787	563	541	0	564	500	361	335	341	759	696	698	710	437	529	537	330	595	557	747	653	698	736	672	427	667	438	531	680	517	
436	327	564	480	768	594	480	450	486	770	626	728	593	500	393	543	677	406	327	736	753	692	559	535	753	363	722	594	609	428	729	336	499	551	564	0	599	474	467	461	568	568	400	358	328	435	659	644	605	600	425	670	634	307	608	557	546	414	368	594	498	
301	723	658	596	576	684	713	672	408	596	340	730	461	427	600	485	782	403	465	779	482	310	770	785	439	391	515	634	720	595	374	709	611	625	500	599	0	500	750	616	556	403	602	670	463	429	390	602	381	347	548	695	790	525	716	611	444	634	437	442	667	
506	608	504	426	767	716	696	734	492	600	737	573	735	454	674	485	321	442	631	779	368	491	359	640	708	797	491	662	651	423	622	361	323	367	361	474	500	0	600	588	475	411	743	639	760	356	779	773	469	370	631	783	690	379	518	531	607	572	477	302	569	
381	351	578	638	318	779	545	755	649	641	577	445	611	634	406	639	491	452	475	644	773	326	677	429	495	517	438	526	438	356	526	608	413	785	335	467	750	600	0	580	385	419	373	618	680	301	449	661	423	428	457	718	618	438	329	383	726	728	303	561	702	
428	414	519	328	712	678	319	471	462	612	465	566	609	585	749	680	533	706	709	591	406	641	315	788	770	506	710	548	724	470	732	668	352	766	341	461	616	588	580	0	369	594	419	612	329	658	430	721	303	360	780	712	418	438	710	523	305	553	495	450	642	
417	304	306	629	646	423	663	414	322	417	461	703	757	423	350	351	503	774	396	730	665	357	505	676	375	367	468	311	692	742	511	738	754	361	759	568	556	475	385	369	0	319	548	405	576	650	403	653	588	313	499	672	585	785	504	485	518	787	524	627	722	
432	405	368	477	681	621	582	715	616	545	762	687	768	316	584	348	302	715	712	543	547	581	653	311	685	685	403	418	625	447	502	633	607	387	696	568	403	411	419	594	319	0	440	586	710	386	774	493	451	597	744	373	605	633	618	796	665	398	499	766	536	
481	540	662	687	602	513	498	550	717	526	360	754	593	743	443	339	668	633	489	777	313	768	757	666	637	391	555	504	484	382	307	710	466	433	698	400	602	743	373	419	548	440	0	585	356	361	312	737	318	514	360	643	600	625	330	710	633	759	747	711	768	
358	672	547	760	712	770	332	601	524	441	304	506	564	480	308	792	700	643	792	520	352	645	440	656	754	601	673	684	465	748	459	615	419	387	710	358	670	639	618	612	405	586	585	0	747	613	333	458	614	558	594	761	553	393	742	384	482	711	416	524	745	
558	335	771	493	583	495	324	467	733	665	394	655	541	564	654	635	433	488	675	530	553	356	674	416	315	513	458	580	595	375	368	335	536	463	437	328	463	760	680	329	576	710	356	747	0	789	599	706	659	589	524	408	606	425	710	735	596	632	332	736	398	
630	675	539	577	395	770	433	362	563	788	453	755	580	350	789	742	700	603	420	358	456	305	473	363	640	649	572	336	303	542	763	427	648	564	529	435	429	356	301	658	650	386	361	613	789	0	353	731	656	444	530	748	459	656	667	544	447	452	792	792	419	
520	304	741	624	436	646	310	513	456	684	514	302	428	566	492	687	505	455	382	599	443	508	359	579	404	696	407	301	799	308	521	756	367	458	537	659	390	779	449	430	403	774	312	333	599	353	0	337	360	674	638	524	301	598	610	586	479	629	735	563	534	
351	386	738	377	664	492	681	754	577	625	351	742	461	718	582	380	741	332	401	326	507	459	386	511	780	415	428	539	343	562	701	583	757	543	330	644	602	773	661	721	653	493	737	458	706	731	337	0	499	473	419	383	767	582	581	521	720	483	781	580	777	
308	403	396	727	369	384	734	391	341	539	711	465	468	621	504	731	620	345	576	360	372	483	693	473	523	412	695	787	307	564	309	400	496	670	595	605	381	469	423	303	588	451	318	614	659	656	360	499	0	652	448	786	627	743	404	682	742	399	313	773	636	
797	623	353	783	487	399	663	732	650	567	568	423	675	555	725	785	496	373	412	667	565	434	702	703	399	487	712	491	762	557	466	719	447	304	557	600	347	370	428	360	313	597	514	558	589	444	674	473	652	0	481	683	547	540	692	477	626	628	780	484	759	
379	542	586	767	496	662	458	385	507	680	474	366	694	533	625	561	342	386	343	686	417	635	380	358	780	751	468	772	699	432	714	680	668	408	747	425	548	631	457	780	499	744	360	594	524	530	638	419	448	481	0	466	731	374	532	338	467	366	659	549	564	
563	528	449	498	587	605	320	456	582	595	618	485	448	491	537	676	781	473	795	359	563	388	740	374	754	346	458	397	674	640	554	428	733	573	653	670	695	783	718	712	672	373	643	761	408	748	524	383	786	683	466	0	420	389	494	483	692	648	748	768	681	
729	605	351	618	655	429	782	393	389	604	597	538	673	692	418	630	542	742	658	318	324	771	780	437	428	666	514	740	444	639	509	317	450	534	698	634	790	690	618	418	585	605	600	553	606	459	301	767	627	547	731	420	0	323	575	634	572	668	763	374	445	
618	611	553	746	398	509	717	671	390	399	587	361	397	398	408	546	693	341	763	501	407	711	338	324	432	651	571	499	775	448	427	399	450	710	736	307	525	379	438	438	785	633	625	393	425	656	598	582	743	540	374	389	323	0	736	367	564	661	489	613	330	
747	796	330	704	369	583	695	384	685	586	659	353	329	418	721	310	676	753	347	673	319	799	558	363	692	720	543	342	706	722	567	378	621	668	672	608	716	518	329	710	504	618	330	742	710	667	610	581	404	692	532	494	575	736	0	548	594	650	602	604	774	
660	495	681	367	536	564	485	786	443	700	449	620	409	741	541	535	363	664	493	466	565	740	451	669	596	794	510	564	533	302	570	452	432	673	427	557	611	531	383	523	485	796	710	384	735	544	586	521	682	477	338	483	634	367	548	0	482	534	391	560	705	
578	581	509	619	710	795	769	634	715	689	501	567	533	534	659	478	682	602	371	311	552	709	769	361	332	415	727	471	507	352	492	751	613	574	667	546	444	607	726	305	518	665	633	482	596	447	479	720	742	626	467	692	572	564	594	482	0	330	348	362	659	
659	668	637	340	554	483	723	447	415	648	729	592	302	537	698	603	516	308	380	527	585	593	793	432	658	562	582	607	534	758	790	543	623	763	438	414	634	572	728	553	787	398	759	711	632	452	629	483	399	628	366	648	668	661	650	534	330	0	772	372	677	
523	415	778	446	482	493	700	550	567	637	654	605	576	782	453	315	625	668	565	563	610	562	546	592	352	360	695	411	569	505	728	470	427	529	531	368	437	477	303	495	524	499	747	416	332	792	735	781	313	780	659	748	763	489	602	391	348	772	0	589	390	
601	304	796	485	716	362	431	633	748	730	557	685	761	540	560	588	313	352	786	647	588	649	565	760	516	756	512	485	519	690	389	647	670	370	680	594	442	302	561	450	627	766	711	524	736	792	563	580	773	484	549	768	374	613	604	560	362	372	589	0	689	
760	468	640	465	606	328	433	593	687	788	638	540	608	653	564	439	718	762	452	556	496	513	733	307	423	393	402	614	544	593	630	446	585	799	517	498	667	569	702	642	722	536	768	745	398	419	534	777	636	759	564	681	445	330	774	705	659	677	390	689	0	
etats
Id_Station	Poids W	Min (P)	WSPT	Priorité	
1	4	300	33,33	1	
2	3	300	33,33	2	
3	9	301	33,44	3	
4	4	303	33,67	4	
5	1	305	33,89	5	
6	1	308	34,22	6	
7	1	303	37,88	7	
8	8	323	40,38	8	
9	5	302	43,14	9	
10	6	302	43,14	10	
11	7	303	43,29	11	
12	5	303	43,29	12	
13	4	314	44,86	13	
14	6	300	50,00	14	
15	1	301	50,17	15	
16	5	302	50,33	16	
17	5	305	50,83	17	
18	3	305	50,83	18	
19	4	309	51,50	19	
20	1	309	51,50	20	
21	4	300	60,00	21	
22	6	301	60,20	22	
23	7	303	60,60	23	
24	8	305	61,00	24	
25	4	305	61,00	25	
26	4	305	61,00	26	
27	6	309	61,80	27	
28	3	314	62,80	28	
29	4	317	63,40	29	
30	5	327	65,40	30	
31	1	300	75,00	31	
32	8	302	75,50	32	
33	5	302	75,50	33	
34	5	305	76,25	34	
35	7	307	76,75	35	
36	3	308	77,00	36	
37	8	308	77,00	37	
38	7	309	77,25	38	
39	4	310	77,50	39	
40	3	302	100,67	40	
41	1	303	101,00	41	
42	8	304	101,33	42	
43	7	306	102,00	43	
44	8	306	102,00	44	
45	1	301	150,50	45	
46	4	301	150,50	46	
47	3	306	153,00	47	
48	4	318	159,00	48	
49	5	340	170,00	49	
50	7	300	300,00	50	
51	2	301	301,00	51	
52	1	301	301,00	52	
53	8	301	301,00	53	
54	6	303	303,00	54	
55	7	305	305,00	55	
56	9	305	305,00	56	
57	4	307	307,00	57	
58	5	309	309,00	58	
59	1	311	311,00	59	
60	6	317	317,00	60	

