distances
0	777	757	571	528	437	444	701	394	309	678	306	419	531	362	489	318	717	602	742	304	599	567	554	538	577	620	481	576	361	367	794	406	378	696	474	517	580	711	523	450	558	500	543	685	393	399	343	659	533	729	740	783	341	355	676	582	595	790	682	367	
777	0	479	731	780	748	493	667	595	721	357	501	551	692	315	667	795	766	523	349	527	598	413	409	639	468	590	636	527	704	510	772	379	379	784	732	397	799	473	461	306	483	656	418	631	534	451	619	705	772	799	354	463	504	585	373	484	692	341	557	727	
757	479	0	686	698	749	602	336	363	348	475	744	488	442	711	421	744	685	527	533	591	745	419	495	723	761	691	653	652	501	745	336	398	399	567	587	514	440	648	372	309	580	716	755	510	665	427	464	780	346	586	399	746	590	596	638	696	593	324	783	535	
571	731	686	0	342	345	634	597	586	489	764	691	485	382	790	533	532	615	702	657	659	442	319	795	565	772	712	410	751	621	610	308	417	756	668	443	542	667	359	515	612	701	300	543	408	678	487	775	690	748	491	725	311	303	421	473	615	474	406	384	352	
528	780	698	342	0	544	744	307	385	655	545	524	745	458	463	763	783	679	529	788	330	361	381	726	480	739	670	691	516	731	771	682	685	764	414	769	792	310	414	475	737	310	409	642	658	574	727	685	475	390	794	778	661	491	700	784	579	664	354	541	741	
437	748	749	345	544	0	477	769	356	472	676	491	381	308	788	454	641	605	628	723	424	785	523	391	664	686	779	480	699	471	590	624	386	449	498	487	433	721	380	317	673	491	759	531	388	733	503	686	656	404	490	709	799	458	732	464	388	547	630	590	796	
444	493	602	634	744	477	0	310	764	438	552	699	410	493	678	712	451	478	408	316	450	710	516	329	593	721	546	715	470	373	531	748	457	523	698	490	617	500	304	323	521	368	387	699	664	679	538	731	393	738	683	548	769	489	707	494	377	373	487	579	512	
701	667	336	597	307	769	310	0	391	331	422	300	440	477	555	507	563	549	665	586	391	301	623	471	479	710	450	392	695	742	584	442	407	300	694	685	476	313	364	722	689	348	314	683	581	363	643	441	744	335	788	530	371	536	389	516	368	727	517	721	702	
394	595	363	586	385	356	764	391	0	473	782	560	506	713	391	647	412	488	642	498	567	568	785	338	698	661	768	794	524	545	445	663	505	428	329	733	505	661	397	751	476	670	539	650	760	742	757	464	645	348	350	697	794	477	336	561	331	379	526	586	700	
309	721	348	489	655	472	438	331	473	0	387	478	737	784	628	770	723	509	596	449	788	683	367	511	483	505	660	790	424	791	669	509	391	508	696	596	646	328	396	422	351	370	528	536	313	383	644	549	358	527	378	610	422	319	767	362	682	461	459	579	498	
678	357	475	764	545	676	552	422	782	387	0	625	671	416	707	380	777	714	599	403	482	417	651	304	710	686	557	678	573	691	761	432	442	573	628	552	773	509	395	501	754	532	628	754	550	521	599	657	357	577	402	760	648	677	584	350	377	389	628	570	414	
306	501	744	691	524	491	699	300	560	478	625	0	755	378	367	540	593	488	777	449	558	665	417	612	426	327	523	341	400	790	423	519	781	327	776	392	569	301	654	622	625	515	343	708	369	759	521	319	542	648	556	434	572	716	626	304	418	466	799	763	541	
419	551	488	485	745	381	410	440	506	737	671	755	0	411	735	713	652	604	535	426	668	572	653	490	749	541	605	553	454	506	761	692	683	678	745	775	593	629	325	725	757	788	350	337	368	495	731	501	622	763	379	635	626	458	429	610	330	401	633	549	663	
531	692	442	382	458	308	493	477	713	784	416	378	411	0	644	638	769	632	672	500	419	354	703	427	685	510	459	540	525	739	699	652	300	390	549	514	405	534	664	432	443	656	332	444	651	764	455	451	765	586	506	575	698	396	549	461	758	501	509	658	796	
362	315	711	790	463	788	678	555	391	628	707	367	735	644	0	515	579	364	797	353	604	547	367	510	784	454	619	592	413	411	552	626	608	447	458	607	562	487	696	330	458	371	594	448	451	483	510	765	550	670	748	482	656	402	379	351	776	797	693	319	450	
489	667	421	533	763	454	712	507	647	770	380	540	713	638	515	0	794	531	309	782	318	647	641	484	706	598	374	675	549	620	455	707	521	589	745	355	483	710	769	365	565	755	455	397	340	676	691	470	330	589	797	567	767	520	442	331	697	318	746	664	507	
318	795	744	532	783	641	451	563	412	723	777	593	652	769	579	794	0	332	337	748	471	594	773	347	346	587	320	695	428	784	766	689	675	757	729	433	718	613	427	743	522	634	435	680	502	326	414	456	502	480	343	456	378	518	315	728	393	739	682	546	778	
717	766	685	615	679	605	478	549	488	509	714	488	604	632	364	531	332	0	593	510	635	495	672	406	596	699	341	300	300	623	704	377	425	712	612	356	662	478	777	400	539	567	760	484	609	300	521	789	475	773	492	585	792	683	636	666	732	598	595	736	373	
602	523	527	702	529	628	408	665	642	596	599	777	535	672	797	309	337	593	0	387	671	618	767	391	762	300	404	378	538	607	320	367	346	594	799	517	358	657	680	409	457	482	331	665	520	696	678	473	564	608	306	374	630	633	610	723	668	797	690	729	566	
742	349	533	657	788	723	316	586	498	449	403	449	426	500	353	782	748	510	387	0	649	471	343	454	395	432	584	372	428	431	340	365	657	677	628	323	666	770	781	397	513	305	422	485	562	445	700	362	302	357	333	578	575	712	727	487	499	618	672	693	776	
304	527	591	659	330	424	450	391	567	788	482	558	668	419	604	318	471	635	671	649	0	749	607	664	507	471	360	677	505	614	512	356	574	355	537	416	527	418	512	695	767	765	564	594	500	423	544	519	781	786	496	366	779	539	377	601	558	735	789	603	372	
599	598	745	442	361	785	710	301	568	683	417	665	572	354	547	647	594	495	618	471	749	0	341	609	743	607	695	778	772	521	699	328	342	492	532	596	467	539	502	353	516	355	370	325	586	379	321	463	598	487	635	779	305	354	776	608	574	542	434	710	367	
567	413	419	319	381	523	516	623	785	367	651	417	653	703	367	641	773	672	767	343	607	341	0	594	315	376	301	477	483	548	721	579	363	583	366	384	328	709	313	389	456	535	637	601	599	720	510	727	402	411	369	796	412	634	587	548	301	476	405	593	668	
554	409	495	795	726	391	329	471	338	511	304	612	490	427	510	484	347	406	391	454	664	609	594	0	689	491	706	553	484	724	482	476	423	349	391	730	783	651	525	535	344	723	334	709	615	794	478	310	714	769	546	480	456	639	508	484	350	410	409	511	743	
538	639	723	565	480	664	593	479	698	483	710	426	749	685	784	706	346	596	762	395	507	743	315	689	0	600	369	639	755	329	326	327	745	419	771	419	318	665	540	712	632	370	692	451	461	375	628	733	798	592	371	369	520	729	380	607	387	602	595	413	652	
577	468	761	772	739	686	721	710	661	505	686	327	541	510	454	598	587	699	300	432	471	607	376	491	600	0	339	784	671	669	522	319	715	710	793	487	413	382	770	586	597	407	735	373	508	328	381	581	355	755	396	781	519	610	798	464	415	322	355	366	685	
620	590	691	712	670	779	546	450	768	660	557	523	605	459	619	374	320	341	404	584	360	695	301	706	369	339	0	332	327	407	536	454	451	748	468	639	338	530	494	406	678	761	575	731	618	730	465	698	749	356	483	456	304	417	490	709	693	352	484	746	491	
481	636	653	410	691	480	715	392	794	790	678	341	553	540	592	675	695	300	378	372	677	778	477	553	639	784	332	0	778	404	308	722	624	630	412	306	599	696	508	764	497	314	668	596	520	540	478	761	579	600	578	517	318	311	312	460	562	423	658	708	573	
576	527	652	751	516	699	470	695	524	424	573	400	454	525	413	549	428	300	538	428	505	772	483	484	755	671	327	778	0	621	759	774	655	679	318	709	420	518	409	598	604	762	469	415	551	485	319	350	581	370	354	653	558	484	432	783	720	546	781	774	652	
361	704	501	621	731	471	373	742	545	791	691	790	506	739	411	620	784	623	607	431	614	521	548	724	329	669	407	404	621	0	571	634	586	307	643	661	307	797	619	561	759	695	586	337	453	390	454	795	796	775	512	522	562	414	342	698	424	791	319	496	550	
367	510	745	610	771	590	531	584	445	669	761	423	761	699	552	455	766	704	320	340	512	699	721	482	326	522	536	308	759	571	0	416	551	345	659	588	413	326	550	535	449	453	703	752	343	439	505	385	575	382	634	508	554	634	659	338	485	456	697	469	734	
794	772	336	308	682	624	748	442	663	509	432	519	692	652	626	707	689	377	367	365	356	328	579	476	327	319	454	722	774	634	416	0	346	707	409	422	446	330	427	682	327	304	345	338	778	708	555	799	730	450	534	615	773	695	799	437	377	444	413	535	539	
406	379	398	417	685	386	457	407	505	391	442	781	683	300	608	521	675	425	346	657	574	342	363	423	745	715	451	624	655	586	551	346	0	536	508	304	797	697	381	369	725	583	583	761	675	655	412	741	535	455	524	349	513	324	332	518	651	412	329	505	796	
378	379	399	756	764	449	523	300	428	508	573	327	678	390	447	589	757	712	594	677	355	492	583	349	419	710	748	630	679	307	345	707	536	0	327	796	517	724	749	415	686	679	742	377	335	451	623	407	748	707	557	679	541	782	450	601	600	355	606	542	376	
696	784	567	668	414	498	698	694	329	696	628	776	745	549	458	745	729	612	799	628	537	532	366	391	771	793	468	412	318	643	659	409	508	327	0	632	703	551	354	443	696	700	301	309	332	439	588	601	752	526	485	753	412	698	633	714	650	342	485	474	521	
474	732	587	443	769	487	490	685	733	596	552	392	775	514	607	355	433	356	517	323	416	596	384	730	419	487	639	306	709	661	588	422	304	796	632	0	612	691	401	728	384	538	515	308	671	458	755	386	379	713	685	742	686	771	438	777	486	715	416	507	592	
517	397	514	542	792	433	617	476	505	646	773	569	593	405	562	483	718	662	358	666	527	467	328	783	318	413	338	599	420	307	413	446	797	517	703	612	0	410	333	303	571	316	738	503	794	501	672	437	387	450	619	377	536	550	614	722	774	379	706	579	777	
580	799	440	667	310	721	500	313	661	328	509	301	629	534	487	710	613	478	657	770	418	539	709	651	665	382	530	696	518	797	326	330	697	724	551	691	410	0	609	496	366	710	313	422	543	519	303	775	314	709	430	732	326	356	486	521	574	589	446	784	570	
711	473	648	359	414	380	304	364	397	396	395	654	325	664	696	769	427	777	680	781	512	502	313	525	540	770	494	508	409	619	550	427	381	749	354	401	333	609	0	653	791	559	772	627	513	607	757	411	507	441	339	744	795	707	562	333	305	337	623	760	592	
523	461	372	515	475	317	323	722	751	422	501	622	725	432	330	365	743	400	409	397	695	353	389	535	712	586	406	764	598	561	535	682	369	415	443	728	303	496	653	0	651	593	791	749	475	397	323	386	622	394	376	715	368	756	410	789	413	348	752	780	384	
450	306	309	612	737	673	521	689	476	351	754	625	757	443	458	565	522	539	457	513	767	516	456	344	632	597	678	497	604	759	449	327	725	686	696	384	571	366	791	651	0	787	462	773	659	757	414	510	715	326	419	436	715	495	777	351	382	528	503	375	570	
558	483	580	701	310	491	368	348	670	370	532	515	788	656	371	755	634	567	482	305	765	355	535	723	370	407	761	314	762	695	453	304	583	679	700	538	316	710	559	593	787	0	680	685	546	450	681	533	645	761	758	736	689	495	499	668	588	422	599	474	748	
500	656	716	300	409	759	387	314	539	528	628	343	350	332	594	455	435	760	331	422	564	370	637	334	692	735	575	668	469	586	703	345	583	742	301	515	738	313	772	791	462	680	0	525	656	479	491	654	303	425	562	417	630	461	489	418	794	608	381	789	701	
543	418	755	543	642	531	699	683	650	536	754	708	337	444	448	397	680	484	665	485	594	325	601	709	451	373	731	596	415	337	752	338	761	377	309	308	503	422	627	749	773	685	525	0	403	601	405	319	529	478	747	584	751	387	618	731	797	589	442	503	750	
685	631	510	408	658	388	664	581	760	313	550	369	368	651	451	340	502	609	520	562	500	586	599	615	461	508	618	520	551	453	343	778	675	335	332	671	794	543	513	475	659	546	656	403	0	697	326	753	619	798	471	553	570	583	575	304	684	514	683	396	535	
393	534	665	678	574	733	679	363	742	383	521	759	495	764	483	676	326	300	696	445	423	379	720	794	375	328	730	540	485	390	439	708	655	451	439	458	501	519	607	397	757	450	479	601	697	0	380	711	457	384	359	416	474	581	548	596	761	412	445	422	791	
399	451	427	487	727	503	538	643	757	644	599	521	731	455	510	691	414	521	678	700	544	321	510	478	628	381	465	478	319	454	505	555	412	623	588	755	672	303	757	323	414	681	491	405	326	380	0	515	486	442	567	623	483	524	616	484	434	354	573	767	685	
343	619	464	775	685	686	731	441	464	549	657	319	501	451	765	470	456	789	473	362	519	463	727	310	733	581	698	761	350	795	385	799	741	407	601	386	437	775	411	386	510	533	654	319	753	711	515	0	306	660	752	311	345	340	419	312	713	542	506	582	326	
659	705	780	690	475	656	393	744	645	358	357	542	622	765	550	330	502	475	564	302	781	598	402	714	798	355	749	579	581	796	575	730	535	748	752	379	387	314	507	622	715	645	303	529	619	457	486	306	0	545	597	549	474	559	660	320	423	384	738	557	674	
533	772	346	748	390	404	738	335	348	527	577	648	763	586	670	589	480	773	608	357	786	487	411	769	592	755	356	600	370	775	382	450	455	707	526	713	450	709	441	394	326	761	425	478	798	384	442	660	545	0	534	481	466	639	423	780	625	763	797	311	688	
729	799	586	491	794	490	683	788	350	378	402	556	379	506	748	797	343	492	306	333	496	635	369	546	371	396	483	578	354	512	634	534	524	557	485	685	619	430	339	376	419	758	562	747	471	359	567	752	597	534	0	695	339	383	770	518	688	796	700	614	508	
740	354	399	725	778	709	548	530	697	610	760	434	635	575	482	567	456	585	374	578	366	779	796	480	369	781	456	517	653	522	508	615	349	679	753	742	377	732	744	715	436	736	417	584	553	416	623	311	549	481	695	0	606	408	549	642	771	336	795	306	566	
783	463	746	311	661	799	769	371	794	422	648	572	626	698	656	767	378	792	630	575	779	305	412	456	520	519	304	318	558	562	554	773	513	541	412	686	536	326	795	368	715	689	630	751	570	474	483	345	474	466	339	606	0	375	700	415	325	537	783	372	567	
341	504	590	303	491	458	489	536	477	319	677	716	458	396	402	520	518	683	633	712	539	354	634	639	729	610	417	311	484	414	634	695	324	782	698	771	550	356	707	756	495	495	461	387	583	581	524	340	559	639	383	408	375	0	443	727	752	727	685	761	524	
355	585	596	421	700	732	707	389	336	767	584	626	429	549	379	442	315	636	610	727	377	776	587	508	380	798	490	312	432	342	659	799	332	450	633	438	614	486	562	410	777	499	489	618	575	548	616	419	660	423	770	549	700	443	0	346	662	366	714	377	546	
676	373	638	473	784	464	494	516	561	362	350	304	610	461	351	331	728	666	723	487	601	608	548	484	607	464	709	460	783	698	338	437	518	601	714	777	722	521	333	789	351	668	418	731	304	596	484	312	320	780	518	642	415	727	346	0	332	444	482	406	474	
582	484	696	615	579	388	377	368	331	682	377	418	330	758	776	697	393	732	668	499	558	574	301	350	387	415	693	562	720	424	485	377	651	600	650	486	774	574	305	413	382	588	794	797	684	761	434	713	423	625	688	771	325	752	662	332	0	327	355	341	494	
595	692	593	474	664	547	373	727	379	461	389	466	401	501	797	318	739	598	797	618	735	542	476	410	602	322	352	423	546	791	456	444	412	355	342	715	379	589	337	348	528	422	608	589	514	412	354	542	384	763	796	336	537	727	366	444	327	0	414	575	604	
790	341	324	406	354	630	487	517	526	459	628	799	633	509	693	746	682	595	690	672	789	434	405	409	595	355	484	658	781	319	697	413	329	606	485	416	706	446	623	752	503	599	381	442	683	445	573	506	738	797	700	795	783	685	714	482	355	414	0	417	758	
682	557	783	384	541	590	579	721	586	579	570	763	549	658	319	664	546	736	729	693	603	710	593	511	413	366	746	708	774	496	469	535	505	542	474	507	579	784	760	780	375	474	789	503	396	422	767	582	557	311	614	306	372	761	377	406	341	575	417	0	312	
367	727	535	352	741	796	512	702	700	498	414	541	663	796	450	507	778	373	566	776	372	367	668	743	652	685	491	573	652	550	734	539	796	376	521	592	777	570	592	384	570	748	701	750	535	791	685	326	674	688	508	566	567	524	546	474	494	604	758	312	0	
etats
Id_Station	Poids W	Min (P)	WSPT	Priorité	
1	3	300	33,33	1	
2	1	300	33,33	2	
3	5	301	33,44	3	
4	2	305	33,89	4	
5	3	306	34,00	5	
6	1	306	34,00	6	
7	8	307	34,11	7	
8	3	307	34,11	8	
9	2	311	34,56	9	
10	4	302	37,75	10	
11	4	303	37,88	11	
12	5	341	37,89	12	
13	4	308	38,50	13	
14	5	313	39,13	14	
15	2	319	39,88	15	
16	1	301	43,00	16	
17	7	304	43,43	17	
18	6	307	43,86	18	
19	3	318	45,43	19	
20	2	322	46,00	20	
21	3	300	50,00	21	
22	1	304	50,67	22	
23	1	305	50,83	23	
24	9	308	51,33	24	
25	1	309	51,50	25	
26	4	310	51,67	26	
27	3	317	52,83	27	
28	1	319	53,17	28	
29	9	319	53,17	29	
30	4	302	60,40	30	
31	2	303	60,60	31	
32	8	304	60,80	32	
33	1	304	60,80	33	
34	8	307	61,40	34	
35	6	301	75,25	35	
36	3	312	78,00	36	
37	2	317	79,25	37	
38	1	304	101,33	38	
39	6	305	101,67	39	
40	3	306	102,00	40	
41	3	306	102,00	41	
42	2	309	103,00	42	
43	2	300	150,00	43	
44	8	302	151,00	44	
45	2	306	153,00	45	
46	1	310	155,00	46	
47	1	313	156,50	47	
48	1	320	160,00	48	
49	6	325	162,50	49	
50	3	300	300,00	50	
51	6	300	300,00	51	
52	5	301	301,00	52	
53	3	304	304,00	53	
54	9	304	304,00	54	
55	1	305	305,00	55	
56	7	308	308,00	56	
57	3	311	311,00	57	
58	7	313	313,00	58	
59	6	316	316,00	59	
60	9	319	319,00	60	

