distances
0	459	756	463	533	399	622	336	683	387	487	488	674	486	658	431	791	339	736	408	718	716	679	629	427	755	669	774	685	309	444	449	790	335	771	476	485	750	449	789	629	599	577	712	559	455	680	786	712	368	638	347	641	502	607	685	388	504	578	557	545	
459	0	738	505	668	456	479	525	746	454	517	600	453	705	417	603	772	307	335	432	310	659	444	673	704	309	355	702	462	349	479	559	598	486	789	768	614	470	703	304	360	514	568	617	670	497	794	500	426	611	577	386	378	602	421	474	787	526	432	686	338	
756	738	0	465	795	310	701	631	468	676	634	566	509	789	786	718	423	509	701	389	622	622	437	400	796	308	731	498	612	490	632	595	737	705	529	667	355	763	705	605	471	571	341	342	589	458	725	520	366	309	582	442	668	612	771	711	491	473	511	588	723	
463	505	465	0	797	656	380	408	634	350	399	357	363	304	509	318	629	379	351	615	731	353	737	536	568	627	557	625	423	688	406	416	305	655	505	484	461	568	539	568	343	591	533	638	378	773	334	470	584	700	628	585	474	426	599	406	680	455	555	467	440	
533	668	795	797	0	783	681	463	530	588	421	407	418	543	658	368	392	433	621	441	706	567	332	478	695	741	777	737	579	777	521	504	395	644	349	516	485	601	495	519	451	784	565	778	772	514	588	748	486	678	461	412	630	563	522	588	303	423	508	514	487	
399	456	310	656	783	0	770	437	504	791	758	303	406	646	649	333	550	380	356	710	423	455	711	369	744	612	556	421	481	450	691	716	664	488	454	722	493	426	343	355	340	407	796	311	385	662	435	392	322	787	731	651	356	701	747	517	506	419	708	568	419	
622	479	701	380	681	770	0	456	333	452	511	786	745	519	382	595	539	735	742	516	622	308	693	354	789	340	653	749	563	693	723	793	723	782	640	466	305	442	450	763	502	351	606	637	505	751	592	520	337	489	429	551	668	490	736	685	404	784	526	435	422	
336	525	631	408	463	437	456	0	723	783	703	536	321	650	536	522	515	602	792	545	366	426	632	300	539	325	575	475	695	350	515	426	365	700	734	697	625	511	412	499	470	660	715	763	626	706	778	789	483	463	612	440	565	379	421	486	776	418	395	774	589	
683	746	468	634	530	504	333	723	0	419	578	675	540	576	686	736	425	330	436	456	761	795	749	635	478	663	755	677	427	336	768	496	789	592	404	694	417	328	479	501	532	672	790	619	687	466	535	323	313	768	425	399	344	328	705	400	715	765	422	638	645	
387	454	676	350	588	791	452	783	419	0	767	697	531	507	699	721	435	349	331	752	423	799	336	605	394	300	382	514	351	476	670	688	779	694	589	435	596	763	391	516	530	609	675	750	724	570	724	437	604	625	592	399	654	436	395	785	329	317	644	682	585	
487	517	634	399	421	758	511	703	578	767	0	359	544	558	427	589	781	353	300	368	779	488	470	300	455	322	531	340	505	606	437	768	407	565	745	316	302	519	553	683	535	423	470	527	793	346	580	441	701	732	764	561	790	532	612	576	684	730	409	304	349	
488	600	566	357	407	303	786	536	675	697	359	0	594	550	702	432	490	686	781	521	405	453	424	318	472	439	495	468	704	464	316	386	626	451	586	766	408	398	789	738	563	721	694	311	597	488	578	400	681	723	763	623	543	534	331	738	594	381	351	314	359	
674	453	509	363	418	406	745	321	540	531	544	594	0	525	579	374	375	691	799	783	414	734	639	689	415	592	393	502	704	447	551	783	307	518	343	550	397	661	448	666	651	587	317	673	699	560	622	792	570	403	343	447	669	683	656	432	562	447	403	508	315	
486	705	789	304	543	646	519	650	576	507	558	550	525	0	765	386	570	645	480	579	656	637	508	467	392	466	618	404	576	547	748	634	693	541	763	431	550	613	756	704	422	482	753	514	644	669	342	476	320	548	628	720	442	609	797	626	494	529	438	777	337	
658	417	786	509	658	649	382	536	686	699	427	702	579	765	0	779	378	502	740	571	713	678	380	475	781	352	352	450	600	583	546	322	388	581	587	798	555	637	306	564	397	781	346	548	377	433	470	394	644	406	503	445	324	359	364	316	652	620	359	723	684	
431	603	718	318	368	333	595	522	736	721	589	432	374	386	779	0	620	495	642	348	683	421	324	512	441	552	394	422	552	573	683	598	570	555	546	790	752	786	315	327	714	500	441	527	667	675	475	690	532	750	333	484	381	641	726	694	482	626	447	564	604	
791	772	423	629	392	550	539	515	425	435	781	490	375	570	378	620	0	412	641	760	752	563	537	414	674	738	383	315	303	749	444	362	410	561	689	339	342	344	678	408	400	489	400	513	587	657	740	619	434	724	681	396	555	458	362	521	538	643	724	414	540	
339	307	509	379	433	380	735	602	330	349	353	686	691	645	502	495	412	0	461	750	708	526	305	674	662	476	327	750	301	377	561	669	659	512	339	537	424	389	305	777	653	631	736	449	656	625	306	475	437	650	366	555	371	492	354	455	463	791	493	561	523	
736	335	701	351	621	356	742	792	436	331	300	781	799	480	740	642	641	461	0	434	411	630	368	505	714	606	396	306	520	601	679	366	621	451	773	441	686	375	735	543	677	643	645	728	501	568	625	579	648	634	388	695	486	484	417	536	716	693	575	600	764	
408	432	389	615	441	710	516	545	456	752	368	521	783	579	571	348	760	750	434	0	552	657	655	564	534	427	777	317	367	622	772	689	415	417	782	594	644	587	689	641	422	648	528	331	766	364	377	360	545	688	683	326	637	474	692	777	434	467	702	776	604	
718	310	622	731	706	423	622	366	761	423	779	405	414	656	713	683	752	708	411	552	0	442	496	442	640	305	520	612	542	691	674	777	468	702	581	300	610	687	466	697	439	737	726	520	350	319	612	556	369	326	446	650	421	382	423	468	620	569	786	453	686	
716	659	622	353	567	455	308	426	795	799	488	453	734	637	678	421	563	526	630	657	442	0	595	461	641	453	528	325	423	631	713	353	744	403	746	799	550	654	769	699	326	405	577	305	743	397	344	314	619	551	477	757	462	790	563	610	618	703	537	566	573	
679	444	437	737	332	711	693	632	749	336	470	424	639	508	380	324	537	305	368	655	496	595	0	401	611	607	556	582	736	737	539	318	767	438	360	337	373	357	704	603	772	574	446	742	390	705	532	414	475	537	360	611	525	748	679	713	549	326	592	358	607	
629	673	400	536	478	369	354	300	635	605	300	318	689	467	475	512	414	674	505	564	442	461	401	0	483	775	393	508	673	591	438	623	621	589	408	526	444	349	708	458	365	677	449	458	444	409	536	540	485	440	488	652	739	500	594	752	380	512	327	402	460	
427	704	796	568	695	744	789	539	478	394	455	472	415	392	781	441	674	662	714	534	640	641	611	483	0	509	367	559	751	637	301	570	476	304	599	709	563	770	662	574	417	443	304	397	613	610	302	718	337	541	518	581	704	309	768	425	512	448	671	798	592	
755	309	308	627	741	612	340	325	663	300	322	439	592	466	352	552	738	476	606	427	305	453	607	775	509	0	395	506	706	315	356	540	610	523	342	738	342	585	453	644	381	540	684	744	542	312	574	706	494	664	373	512	334	441	410	605	767	358	776	398	328	
669	355	731	557	777	556	653	575	755	382	531	495	393	618	352	394	383	327	396	777	520	528	556	393	367	395	0	562	798	330	341	316	613	644	760	472	702	440	663	559	796	538	692	462	454	798	558	497	443	781	535	578	510	763	457	592	374	586	772	743	519	
774	702	498	625	737	421	749	475	677	514	340	468	502	404	450	422	315	750	306	317	612	325	582	508	559	506	562	0	579	633	520	379	446	407	422	674	305	721	527	763	309	463	667	631	550	707	363	731	715	412	495	344	388	766	480	525	607	406	354	761	715	
685	462	612	423	579	481	563	695	427	351	505	704	704	576	600	552	303	301	520	367	542	423	736	673	751	706	798	579	0	681	780	553	438	778	633	390	676	715	489	682	669	631	552	500	371	755	787	415	373	553	785	787	469	307	641	622	333	450	503	568	365	
309	349	490	688	777	450	693	350	336	476	606	464	447	547	583	573	749	377	601	622	691	631	737	591	637	315	330	633	681	0	359	314	738	486	374	560	725	769	324	419	721	452	738	468	768	370	387	772	507	312	561	727	689	306	301	427	497	534	660	515	772	
444	479	632	406	521	691	723	515	768	670	437	316	551	748	546	683	444	561	679	772	674	713	539	438	301	356	341	520	780	359	0	342	343	733	337	767	345	492	586	493	635	539	389	471	776	487	332	762	494	736	501	792	663	434	789	506	570	579	483	452	622	
449	559	595	416	504	716	793	426	496	688	768	386	783	634	322	598	362	669	366	689	777	353	318	623	570	540	316	379	553	314	342	0	496	351	605	611	321	696	397	680	537	701	415	632	384	622	433	549	348	787	636	741	608	323	566	339	487	369	680	451	312	
790	598	737	305	395	664	723	365	789	779	407	626	307	693	388	570	410	659	621	415	468	744	767	621	476	610	613	446	438	738	343	496	0	377	619	639	607	399	343	637	409	699	696	712	625	333	546	470	750	495	470	454	593	534	639	614	307	721	456	507	351	
335	486	705	655	644	488	782	700	592	694	565	451	518	541	581	555	561	512	451	417	702	403	438	589	304	523	644	407	778	486	733	351	377	0	764	744	523	595	764	624	573	434	794	468	621	730	417	637	360	586	462	441	442	311	639	347	543	750	390	675	363	
771	789	529	505	349	454	640	734	404	589	745	586	343	763	587	546	689	339	773	782	581	746	360	408	599	342	760	422	633	374	337	605	619	764	0	546	564	429	378	462	685	578	578	583	799	374	477	773	654	372	304	318	716	739	562	502	537	306	369	589	316	
476	768	667	484	516	722	466	697	694	435	316	766	550	431	798	790	339	537	441	594	300	799	337	526	709	738	472	674	390	560	767	611	639	744	546	0	378	503	342	674	536	683	752	636	529	369	589	776	569	492	561	326	512	543	474	639	302	320	614	547	305	
485	614	355	461	485	493	305	625	417	596	302	408	397	550	555	752	342	424	686	644	610	550	373	444	563	342	702	305	676	725	345	321	607	523	564	378	0	319	652	719	754	521	749	666	785	334	551	657	521	775	551	467	635	547	632	300	633	710	621	593	374	
750	470	763	568	601	426	442	511	328	763	519	398	661	613	637	786	344	389	375	587	687	654	357	349	770	585	440	721	715	769	492	696	399	595	429	503	319	0	374	732	685	521	377	383	548	548	727	431	436	404	629	551	642	469	567	356	635	678	706	578	523	
449	703	705	539	495	343	450	412	479	391	553	789	448	756	306	315	678	305	735	689	466	769	704	708	662	453	663	527	489	324	586	397	343	764	378	342	652	374	0	652	729	609	765	489	549	604	759	653	752	762	408	672	545	497	565	631	357	404	495	322	618	
789	304	605	568	519	355	763	499	501	516	683	738	666	704	564	327	408	777	543	641	697	699	603	458	574	644	559	763	682	419	493	680	637	624	462	674	719	732	652	0	536	642	665	440	457	774	573	336	458	339	617	654	722	419	687	701	758	558	787	398	341	
629	360	471	343	451	340	502	470	532	530	535	563	651	422	397	714	400	653	677	422	439	326	772	365	417	381	796	309	669	721	635	537	409	573	685	536	754	685	729	536	0	404	516	513	795	522	546	565	746	388	462	457	352	464	708	704	461	356	304	374	355	
599	514	571	591	784	407	351	660	672	609	423	721	587	482	781	500	489	631	643	648	737	405	574	677	443	540	538	463	631	452	539	701	699	434	578	683	521	521	609	642	404	0	668	366	713	601	597	467	333	409	437	349	381	397	669	686	342	407	523	437	794	
577	568	341	533	565	796	606	715	790	675	470	694	317	753	346	441	400	736	645	528	726	577	446	449	304	684	692	667	552	738	389	415	696	794	578	752	749	377	765	665	516	668	0	583	364	763	524	402	741	631	315	543	525	501	347	390	478	584	759	335	581	
712	617	342	638	778	311	637	763	619	750	527	311	673	514	548	527	513	449	728	331	520	305	742	458	397	744	462	631	500	468	471	632	712	468	583	636	666	383	489	440	513	366	583	0	738	713	367	724	481	527	372	509	435	534	539	760	784	493	595	596	796	
559	670	589	378	772	385	505	626	687	724	793	597	699	644	377	667	587	656	501	766	350	743	390	444	613	542	454	550	371	768	776	384	625	621	799	529	785	548	549	457	795	713	364	738	0	523	493	641	461	715	781	446	472	660	315	582	649	767	503	450	494	
455	497	458	773	514	662	751	706	466	570	346	488	560	669	433	675	657	625	568	364	319	397	705	409	610	312	798	707	755	370	487	622	333	730	374	369	334	548	604	774	522	601	763	713	523	0	505	310	391	515	586	606	518	579	724	656	316	400	497	750	452	
680	794	725	334	588	435	592	778	535	724	580	578	622	342	470	475	740	306	625	377	612	344	532	536	302	574	558	363	787	387	332	433	546	417	477	589	551	727	759	573	546	597	524	367	493	505	0	680	378	312	513	609	497	575	736	556	790	498	684	551	396	
786	500	520	470	748	392	520	789	323	437	441	400	792	476	394	690	619	475	579	360	556	314	414	540	718	706	497	731	415	772	762	549	470	637	773	776	657	431	653	336	565	467	402	724	641	310	680	0	394	586	536	399	412	718	551	446	359	414	474	616	473	
712	426	366	584	486	322	337	483	313	604	701	681	570	320	644	532	434	437	648	545	369	619	475	485	337	494	443	715	373	507	494	348	750	360	654	569	521	436	752	458	746	333	741	481	461	391	378	394	0	318	789	394	384	570	640	794	381	691	549	326	585	
368	611	309	700	678	787	489	463	768	625	732	723	403	548	406	750	724	650	634	688	326	551	537	440	541	664	781	412	553	312	736	787	495	586	372	492	775	404	762	339	388	409	631	527	715	515	312	586	318	0	446	748	444	329	513	487	663	563	634	545	480	
638	577	582	628	461	731	429	612	425	592	764	763	343	628	503	333	681	366	388	683	446	477	360	488	518	373	535	495	785	561	501	636	470	462	304	561	551	629	408	617	462	437	315	372	781	586	513	536	789	446	0	758	609	759	513	439	607	585	695	409	519	
347	386	442	585	412	651	551	440	399	399	561	623	447	720	445	484	396	555	695	326	650	757	611	652	581	512	578	344	787	727	792	741	454	441	318	326	467	551	672	654	457	349	543	509	446	606	609	399	394	748	758	0	466	427	688	507	482	762	450	686	337	
641	378	668	474	630	356	668	565	344	654	790	543	669	442	324	381	555	371	486	637	421	462	525	739	704	334	510	388	469	689	663	608	593	442	716	512	635	642	545	722	352	381	525	435	472	518	497	412	384	444	609	466	0	509	517	575	717	667	679	632	620	
502	602	612	426	563	701	490	379	328	436	532	534	683	609	359	641	458	492	484	474	382	790	748	500	309	441	763	766	307	306	434	323	534	311	739	543	547	469	497	419	464	397	501	534	660	579	575	718	570	329	759	427	509	0	309	330	335	406	429	693	603	
607	421	771	599	522	747	736	421	705	395	612	331	656	797	364	726	362	354	417	692	423	563	679	594	768	410	457	480	641	301	789	566	639	639	562	474	632	567	565	687	708	669	347	539	315	724	736	551	640	513	513	688	517	309	0	735	442	319	401	502	335	
685	474	711	406	588	517	685	486	400	785	576	738	432	626	316	694	521	455	536	777	468	610	713	752	425	605	592	525	622	427	506	339	614	347	502	639	300	356	631	701	704	686	390	760	582	656	556	446	794	487	439	507	575	330	735	0	730	313	458	400	668	
388	787	491	680	303	506	404	776	715	329	684	594	562	494	652	482	538	463	716	434	620	618	549	380	512	767	374	607	333	497	570	487	307	543	537	302	633	635	357	758	461	342	478	784	649	316	790	359	381	663	607	482	717	335	442	730	0	301	658	502	455	
504	526	473	455	423	419	784	418	765	317	730	381	447	529	620	626	643	791	693	467	569	703	326	512	448	358	586	406	450	534	579	369	721	750	306	320	710	678	404	558	356	407	584	493	767	400	498	414	691	563	585	762	667	406	319	313	301	0	300	679	425	
578	432	511	555	508	708	526	395	422	644	409	351	403	438	359	447	724	493	575	702	786	537	592	327	671	776	772	354	503	660	483	680	456	390	369	614	621	706	495	787	304	523	759	595	503	497	684	474	549	634	695	450	679	429	401	458	658	300	0	784	423	
557	686	588	467	514	568	435	774	638	682	304	314	508	777	723	564	414	561	600	776	453	566	358	402	798	398	743	761	568	515	452	451	507	675	589	547	593	578	322	398	374	437	335	596	450	750	551	616	326	545	409	686	632	693	502	400	502	679	784	0	323	
545	338	723	440	487	419	422	589	645	585	349	359	315	337	684	604	540	523	764	604	686	573	607	460	592	328	519	715	365	772	622	312	351	363	316	305	374	523	618	341	355	794	581	796	494	452	396	473	585	480	519	337	620	603	335	668	455	425	423	323	0	
etats
Id_Station	Poids W	Min (P)	WSPT	Priorité	
1	9	301	33,44	1	
2	3	304	33,78	2	
3	1	320	35,56	3	
4	2	320	35,56	4	
5	2	324	36,00	5	
6	7	300	37,50	6	
7	7	315	39,38	7	
8	6	300	42,86	8	
9	9	300	42,86	9	
10	3	302	43,14	10	
11	6	302	43,14	11	
12	6	347	43,38	12	
13	6	307	43,86	13	
14	5	307	43,86	14	
15	5	311	44,43	15	
16	8	312	44,57	16	
17	2	317	45,29	17	
18	2	303	50,50	18	
19	1	304	50,67	19	
20	8	308	51,33	20	
21	8	311	51,83	21	
22	5	301	60,20	22	
23	8	302	60,40	23	
24	1	302	60,40	24	
25	7	306	61,20	25	
26	6	307	61,40	26	
27	1	320	64,00	27	
28	4	301	75,25	28	
29	6	301	75,25	29	
30	8	304	76,00	30	
31	5	307	76,75	31	
32	2	332	83,00	32	
33	4	301	100,33	33	
34	5	302	100,67	34	
35	1	302	100,67	35	
36	6	304	101,33	36	
37	6	306	102,00	37	
38	8	323	107,67	38	
39	4	328	109,33	39	
40	6	300	150,00	40	
41	4	301	150,50	41	
42	2	306	153,00	42	
43	7	308	154,00	43	
44	9	319	159,50	44	
45	8	300	300,00	45	
46	9	300	300,00	46	
47	9	300	300,00	47	
48	5	301	301,00	48	
49	6	301	301,00	49	
50	3	302	302,00	50	
51	9	302	302,00	51	
52	3	302	302,00	52	
53	7	306	306,00	53	
54	1	308	308,00	54	
55	7	318	318,00	55	
56	1	322	322,00	56	
57	3	324	324,00	57	
58	6	326	326,00	58	
59	8	327	327,00	59	
60	2	341	341,00	60	

