distances
0	607	632	673	675	566	694	449	769	776	687	443	582	547	554	361	607	576	741	720	333	709	456	631	734	597	375	761	368	685	552	300	544	676	711	501	750	370	313	731	621	772	665	729	467	569	696	667	692	367	424	462	493	691	377	318	768	725	486	530	568	
607	0	523	530	467	622	651	763	527	775	715	593	627	466	451	515	728	314	574	381	546	670	412	449	699	673	512	533	346	307	572	606	502	658	534	658	594	703	313	505	641	756	666	652	412	771	628	612	732	732	658	438	773	464	694	452	564	403	777	600	754	
632	523	0	343	408	711	707	742	595	320	362	387	648	525	303	688	612	514	712	609	513	719	342	729	516	588	606	512	363	639	692	524	679	577	587	706	662	590	369	496	662	533	566	420	321	440	444	721	479	333	637	372	564	789	664	579	431	465	341	631	464	
673	530	343	0	360	310	465	613	496	511	536	469	341	468	446	696	469	528	352	574	590	647	746	576	349	590	478	546	568	507	708	774	626	358	756	650	629	771	566	508	466	530	330	789	539	636	747	535	734	345	468	333	560	644	353	438	753	544	557	693	499	
675	467	408	360	0	589	311	453	367	479	672	436	453	629	711	702	572	596	595	415	387	344	564	454	565	406	604	722	434	577	798	724	623	330	355	406	655	331	459	598	545	553	417	773	698	322	572	388	392	578	379	456	621	756	359	357	546	799	355	444	615	
566	622	711	310	589	0	538	541	645	305	328	632	445	460	478	324	365	450	658	345	480	502	691	602	563	660	434	339	327	440	563	771	518	375	599	764	381	385	536	404	308	776	322	441	494	624	434	797	339	547	381	526	354	566	522	672	590	355	566	706	443	
694	651	707	465	311	538	0	355	471	451	574	639	434	409	495	660	715	509	705	628	662	658	778	695	635	604	543	681	590	706	565	609	305	472	384	369	318	709	388	595	418	301	559	331	682	382	503	520	729	442	726	451	407	562	380	315	780	661	327	377	613	
449	763	742	613	453	541	355	0	391	794	594	362	445	415	397	447	639	472	400	403	673	334	543	349	621	450	424	786	674	786	353	758	563	681	674	680	401	798	325	328	322	402	618	771	617	719	742	372	473	403	442	564	577	613	569	406	480	634	388	467	323	
769	527	595	496	367	645	471	391	0	752	663	361	557	426	363	378	704	306	626	755	532	388	527	719	581	594	764	708	436	783	747	780	790	722	392	648	540	611	480	611	561	653	576	720	596	675	457	321	450	596	517	303	684	627	480	677	353	622	549	665	386	
776	775	320	511	479	305	451	794	752	0	374	704	457	793	557	464	702	600	314	425	314	476	650	595	559	700	738	412	432	400	445	544	380	558	310	328	743	390	521	371	528	338	658	509	364	500	604	348	616	560	764	429	609	736	345	672	315	790	496	385	472	
687	715	362	536	672	328	574	594	663	374	0	532	706	516	311	568	376	668	656	594	465	523	720	418	596	724	511	486	482	319	593	579	380	683	424	645	318	414	732	461	436	344	497	671	579	647	361	687	332	575	717	742	422	713	474	776	597	339	553	748	468	
443	593	387	469	436	632	639	362	361	704	532	0	686	445	786	304	541	398	528	788	646	551	441	380	773	784	635	306	371	620	652	573	510	537	435	666	627	752	320	368	775	397	465	607	575	346	648	736	674	628	598	780	783	303	395	360	325	674	759	679	695	
582	627	648	341	453	445	434	445	557	457	706	686	0	701	588	563	714	494	335	467	466	577	425	592	464	789	494	405	649	315	580	345	625	403	687	590	316	584	611	400	688	632	730	409	681	375	324	547	314	514	376	459	433	643	713	340	534	643	398	465	589	
547	466	525	468	629	460	409	415	426	793	516	445	701	0	769	609	376	731	682	584	486	318	410	794	703	398	650	529	445	739	439	316	782	453	705	704	602	610	499	670	750	439	378	755	784	578	618	649	781	692	485	549	742	771	699	733	418	712	741	342	609	
554	451	303	446	711	478	495	397	363	557	311	786	588	769	0	583	408	468	311	545	613	758	572	535	300	527	641	317	317	653	649	550	449	741	695	337	541	553	692	551	426	615	362	734	637	698	734	512	591	523	315	562	300	742	585	547	679	328	387	760	608	
361	515	688	696	702	324	660	447	378	464	568	304	563	609	583	0	650	503	633	463	658	321	320	332	482	475	585	312	460	347	482	561	312	482	729	636	537	501	666	339	691	489	787	611	488	650	657	736	493	657	307	578	429	591	406	367	637	715	729	429	763	
607	728	612	469	572	365	715	639	704	702	376	541	714	376	408	650	0	799	372	768	592	429	623	656	769	583	544	370	386	467	304	596	471	478	468	537	301	416	737	553	658	524	728	781	582	478	750	729	350	770	515	396	371	798	667	477	510	618	690	326	756	
576	314	514	528	596	450	509	472	306	600	668	398	494	731	468	503	799	0	559	659	625	377	705	799	638	563	553	354	527	636	622	479	552	572	328	445	622	595	391	790	582	631	562	777	374	507	565	516	745	794	584	390	646	427	509	473	518	344	370	756	742	
741	574	712	352	595	658	705	400	626	314	656	528	335	682	311	633	372	559	0	474	428	769	447	708	691	614	623	463	488	598	793	604	415	443	536	578	410	577	670	394	335	616	407	608	541	601	313	546	508	497	512	426	506	536	629	584	634	587	444	651	793	
720	381	609	574	415	345	628	403	755	425	594	788	467	584	545	463	768	659	474	0	573	305	422	715	759	462	787	464	751	671	368	611	483	707	565	383	773	570	341	648	526	410	523	507	744	537	641	686	449	334	693	599	554	605	737	615	447	335	705	359	446	
333	546	513	590	387	480	662	673	532	314	465	646	466	486	613	658	592	625	428	573	0	626	703	645	690	796	410	672	619	588	757	398	313	310	364	375	683	530	476	650	790	756	444	357	327	483	746	764	549	418	557	605	341	796	305	736	652	585	322	618	567	
709	670	719	647	344	502	658	334	388	476	523	551	577	318	758	321	429	377	769	305	626	0	333	338	632	424	495	746	379	522	781	628	468	552	469	603	380	752	572	585	415	679	439	339	640	484	426	618	743	717	618	742	723	314	660	698	592	374	417	721	427	
456	412	342	746	564	691	778	543	527	650	720	441	425	410	572	320	623	705	447	422	703	333	0	517	466	559	398	692	386	621	749	304	694	596	462	763	402	321	687	411	532	651	613	339	742	638	620	598	665	335	783	501	312	613	384	534	634	461	413	392	320	
631	449	729	576	454	602	695	349	719	595	418	380	592	794	535	332	656	799	708	715	645	338	517	0	739	630	595	300	672	524	454	798	673	332	552	788	363	443	332	382	571	541	742	349	357	771	379	512	341	565	439	555	762	475	776	644	461	687	429	625	371	
734	699	516	349	565	563	635	621	581	559	596	773	464	703	300	482	769	638	691	759	690	632	466	739	0	780	791	777	683	424	569	665	565	733	303	783	483	793	715	480	617	509	639	565	451	446	715	417	762	676	441	343	342	480	776	470	346	353	357	395	787	
597	673	588	590	406	660	604	450	594	700	724	784	789	398	527	475	583	563	614	462	796	424	559	630	780	0	472	477	783	540	529	793	511	519	729	676	677	741	642	596	616	698	337	745	636	358	648	440	646	469	674	648	534	732	765	379	459	377	615	382	399	
375	512	606	478	604	434	543	424	764	738	511	635	494	650	641	585	544	553	623	787	410	495	398	595	791	472	0	493	646	654	717	453	540	596	765	471	796	601	779	760	698	657	538	631	427	454	436	628	461	503	605	592	306	542	322	724	690	787	728	684	727	
761	533	512	546	722	339	681	786	708	412	486	306	405	529	317	312	370	354	463	464	672	746	692	300	777	477	493	0	746	419	324	608	529	468	488	552	593	533	518	578	306	735	579	493	321	625	622	740	386	578	438	621	337	429	538	790	630	452	575	774	482	
368	346	363	568	434	327	590	674	436	432	482	371	649	445	317	460	386	527	488	751	619	379	386	672	683	783	646	746	0	315	376	514	770	601	706	793	350	428	725	426	477	599	384	413	755	670	593	344	715	730	444	683	319	448	366	704	466	480	317	532	539	
685	307	639	507	577	440	706	786	783	400	319	620	315	739	653	347	467	636	598	671	588	522	621	524	424	540	654	419	315	0	751	455	371	479	649	691	737	611	333	585	450	524	440	305	606	561	683	726	620	763	535	571	722	622	619	621	447	411	571	713	353	
552	572	692	708	798	563	565	353	747	445	593	652	580	439	649	482	304	622	793	368	757	781	749	454	569	529	717	324	376	751	0	351	343	603	629	343	424	563	412	448	655	618	604	767	428	442	606	751	306	569	757	731	455	526	662	438	504	371	492	473	359	
300	606	524	774	724	771	609	758	780	544	579	573	345	316	550	561	596	479	604	611	398	628	304	798	665	793	453	608	514	455	351	0	767	387	460	392	537	484	774	768	558	759	524	678	399	547	760	362	513	388	458	676	481	540	754	443	785	618	562	447	318	
544	502	679	626	623	518	305	563	790	380	380	510	625	782	449	312	471	552	415	483	313	468	694	673	565	511	540	529	770	371	343	767	0	419	540	765	544	638	374	461	407	368	647	603	415	451	618	756	592	330	646	408	469	618	701	317	698	425	419	543	514	
676	658	577	358	330	375	472	681	722	558	683	537	403	453	741	482	478	572	443	707	310	552	596	332	733	519	596	468	601	479	603	387	419	0	481	681	331	370	506	465	575	377	426	302	693	416	475	404	786	446	666	392	343	789	524	604	722	711	356	599	653	
711	534	587	756	355	599	384	674	392	310	424	435	687	705	695	729	468	328	536	565	364	469	462	552	303	729	765	488	706	649	629	460	540	481	0	615	460	792	690	454	454	574	658	645	677	406	417	662	789	344	550	658	640	631	388	604	314	788	430	316	547	
501	658	706	650	406	764	369	680	648	328	645	666	590	704	337	636	537	445	578	383	375	603	763	788	783	676	471	552	793	691	343	392	765	681	615	0	718	607	551	689	400	631	793	434	465	457	776	675	370	481	343	479	524	799	561	775	645	398	702	730	380	
750	594	662	629	655	381	318	401	540	743	318	627	316	602	541	537	301	622	410	773	683	380	402	363	483	677	796	593	350	737	424	537	544	331	460	718	0	773	414	447	527	359	529	661	479	580	584	497	464	658	558	786	377	649	473	696	679	732	679	584	774	
370	703	590	771	331	385	709	798	611	390	414	752	584	610	553	501	416	595	577	570	530	752	321	443	793	741	601	533	428	611	563	484	638	370	792	607	773	0	705	758	573	486	546	344	766	778	736	569	447	705	497	603	584	379	382	752	687	327	493	368	722	
313	313	369	566	459	536	388	325	480	521	732	320	611	499	692	666	737	391	670	341	476	572	687	332	715	642	779	518	725	333	412	774	374	506	690	551	414	705	0	429	354	321	622	511	621	633	335	547	339	592	552	667	489	525	784	379	419	475	315	612	619	
731	505	496	508	598	404	595	328	611	371	461	368	400	670	551	339	553	790	394	648	650	585	411	382	480	596	760	578	426	585	448	768	461	465	454	689	447	758	429	0	366	677	452	719	666	392	332	633	388	792	437	716	590	457	327	590	381	446	475	585	530	
621	641	662	466	545	308	418	322	561	528	436	775	688	750	426	691	658	582	335	526	790	415	532	571	617	616	698	306	477	450	655	558	407	575	454	400	527	573	354	366	0	697	701	309	309	305	585	790	653	752	599	548	650	465	748	388	547	553	732	506	742	
772	756	533	530	553	776	301	402	653	338	344	397	632	439	615	489	524	631	616	410	756	679	651	541	509	698	657	735	599	524	618	759	368	377	574	631	359	486	321	677	697	0	374	314	639	457	324	607	750	417	579	795	750	353	642	718	300	650	626	334	595	
665	666	566	330	417	322	559	618	576	658	497	465	730	378	362	787	728	562	407	523	444	439	613	742	639	337	538	579	384	440	604	524	647	426	658	793	529	546	622	452	701	374	0	339	744	782	468	751	590	434	659	376	579	793	519	589	499	304	449	335	519	
729	652	420	789	773	441	331	771	720	509	671	607	409	755	734	611	781	777	608	507	357	339	339	349	565	745	631	493	413	305	767	678	603	302	645	434	661	344	511	719	309	314	339	0	773	620	648	612	698	783	581	502	333	580	793	662	674	516	728	380	399	
467	412	321	539	698	494	682	617	596	364	579	575	681	784	637	488	582	374	541	744	327	640	742	357	451	636	427	321	755	606	428	399	415	693	677	465	479	766	621	666	309	639	744	773	0	553	559	607	634	450	549	426	717	616	389	447	635	549	478	360	668	
569	771	440	636	322	624	382	719	675	500	647	346	375	578	698	650	478	507	601	537	483	484	638	771	446	358	454	625	670	561	442	547	451	416	406	457	580	778	633	392	305	457	782	620	553	0	772	662	764	696	710	620	409	621	458	326	577	309	560	375	653	
696	628	444	747	572	434	503	742	457	604	361	648	324	618	734	657	750	565	313	641	746	426	620	379	715	648	436	622	593	683	606	760	618	475	417	776	584	736	335	332	585	324	468	648	559	772	0	605	400	526	652	776	747	301	505	570	710	451	769	334	777	
667	612	721	535	388	797	520	372	321	348	687	736	547	649	512	736	729	516	546	686	764	618	598	512	417	440	628	740	344	726	751	362	756	404	662	675	497	569	547	633	790	607	751	612	607	662	605	0	413	567	658	794	398	710	535	303	781	483	796	559	616	
692	732	479	734	392	339	729	473	450	616	332	674	314	781	591	493	350	745	508	449	549	743	665	341	762	646	461	386	715	620	306	513	592	786	789	370	464	447	339	388	653	750	590	698	634	764	400	413	0	392	751	548	585	621	629	634	638	382	446	517	323	
367	732	333	345	578	547	442	403	596	560	575	628	514	692	523	657	770	794	497	334	418	717	335	565	676	469	503	578	730	763	569	388	330	446	344	481	658	705	592	792	752	417	434	783	450	696	526	567	392	0	612	357	691	768	761	578	558	600	459	721	485	
424	658	637	468	379	381	726	442	517	764	717	598	376	485	315	307	515	584	512	693	557	618	783	439	441	674	605	438	444	535	757	458	646	666	550	343	558	497	552	437	599	579	659	581	549	710	652	658	751	612	0	551	582	403	776	366	411	699	628	626	452	
462	438	372	333	456	526	451	564	303	429	742	780	459	549	562	578	396	390	426	599	605	742	501	555	343	648	592	621	683	571	731	676	408	392	658	479	786	603	667	716	548	795	376	502	426	620	776	794	548	357	551	0	405	791	679	650	538	670	442	515	722	
493	773	564	560	621	354	407	577	684	609	422	783	433	742	300	429	371	646	506	554	341	723	312	762	342	534	306	337	319	722	455	481	469	343	640	524	377	584	489	590	650	750	579	333	717	409	747	398	585	691	582	405	0	705	314	327	442	682	543	592	627	
691	464	789	644	756	566	562	613	627	736	713	303	643	771	742	591	798	427	536	605	796	314	613	475	480	732	542	429	448	622	526	540	618	789	631	799	649	379	525	457	465	353	793	580	616	621	301	710	621	768	403	791	705	0	517	590	750	386	592	607	659	
377	694	664	353	359	522	380	569	480	345	474	395	713	699	585	406	667	509	629	737	305	660	384	776	776	765	322	538	366	619	662	754	701	524	388	561	473	382	784	327	748	642	519	793	389	458	505	535	629	761	776	679	314	517	0	528	326	433	537	613	528	
318	452	579	438	357	672	315	406	677	672	776	360	340	733	547	367	477	473	584	615	736	698	534	644	470	379	724	790	704	621	438	443	317	604	604	775	696	752	379	590	388	718	589	662	447	326	570	303	634	578	366	650	327	590	528	0	414	776	492	591	391	
768	564	431	753	546	590	780	480	353	315	597	325	534	418	679	637	510	518	634	447	652	592	634	461	346	459	690	630	466	447	504	785	698	722	314	645	679	687	419	381	547	300	499	674	635	577	710	781	638	558	411	538	442	750	326	414	0	744	709	322	652	
725	403	465	544	799	355	661	634	622	790	339	674	643	712	328	715	618	344	587	335	585	374	461	687	353	377	787	452	480	411	371	618	425	711	788	398	732	327	475	446	553	650	304	516	549	309	451	483	382	600	699	670	682	386	433	776	744	0	354	793	439	
486	777	341	557	355	566	327	388	549	496	553	759	398	741	387	729	690	370	444	705	322	417	413	429	357	615	728	575	317	571	492	562	419	356	430	702	679	493	315	475	732	626	449	728	478	560	769	796	446	459	628	442	543	592	537	492	709	354	0	664	431	
530	600	631	693	444	706	377	467	665	385	748	679	465	342	760	429	326	756	651	359	618	721	392	625	395	382	684	774	532	713	473	447	543	599	316	730	584	368	612	585	506	334	335	380	360	375	334	559	517	721	626	515	592	607	613	591	322	793	664	0	382	
568	754	464	499	615	443	613	323	386	472	468	695	589	609	608	763	756	742	793	446	567	427	320	371	787	399	727	482	539	353	359	318	514	653	547	380	774	722	619	530	742	595	519	399	668	653	777	616	323	485	452	722	627	659	528	391	652	439	431	382	0	
etats
Id_Station	Poids W	Min (P)	WSPT	Priorité	
1	4	300	33,33	1	
2	6	300	33,33	2	
3	1	301	33,44	3	
4	2	302	33,56	4	
5	3	307	34,11	5	
6	4	324	36,00	6	
7	1	327	36,33	7	
8	1	300	37,50	8	
9	7	301	37,63	9	
10	2	302	37,75	10	
11	5	307	38,38	11	
12	8	337	42,13	12	
13	5	302	43,14	13	
14	7	305	43,57	14	
15	1	306	43,71	15	
16	1	334	47,71	16	
17	1	303	50,50	17	
18	3	307	51,17	18	
19	8	309	51,50	19	
20	1	341	56,83	20	
21	5	300	60,00	21	
22	6	300	60,00	22	
23	2	303	60,60	23	
24	8	311	62,20	24	
25	5	312	62,40	25	
26	1	300	75,00	26	
27	1	301	75,25	27	
28	9	304	76,00	28	
29	1	306	76,50	29	
30	8	307	76,75	30	
31	8	309	77,25	31	
32	8	310	77,50	32	
33	4	314	78,50	33	
34	3	301	100,33	34	
35	4	304	101,33	35	
36	7	307	102,33	36	
37	6	301	150,50	37	
38	4	302	151,00	38	
39	1	303	151,50	39	
40	2	303	151,50	40	
41	8	305	152,50	41	
42	2	305	152,50	42	
43	2	306	153,00	43	
44	1	307	153,50	44	
45	2	313	156,50	45	
46	4	314	157,00	46	
47	1	320	160,00	47	
48	3	300	300,00	48	
49	7	300	300,00	49	
50	9	300	300,00	50	
51	3	300	300,00	51	
52	8	301	301,00	52	
53	1	302	302,00	53	
54	8	302	302,00	54	
55	3	304	304,00	55	
56	3	305	305,00	56	
57	5	305	305,00	57	
58	1	308	308,00	58	
59	9	314	314,00	59	
60	1	339	339,00	60	

