distances
0	651	706	519	783	709	794	300	657	641	764	516	309	520	677	480	556	765	444	569	704	725	656	446	525	601	792	790	380	762	622	657	332	746	646	728	715	751	733	583	428	529	777	550	319	519	346	462	631	379	546	677	587	720	478	737	468	621	485	770	617	
651	0	782	575	369	364	722	395	332	392	682	486	770	474	683	781	681	428	569	491	795	353	539	646	312	662	443	585	308	376	591	634	305	412	698	681	406	732	444	769	618	775	614	352	566	610	620	641	504	364	635	644	672	480	462	500	644	587	621	503	621	
706	782	0	449	508	779	492	474	437	586	374	307	585	510	391	534	531	453	552	579	604	708	640	749	758	764	311	332	377	421	643	563	541	644	424	615	467	411	676	700	790	652	652	786	677	608	468	644	747	338	526	383	437	680	471	306	493	791	497	413	466	
519	575	449	0	336	513	508	302	621	604	584	556	773	643	389	402	342	361	301	650	756	538	657	565	491	413	611	588	333	432	408	334	642	639	385	515	697	584	510	633	383	746	405	584	493	333	785	685	430	369	767	593	461	595	429	754	769	432	533	468	504	
783	369	508	336	0	757	588	563	413	448	387	613	546	436	667	368	305	546	798	694	344	776	376	371	539	413	478	508	519	672	486	339	793	716	739	773	590	312	765	379	590	684	494	632	464	544	352	442	669	385	605	529	427	531	723	439	453	318	680	497	582	
709	364	779	513	757	0	550	544	757	789	533	568	568	319	469	346	766	328	549	759	538	427	692	410	796	513	685	591	611	671	516	453	592	317	544	647	426	494	608	587	563	793	608	567	367	526	777	745	640	606	716	493	317	755	569	784	512	451	732	319	334	
794	722	492	508	588	550	0	509	619	599	355	368	451	340	625	787	732	566	507	671	715	307	524	649	397	367	376	497	616	509	564	561	402	427	510	320	335	414	745	692	634	493	364	451	786	372	552	683	529	421	461	606	741	780	766	349	405	362	397	758	478	
300	395	474	302	563	544	509	0	760	497	743	588	446	667	557	602	624	706	621	764	303	378	539	774	435	568	715	312	709	484	312	790	793	765	409	758	354	532	576	326	665	654	742	514	344	578	449	517	348	454	687	669	607	709	432	444	347	605	312	631	431	
657	332	437	621	413	757	619	760	0	567	658	354	661	472	577	682	485	702	321	625	440	768	621	503	488	314	368	445	529	543	356	316	649	386	486	500	318	317	587	736	644	591	588	553	382	378	317	701	406	534	734	306	783	313	786	653	315	771	742	525	368	
641	392	586	604	448	789	599	497	567	0	634	707	592	502	385	486	376	507	742	403	683	794	355	689	725	567	402	436	552	455	410	713	422	454	358	340	507	726	431	696	384	637	392	561	733	536	719	345	489	558	347	770	469	354	377	449	426	626	778	456	589	
764	682	374	584	387	533	355	743	658	634	0	333	505	493	622	476	508	683	712	666	433	586	526	616	416	762	660	389	353	400	513	428	680	466	551	407	575	509	715	617	369	495	470	347	310	633	467	706	381	522	771	592	543	675	673	670	675	303	563	541	385	
516	486	307	556	613	568	368	588	354	707	333	0	464	507	589	342	416	334	628	365	640	596	659	455	564	493	745	775	360	594	711	469	491	310	556	416	368	599	795	706	339	754	319	554	397	418	359	673	569	732	507	759	528	614	512	641	763	599	533	510	559	
309	770	585	773	546	568	451	446	661	592	505	464	0	468	496	540	301	383	627	652	501	640	543	387	416	385	425	344	327	684	616	686	465	729	724	596	697	760	399	586	704	678	505	365	436	360	614	314	336	570	505	442	759	740	744	552	318	438	750	691	657	
520	474	510	643	436	319	340	667	472	502	493	507	468	0	794	755	617	790	378	364	762	692	342	649	576	416	739	417	353	645	328	668	560	556	608	338	508	754	404	303	559	611	631	781	407	303	719	769	681	314	705	395	366	660	726	304	572	418	756	435	352	
677	683	391	389	667	469	625	557	577	385	622	589	496	794	0	373	651	352	326	363	452	304	470	732	319	313	782	597	462	768	340	751	719	614	672	408	743	356	604	748	341	430	720	658	508	623	361	425	527	757	745	457	328	511	418	740	728	720	501	471	592	
480	781	534	402	368	346	787	602	682	486	476	342	540	755	373	0	639	428	662	357	408	342	715	360	424	512	576	349	718	583	625	514	589	411	335	474	459	434	520	579	710	322	318	718	309	460	327	589	448	538	679	348	563	684	550	582	763	758	759	474	531	
556	681	531	342	305	766	732	624	485	376	508	416	301	617	651	639	0	621	327	472	452	629	388	654	384	757	608	425	726	511	754	702	451	723	351	689	486	481	761	785	784	356	600	566	550	382	797	724	536	458	797	359	457	653	524	355	462	768	323	513	633	
765	428	453	361	546	328	566	706	702	507	683	334	383	790	352	428	621	0	450	627	562	570	581	657	461	729	305	788	371	480	442	489	531	348	447	597	775	472	541	659	398	794	711	541	353	658	694	487	364	539	764	700	434	613	649	632	343	317	483	360	672	
444	569	552	301	798	549	507	621	321	742	712	628	627	378	326	662	327	450	0	720	442	436	343	766	509	665	724	724	503	337	579	637	544	328	420	426	762	688	313	756	480	456	590	758	454	660	376	763	403	633	561	489	703	780	535	510	459	652	502	710	370	
569	491	579	650	694	759	671	764	625	403	666	365	652	364	363	357	472	627	720	0	795	547	401	309	736	525	372	549	714	448	455	310	406	715	553	516	358	681	414	594	435	642	667	586	675	618	720	497	360	623	666	775	524	468	740	626	426	658	454	336	577	
704	795	604	756	344	538	715	303	440	683	433	640	501	762	452	408	452	562	442	795	0	304	764	393	452	630	452	795	600	776	740	665	713	571	332	485	469	510	370	404	360	500	514	729	392	493	379	731	481	652	451	629	632	609	452	536	626	682	457	305	479	
725	353	708	538	776	427	307	378	768	794	586	596	640	692	304	342	629	570	436	547	304	0	466	446	583	652	742	545	497	444	552	348	626	778	635	440	655	664	374	352	676	666	643	627	688	581	677	302	639	761	373	484	613	747	746	603	607	323	356	519	547	
656	539	640	657	376	692	524	539	621	355	526	659	543	342	470	715	388	581	343	401	764	466	0	353	468	419	509	568	301	412	658	777	481	438	309	611	336	569	668	580	612	384	431	369	465	481	410	629	655	537	392	376	549	440	396	702	326	661	311	661	374	
446	646	749	565	371	410	649	774	503	689	616	455	387	649	732	360	654	657	766	309	393	446	353	0	761	656	302	474	599	759	369	567	530	785	759	589	633	404	579	539	323	634	622	371	534	606	735	363	308	654	536	552	690	675	383	732	333	604	672	322	415	
525	312	758	491	539	796	397	435	488	725	416	564	416	576	319	424	384	461	509	736	452	583	468	761	0	510	308	645	680	732	415	780	720	620	495	305	784	560	757	647	656	425	547	559	610	311	695	769	698	549	541	585	356	558	305	562	515	449	622	700	594	
601	662	764	413	413	513	367	568	314	567	762	493	385	416	313	512	757	729	665	525	630	652	419	656	510	0	423	682	410	364	407	322	412	519	532	565	405	607	705	763	327	465	661	666	393	464	718	657	731	614	516	597	639	345	764	411	302	507	371	375	391	
792	443	311	611	478	685	376	715	368	402	660	745	425	739	782	576	608	305	724	372	452	742	509	302	308	423	0	737	360	489	763	500	595	538	674	761	321	550	646	674	629	680	539	352	583	768	710	370	470	415	783	446	539	350	451	457	480	596	366	659	656	
790	585	332	588	508	591	497	312	445	436	389	775	344	417	597	349	425	788	724	549	795	545	568	474	645	682	737	0	311	465	643	311	449	498	796	558	556	786	733	343	362	309	387	680	450	461	669	738	624	683	364	484	403	742	792	467	790	783	595	641	572	
380	308	377	333	519	611	616	709	529	552	353	360	327	353	462	718	726	371	503	714	600	497	301	599	680	410	360	311	0	613	581	605	484	466	697	449	639	381	795	684	491	656	713	538	712	562	775	336	719	620	628	587	676	654	583	406	374	370	331	765	553	
762	376	421	432	672	671	509	484	543	455	400	594	684	645	768	583	511	480	337	448	776	444	412	759	732	364	489	465	613	0	729	663	457	342	624	364	476	527	620	332	350	333	368	355	378	435	579	723	619	491	634	763	668	639	517	301	634	480	328	743	481	
622	591	643	408	486	516	564	312	356	410	513	711	616	328	340	625	754	442	579	455	740	552	658	369	415	407	763	643	581	729	0	373	616	542	758	685	308	361	407	607	748	523	422	794	615	407	754	385	346	323	622	596	650	630	335	794	680	347	367	323	622	
657	634	563	334	339	453	561	790	316	713	428	469	686	668	751	514	702	489	637	310	665	348	777	567	780	322	500	311	605	663	373	0	520	435	703	437	648	362	789	411	627	760	566	484	601	555	539	488	456	752	488	638	404	603	671	420	492	697	370	789	642	
332	305	541	642	793	592	402	793	649	422	680	491	465	560	719	589	451	531	544	406	713	626	481	530	720	412	595	449	484	457	616	520	0	665	694	789	572	712	342	558	327	486	777	577	409	685	598	723	397	658	409	615	756	621	508	570	569	729	432	757	447	
746	412	644	639	716	317	427	765	386	454	466	310	729	556	614	411	723	348	328	715	571	778	438	785	620	519	538	498	466	342	542	435	665	0	581	537	641	568	448	557	444	328	506	303	699	529	382	456	520	358	319	349	314	786	466	655	585	537	485	505	329	
646	698	424	385	739	544	510	409	486	358	551	556	724	608	672	335	351	447	420	553	332	635	309	759	495	532	674	796	697	624	758	703	694	581	0	330	505	777	481	798	328	775	630	705	632	591	793	324	649	440	649	760	687	646	305	436	625	618	782	662	564	
728	681	615	515	773	647	320	758	500	340	407	416	596	338	408	474	689	597	426	516	485	440	611	589	305	565	761	558	449	364	685	437	789	537	330	0	392	470	471	447	588	557	701	737	470	403	563	744	648	774	442	335	592	501	688	686	545	341	378	496	425	
715	406	467	697	590	426	335	354	318	507	575	368	697	508	743	459	486	775	762	358	469	655	336	633	784	405	321	556	639	476	308	648	572	641	505	392	0	331	785	682	782	756	478	614	503	632	662	320	369	451	377	743	615	474	697	449	566	465	794	382	730	
751	732	411	584	312	494	414	532	317	726	509	599	760	754	356	434	481	472	688	681	510	664	569	404	560	607	550	786	381	527	361	362	712	568	777	470	331	0	519	535	408	590	770	786	580	616	783	384	683	664	300	683	376	376	498	709	595	788	570	425	327	
733	444	676	510	765	608	745	576	587	431	715	795	399	404	604	520	761	541	313	414	370	374	668	579	757	705	646	733	795	620	407	789	342	448	481	471	785	519	0	410	372	372	642	551	657	569	567	343	764	605	521	587	456	356	341	349	459	300	507	500	342	
583	769	700	633	379	587	692	326	736	696	617	706	586	303	748	579	785	659	756	594	404	352	580	539	647	763	674	343	684	332	607	411	558	557	798	447	682	535	410	0	541	683	776	515	485	588	635	703	341	328	641	779	768	534	734	501	620	705	589	603	610	
428	618	790	383	590	563	634	665	644	384	369	339	704	559	341	710	784	398	480	435	360	676	612	323	656	327	629	362	491	350	748	627	327	444	328	588	782	408	372	541	0	782	435	404	739	573	537	473	447	711	576	701	397	474	337	356	455	476	394	461	349	
529	775	652	746	684	793	493	654	591	637	495	754	678	611	430	322	356	794	456	642	500	666	384	634	425	465	680	309	656	333	523	760	486	328	775	557	756	590	372	683	782	0	441	572	690	730	411	719	608	779	643	700	590	455	352	343	351	799	332	700	488	
777	614	652	405	494	608	364	742	588	392	470	319	505	631	720	318	600	711	590	667	514	643	431	622	547	661	539	387	713	368	422	566	777	506	630	701	478	770	642	776	435	441	0	672	494	765	369	680	594	605	664	434	501	592	445	509	668	548	408	573	771	
550	352	786	584	632	567	451	514	553	561	347	554	365	781	658	718	566	541	758	586	729	627	369	371	559	666	352	680	538	355	794	484	577	303	705	737	614	786	551	515	404	572	672	0	741	749	354	518	458	629	456	559	418	375	343	694	791	391	404	329	685	
319	566	677	493	464	367	786	344	382	733	310	397	436	407	508	309	550	353	454	675	392	688	465	534	610	393	583	450	712	378	615	601	409	699	632	470	503	580	657	485	739	690	494	741	0	383	414	753	387	672	634	520	673	748	616	411	379	716	403	446	705	
519	610	608	333	544	526	372	578	378	536	633	418	360	303	623	460	382	658	660	618	493	581	481	606	311	464	768	461	562	435	407	555	685	529	591	403	632	616	569	588	573	730	765	749	383	0	656	640	607	521	440	653	453	481	793	460	461	458	424	710	361	
346	620	468	785	352	777	552	449	317	719	467	359	614	719	361	327	797	694	376	720	379	677	410	735	695	718	710	669	775	579	754	539	598	382	793	563	662	783	567	635	537	411	369	354	414	656	0	620	584	720	463	441	501	508	548	418	404	587	719	402	544	
462	641	644	685	442	745	683	517	701	345	706	673	314	769	425	589	724	487	763	497	731	302	629	363	769	657	370	738	336	723	385	488	723	456	324	744	320	384	343	703	473	719	680	518	753	640	620	0	676	654	423	723	514	530	736	770	377	591	755	688	438	
631	504	747	430	669	640	529	348	406	489	381	569	336	681	527	448	536	364	403	360	481	639	655	308	698	731	470	624	719	619	346	456	397	520	649	648	369	683	764	341	447	608	594	458	387	607	584	676	0	574	500	389	709	795	666	799	701	601	733	498	399	
379	364	338	369	385	606	421	454	534	558	522	732	570	314	757	538	458	539	633	623	652	761	537	654	549	614	415	683	620	491	323	752	658	358	440	774	451	664	605	328	711	779	605	629	672	521	720	654	574	0	784	479	666	370	330	604	726	434	692	710	465	
546	635	526	767	605	716	461	687	734	347	771	507	505	705	745	679	797	764	561	666	451	373	392	536	541	516	783	364	628	634	622	488	409	319	649	442	377	300	521	641	576	643	664	456	634	440	463	423	500	784	0	306	364	782	379	342	797	548	562	710	466	
677	644	383	593	529	493	606	669	306	770	592	759	442	395	457	348	359	700	489	775	629	484	376	552	585	597	446	484	587	763	596	638	615	349	760	335	743	683	587	779	701	700	434	559	520	653	441	723	389	479	306	0	600	645	654	396	509	775	455	781	504	
587	672	437	461	427	317	741	607	783	469	543	528	759	366	328	563	457	434	703	524	632	613	549	690	356	639	539	403	676	668	650	404	756	314	687	592	615	376	456	768	397	590	501	418	673	453	501	514	709	666	364	600	0	754	792	665	631	620	352	494	425	
720	480	680	595	531	755	780	709	313	354	675	614	740	660	511	684	653	613	780	468	609	747	440	675	558	345	350	742	654	639	630	603	621	786	646	501	474	376	356	534	474	455	592	375	748	481	508	530	795	370	782	645	754	0	530	381	704	300	743	617	357	
478	462	471	429	723	569	766	432	786	377	673	512	744	726	418	550	524	649	535	740	452	746	396	383	305	764	451	792	583	517	335	671	508	466	305	688	697	498	341	734	337	352	445	343	616	793	548	736	666	330	379	654	792	530	0	788	505	478	347	369	649	
737	500	306	754	439	784	349	444	653	449	670	641	552	304	740	582	355	632	510	626	536	603	702	732	562	411	457	467	406	301	794	420	570	655	436	686	449	709	349	501	356	343	509	694	411	460	418	770	799	604	342	396	665	381	788	0	470	794	315	524	364	
468	644	493	769	453	512	405	347	315	426	675	763	318	572	728	763	462	343	459	426	626	607	326	333	515	302	480	790	374	634	680	492	569	585	625	545	566	595	459	620	455	351	668	791	379	461	404	377	701	726	797	509	631	704	505	470	0	401	352	735	791	
621	587	791	432	318	451	362	605	771	626	303	599	438	418	720	758	768	317	652	658	682	323	661	604	449	507	596	783	370	480	347	697	729	537	618	341	465	788	300	705	476	799	548	391	716	458	587	591	601	434	548	775	620	300	478	794	401	0	461	580	520	
485	621	497	533	680	732	397	312	742	778	563	533	750	756	501	759	323	483	502	454	457	356	311	672	622	371	366	595	331	328	367	370	432	485	782	378	794	570	507	589	394	332	408	404	403	424	719	755	733	692	562	455	352	743	347	315	352	461	0	716	345	
770	503	413	468	497	319	758	631	525	456	541	510	691	435	471	474	513	360	710	336	305	519	661	322	700	375	659	641	765	743	323	789	757	505	662	496	382	425	500	603	461	700	573	329	446	710	402	688	498	710	710	781	494	617	369	524	735	580	716	0	681	
617	621	466	504	582	334	478	431	368	589	385	559	657	352	592	531	633	672	370	577	479	547	374	415	594	391	656	572	553	481	622	642	447	329	564	425	730	327	342	610	349	488	771	685	705	361	544	438	399	465	466	504	425	357	649	364	791	520	345	681	0	
etats
Id_Station	Poids W	Min (P)	WSPT	Priorité	
1	5	307	34,11	1	
2	3	315	35,00	2	
3	2	316	35,11	3	
4	5	300	37,50	4	
5	5	300	37,50	5	
6	1	300	37,50	6	
7	5	300	37,50	7	
8	2	304	38,00	8	
9	2	305	38,13	9	
10	3	305	38,13	10	
11	4	305	38,13	11	
12	1	314	39,25	12	
13	5	300	42,86	13	
14	3	301	43,00	14	
15	4	305	43,57	15	
16	2	330	47,14	16	
17	9	303	50,50	17	
18	5	304	50,67	18	
19	6	321	53,50	19	
20	9	303	60,60	20	
21	6	304	60,80	21	
22	1	305	61,00	22	
23	7	316	63,20	23	
24	6	337	67,40	24	
25	3	301	75,25	25	
26	7	301	75,25	26	
27	5	302	75,50	27	
28	9	307	76,75	28	
29	1	313	78,25	29	
30	4	328	82,00	30	
31	4	300	100,00	31	
32	5	303	101,00	32	
33	7	303	101,00	33	
34	1	303	101,00	34	
35	1	305	101,67	35	
36	9	306	102,00	36	
37	6	311	103,67	37	
38	4	300	150,00	38	
39	7	302	151,00	39	
40	8	304	152,00	40	
41	1	305	152,50	41	
42	2	305	152,50	42	
43	8	311	155,50	43	
44	6	311	155,50	44	
45	1	300	300,00	45	
46	1	301	301,00	46	
47	4	301	301,00	47	
48	4	303	303,00	48	
49	5	303	303,00	49	
50	1	304	304,00	50	
51	3	305	305,00	51	
52	7	305	305,00	52	
53	9	306	306,00	53	
54	4	306	306,00	54	
55	6	309	309,00	55	
56	4	310	310,00	56	
57	9	315	315,00	57	
58	1	318	318,00	58	
59	6	322	322,00	59	
60	5	327	327,00	60	

