distances
0	502	427	687	384	511	644	300	532	409	717	655	722	499	542	434	766	492	642	582	422	439	338	793	746	327	702	329	344	634	714	748	302	373	781	584	502	765	335	572	476	432	706	669	354	552	491	691	334	303	549	458	742	733	449	544	506	723	728	760	418	
502	0	419	710	779	624	717	509	474	428	428	768	562	301	518	629	442	646	767	634	686	330	749	653	400	533	676	591	585	418	795	764	452	386	575	528	611	571	763	618	399	456	771	529	618	525	465	318	450	665	515	438	634	550	661	420	635	438	736	779	407	
427	419	0	496	614	400	417	306	707	531	789	517	609	522	404	341	590	776	737	689	377	527	656	522	650	680	379	499	640	375	642	652	525	625	468	615	524	608	505	621	494	574	329	330	502	443	795	462	678	669	770	629	786	373	721	550	634	311	666	574	453	
687	710	496	0	780	750	361	328	635	757	486	713	754	426	376	754	723	619	612	595	765	473	756	389	713	566	750	467	707	715	633	647	738	523	605	533	628	713	440	314	688	645	311	701	377	529	369	708	318	591	362	461	789	543	590	349	647	434	593	336	336	
384	779	614	780	0	543	354	758	721	760	772	663	564	532	319	663	640	497	513	726	641	782	458	600	424	576	371	653	577	778	332	574	455	612	614	752	393	547	572	418	567	762	399	773	493	684	658	453	791	773	735	780	658	667	623	304	675	609	370	575	490	
511	624	400	750	543	0	535	322	430	613	714	714	610	655	621	371	319	364	326	537	779	650	716	526	344	456	668	634	509	712	490	380	504	524	320	629	552	731	526	502	530	347	785	339	514	684	729	717	476	332	365	328	614	586	502	494	534	358	780	754	723	
644	717	417	361	354	535	0	604	526	510	432	712	344	795	568	372	530	501	782	790	367	463	629	755	431	455	406	357	786	441	582	794	616	764	565	419	679	366	727	334	588	324	573	489	518	651	407	606	583	760	405	606	506	763	788	371	479	435	365	343	451	
300	509	306	328	758	322	604	0	373	374	684	567	479	636	302	469	632	399	663	705	485	775	354	312	423	565	613	586	392	450	391	630	599	543	650	510	686	400	359	339	462	431	691	704	549	360	563	495	639	788	587	764	592	589	560	450	349	487	454	622	410	
532	474	707	635	721	430	526	373	0	358	349	712	575	709	492	659	790	731	343	534	366	420	529	681	329	481	352	600	567	485	419	581	416	722	307	580	395	618	463	428	791	699	650	762	678	515	320	310	765	539	555	788	522	498	593	652	623	404	666	749	481	
409	428	531	757	760	613	510	374	358	0	454	441	534	732	484	675	711	539	789	560	647	416	514	343	508	405	736	417	677	475	430	311	592	494	369	575	319	412	530	439	372	602	582	523	771	730	382	502	507	758	770	579	689	709	703	594	583	424	389	463	533	
717	428	789	486	772	714	432	684	349	454	0	547	367	559	439	394	757	515	513	757	606	409	535	694	511	669	409	504	595	660	500	630	660	523	351	516	584	507	462	504	688	725	523	304	698	304	473	378	427	687	388	300	791	457	653	554	776	542	341	306	693	
655	768	517	713	663	714	712	567	712	441	547	0	551	722	384	614	744	599	782	479	746	753	623	556	533	792	799	660	346	566	731	756	349	383	307	757	577	308	537	546	662	524	770	433	461	751	791	648	493	438	459	566	495	588	419	553	457	341	388	521	458	
722	562	609	754	564	610	344	479	575	534	367	551	0	654	574	412	589	415	504	668	704	631	728	423	702	613	516	454	454	672	578	374	557	351	627	549	346	570	455	536	527	326	474	633	343	384	505	322	666	410	582	493	371	607	484	731	515	459	411	623	521	
499	301	522	426	532	655	795	636	709	732	559	722	654	0	512	387	737	425	759	779	682	590	758	732	594	336	706	306	516	683	556	764	478	488	379	704	703	433	708	598	455	339	764	741	505	665	325	358	317	661	305	767	369	535	376	435	767	606	334	345	405	
542	518	404	376	319	621	568	302	492	484	439	384	574	512	0	721	389	606	414	687	493	787	624	730	726	653	481	301	332	527	772	658	550	398	645	758	413	744	773	396	692	421	482	608	683	660	553	438	601	448	314	759	488	369	360	784	430	487	323	682	456	
434	629	341	754	663	371	372	469	659	675	394	614	412	387	721	0	307	584	347	668	468	790	500	748	761	517	385	488	448	771	496	626	393	455	793	718	756	420	369	374	569	476	401	703	529	692	530	592	611	478	715	480	588	767	546	539	323	562	371	410	522	
766	442	590	723	640	319	530	632	790	711	757	744	589	737	389	307	0	756	707	785	306	600	768	423	784	526	435	688	593	741	539	652	362	307	473	337	589	608	519	541	574	645	718	661	735	406	453	748	623	797	629	631	721	672	426	672	616	352	642	719	578	
492	646	776	619	497	364	501	399	731	539	515	599	415	425	606	584	756	0	736	347	515	699	744	689	479	346	532	636	726	735	405	339	336	711	318	384	567	563	368	376	775	351	568	578	370	338	779	643	785	452	542	334	368	689	367	610	588	787	758	495	781	
642	767	737	612	513	326	782	663	343	789	513	782	504	759	414	347	707	736	0	563	767	410	748	591	329	484	447	582	726	320	750	790	743	452	363	507	661	597	537	397	723	376	500	349	502	364	513	440	390	798	505	393	686	560	350	694	679	786	635	608	663	
582	634	689	595	726	537	790	705	534	560	757	479	668	779	687	668	785	347	563	0	645	751	469	446	746	751	651	525	738	542	466	635	419	388	631	478	341	415	614	374	433	509	733	462	732	679	342	383	357	461	687	717	462	417	515	673	780	711	362	632	582	
422	686	377	765	641	779	367	485	366	647	606	746	704	682	493	468	306	515	767	645	0	581	698	345	517	637	682	335	372	670	770	594	740	739	411	481	315	654	411	516	491	626	352	353	655	759	724	628	410	354	539	694	656	591	405	480	780	566	334	636	317	
439	330	527	473	782	650	463	775	420	416	409	753	631	590	787	790	600	699	410	751	581	0	510	363	325	651	732	462	422	624	337	423	354	305	378	544	599	670	650	747	302	723	766	736	707	452	498	738	663	587	561	469	529	481	785	798	781	456	321	555	312	
338	749	656	756	458	716	629	354	529	514	535	623	728	758	624	500	768	744	748	469	698	510	0	469	582	410	518	371	509	722	335	302	606	579	318	767	388	348	596	448	694	597	619	436	730	762	336	612	440	579	793	349	462	621	365	651	657	696	312	566	631	
793	653	522	389	600	526	755	312	681	343	694	556	423	732	730	748	423	689	591	446	345	363	469	0	778	527	709	519	636	732	652	608	716	552	525	537	427	490	547	618	442	710	549	567	481	718	723	565	551	693	702	302	551	698	413	426	639	425	393	308	652	
746	400	650	713	424	344	431	423	329	508	511	533	702	594	726	761	784	479	329	746	517	325	582	778	0	500	334	565	700	375	767	360	784	624	772	339	689	437	418	775	716	758	740	394	444	478	391	436	362	370	330	622	565	350	628	497	499	658	403	444	323	
327	533	680	566	576	456	455	565	481	405	669	792	613	336	653	517	526	346	484	751	637	651	410	527	500	0	787	419	452	726	799	634	460	659	634	443	617	391	350	412	792	415	580	367	736	539	771	586	626	531	565	718	640	357	707	724	465	360	417	502	608	
702	676	379	750	371	668	406	613	352	736	409	799	516	706	481	385	435	532	447	651	682	732	518	709	334	787	0	397	495	785	467	388	510	364	439	510	393	592	748	784	664	353	421	735	646	442	343	308	749	468	768	382	446	634	493	635	538	301	482	369	542	
329	591	499	467	653	634	357	586	600	417	504	660	454	306	301	488	688	636	582	525	335	462	371	519	565	419	397	0	691	690	794	753	496	546	640	333	769	503	546	652	388	797	385	694	654	683	793	573	415	624	383	436	708	403	499	470	756	754	705	642	668	
344	585	640	707	577	509	786	392	567	677	595	346	454	516	332	448	593	726	726	738	372	422	509	636	700	452	495	691	0	576	698	799	673	715	472	733	705	578	747	514	492	368	736	598	797	775	458	645	639	752	403	494	445	765	743	606	647	345	601	570	614	
634	418	375	715	778	712	441	450	485	475	660	566	672	683	527	771	741	735	320	542	670	624	722	732	375	726	785	690	576	0	732	488	435	344	773	789	623	585	435	360	496	304	705	489	353	301	607	646	768	306	571	461	390	682	637	513	442	612	779	737	644	
714	795	642	633	332	490	582	391	419	430	500	731	578	556	772	496	539	405	750	466	770	337	335	652	767	799	467	794	698	732	0	742	667	556	320	432	378	647	766	358	734	671	385	624	621	506	654	368	794	503	786	542	485	572	382	465	599	473	568	661	511	
748	764	652	647	574	380	794	630	581	311	630	756	374	764	658	626	652	339	790	635	594	423	302	608	360	634	388	753	799	488	742	0	417	467	745	711	398	585	749	752	674	773	374	576	337	443	736	764	535	354	701	744	598	558	691	654	467	643	371	629	418	
302	452	525	738	455	504	616	599	416	592	660	349	557	478	550	393	362	336	743	419	740	354	606	716	784	460	510	496	673	435	667	417	0	693	629	371	594	322	644	474	692	675	754	649	711	671	786	704	527	633	743	341	535	512	520	372	385	532	385	333	325	
373	386	625	523	612	524	764	543	722	494	523	383	351	488	398	455	307	711	452	388	739	305	579	552	624	659	364	546	715	344	556	467	693	0	524	390	436	692	624	726	709	373	542	592	615	324	584	778	528	300	377	430	346	410	467	527	734	579	637	414	692	
781	575	468	605	614	320	565	650	307	369	351	307	627	379	645	793	473	318	363	631	411	378	318	525	772	634	439	640	472	773	320	745	629	524	0	514	648	617	405	300	486	480	475	648	785	548	500	403	560	313	548	622	334	458	700	538	775	700	367	318	571	
584	528	615	533	752	629	419	510	580	575	516	757	549	704	758	718	337	384	507	478	481	544	767	537	339	443	510	333	733	789	432	711	371	390	514	0	364	380	662	349	625	501	730	341	557	447	595	659	686	730	659	450	616	485	417	358	573	308	470	420	570	
502	611	524	628	393	552	679	686	395	319	584	577	346	703	413	756	589	567	661	341	315	599	388	427	689	617	393	769	705	623	378	398	594	436	648	364	0	448	413	734	688	761	545	536	519	490	775	753	425	596	492	705	630	608	549	438	769	431	798	690	711	
765	571	608	713	547	731	366	400	618	412	507	308	570	433	744	420	608	563	597	415	654	670	348	490	437	391	592	503	578	585	647	585	322	692	617	380	448	0	577	519	573	497	666	620	660	553	725	788	702	684	794	421	486	341	464	511	315	646	631	464	610	
335	763	505	440	572	526	727	359	463	530	462	537	455	708	773	369	519	368	537	614	411	650	596	547	418	350	748	546	747	435	766	749	644	624	405	662	413	577	0	592	696	336	486	680	505	799	642	358	572	759	617	408	515	697	409	499	597	688	749	514	324	
572	618	621	314	418	502	334	339	428	439	504	546	536	598	396	374	541	376	397	374	516	747	448	618	775	412	784	652	514	360	358	752	474	726	300	349	734	519	592	0	768	383	673	332	368	714	750	403	456	557	688	423	459	773	693	309	359	673	338	344	615	
476	399	494	688	567	530	588	462	791	372	688	662	527	455	692	569	574	775	723	433	491	302	694	442	716	792	664	388	492	496	734	674	692	709	486	625	688	573	696	768	0	672	357	658	463	741	492	726	583	455	491	733	682	360	347	640	487	369	499	679	503	
432	456	574	645	762	347	324	431	699	602	725	524	326	339	421	476	645	351	376	509	626	723	597	710	758	415	353	797	368	304	671	773	675	373	480	501	761	497	336	383	672	0	501	711	515	714	646	787	797	449	637	686	715	326	631	743	609	610	412	770	557	
706	771	329	311	399	785	573	691	650	582	523	770	474	764	482	401	718	568	500	733	352	766	619	549	740	580	421	385	736	705	385	374	754	542	475	730	545	666	486	673	357	501	0	600	477	602	340	743	531	362	302	470	665	783	409	579	488	420	338	413	561	
669	529	330	701	773	339	489	704	762	523	304	433	633	741	608	703	661	578	349	462	353	736	436	567	394	367	735	694	598	489	624	576	649	592	648	341	536	620	680	332	658	711	600	0	577	326	630	636	348	366	314	569	544	640	624	704	311	491	516	747	695	
354	618	502	377	493	514	518	549	678	771	698	461	343	505	683	529	735	370	502	732	655	707	730	481	444	736	646	654	797	353	621	337	711	615	785	557	519	660	505	368	463	515	477	577	0	322	514	566	706	525	303	747	365	723	390	531	462	462	327	557	457	
552	525	443	529	684	684	651	360	515	730	304	751	384	665	660	692	406	338	364	679	759	452	762	718	478	539	442	683	775	301	506	443	671	324	548	447	490	553	799	714	741	714	602	326	322	0	678	734	459	477	369	418	328	764	622	788	720	629	567	575	570	
491	465	795	369	658	729	407	563	320	382	473	791	505	325	553	530	453	779	513	342	724	498	336	723	391	771	343	793	458	607	654	736	786	584	500	595	775	725	642	750	492	646	340	630	514	678	0	366	370	790	395	647	781	715	364	463	507	408	789	545	370	
691	318	462	708	453	717	606	495	310	502	378	648	322	358	438	592	748	643	440	383	628	738	612	565	436	586	308	573	645	646	368	764	704	778	403	659	753	788	358	403	726	787	743	636	566	734	366	0	344	513	690	714	376	567	765	684	638	524	401	352	696	
334	450	678	318	791	476	583	639	765	507	427	493	666	317	601	611	623	785	390	357	410	663	440	551	362	626	749	415	639	768	794	535	527	528	560	686	425	702	572	456	583	797	531	348	706	459	370	344	0	375	476	644	512	558	758	717	694	746	416	757	720	
303	665	669	591	773	332	760	788	539	758	687	438	410	661	448	478	797	452	798	461	354	587	579	693	370	531	468	624	752	306	503	354	633	300	313	730	596	684	759	557	455	449	362	366	525	477	790	513	375	0	401	346	714	687	583	726	723	679	528	530	302	
549	515	770	362	735	365	405	587	555	770	388	459	582	305	314	715	629	542	505	687	539	561	793	702	330	565	768	383	403	571	786	701	743	377	548	659	492	794	617	688	491	637	302	314	303	369	395	690	476	401	0	329	610	344	668	437	705	548	360	447	777	
458	438	629	461	780	328	606	764	788	579	300	566	493	767	759	480	631	334	393	717	694	469	349	302	622	718	382	436	494	461	542	744	341	430	622	450	705	421	408	423	733	686	470	569	747	418	647	714	644	346	329	0	756	524	609	554	375	301	541	454	674	
742	634	786	789	658	614	506	592	522	689	791	495	371	369	488	588	721	368	686	462	656	529	462	551	565	640	446	708	445	390	485	598	535	346	334	616	630	486	515	459	682	715	665	544	365	328	781	376	512	714	610	756	0	462	594	591	468	612	513	468	619	
733	550	373	543	667	586	763	589	498	709	457	588	607	535	369	767	672	689	560	417	591	481	621	698	350	357	634	403	765	682	572	558	512	410	458	485	608	341	697	773	360	326	783	640	723	764	715	567	558	687	344	524	462	0	476	759	624	387	541	406	423	
449	661	721	590	623	502	788	560	593	703	653	419	484	376	360	546	426	367	350	515	405	785	365	413	628	707	493	499	743	637	382	691	520	467	700	417	549	464	409	693	347	631	409	624	390	622	364	765	758	583	668	609	594	476	0	381	777	614	484	353	508	
544	420	550	349	304	494	371	450	652	594	554	553	731	435	784	539	672	610	694	673	480	798	651	426	497	724	635	470	606	513	465	654	372	527	538	358	438	511	499	309	640	743	579	704	531	788	463	684	717	726	437	554	591	759	381	0	385	555	619	720	337	
506	635	634	647	675	534	479	349	623	583	776	457	515	767	430	323	616	588	679	780	780	781	657	639	499	465	538	756	647	442	599	467	385	734	775	573	769	315	597	359	487	609	488	311	462	720	507	638	694	723	705	375	468	624	777	385	0	307	768	375	736	
723	438	311	434	609	358	435	487	404	424	542	341	459	606	487	562	352	787	786	711	566	456	696	425	658	360	301	754	345	612	473	643	532	579	700	308	431	646	688	673	369	610	420	491	462	629	408	524	746	679	548	301	612	387	614	555	307	0	493	449	778	
728	736	666	593	370	780	365	454	666	389	341	388	411	334	323	371	642	758	635	362	334	321	312	393	403	417	482	705	601	779	568	371	385	637	367	470	798	631	749	338	499	412	338	516	327	567	789	401	416	528	360	541	513	541	484	619	768	493	0	669	778	
760	779	574	336	575	754	343	622	749	463	306	521	623	345	682	410	719	495	608	632	636	555	566	308	444	502	369	642	570	737	661	629	333	414	318	420	690	464	514	344	679	770	413	747	557	575	545	352	757	530	447	454	468	406	353	720	375	449	669	0	588	
418	407	453	336	490	723	451	410	481	533	693	458	521	405	456	522	578	781	663	582	317	312	631	652	323	608	542	668	614	644	511	418	325	692	571	570	711	610	324	615	503	557	561	695	457	570	370	696	720	302	777	674	619	423	508	337	736	778	778	588	0	
etats
Id_Station	Poids W	Min (P)	WSPT	Priorité	
1	4	301	33,44	1	
2	2	301	33,44	2	
3	7	309	34,33	3	
4	9	314	34,89	4	
5	2	314	34,89	5	
6	1	337	37,44	6	
7	1	301	37,63	7	
8	5	304	38,00	8	
9	6	306	38,25	9	
10	1	312	39,00	10	
11	4	303	43,29	11	
12	1	305	43,57	12	
13	1	326	46,57	13	
14	9	300	50,00	14	
15	7	301	50,17	15	
16	1	301	50,17	16	
17	1	302	50,33	17	
18	5	303	50,50	18	
19	1	303	50,50	19	
20	5	304	50,67	20	
21	1	305	50,83	21	
22	3	328	54,67	22	
23	7	302	60,40	23	
24	3	303	60,60	24	
25	1	306	61,20	25	
26	2	306	61,20	26	
27	5	312	62,40	27	
28	4	313	62,60	28	
29	1	300	75,00	29	
30	9	301	75,25	30	
31	5	301	75,25	31	
32	5	303	75,75	32	
33	8	304	76,00	33	
34	1	305	76,25	34	
35	1	316	79,00	35	
36	8	332	83,00	36	
37	2	303	101,00	37	
38	9	306	102,00	38	
39	2	340	113,33	39	
40	3	301	150,50	40	
41	4	303	151,50	41	
42	7	304	152,00	42	
43	6	305	152,50	43	
44	6	306	153,00	44	
45	4	316	158,00	45	
46	9	301	301,00	46	
47	6	301	301,00	47	
48	7	301	301,00	48	
49	7	302	302,00	49	
50	1	302	302,00	50	
51	7	303	303,00	51	
52	3	304	304,00	52	
53	1	305	305,00	53	
54	8	306	306,00	54	
55	3	308	308,00	55	
56	7	308	308,00	56	
57	3	312	312,00	57	
58	7	317	317,00	58	
59	3	330	330,00	59	
60	1	337	337,00	60	
