distances
0	415	460	426	793	652	417	783	783	328	577	308	611	670	676	457	794	659	674	403	752	744	590	461	430	502	781	343	753	629	500	581	622	756	540	603	660	554	467	793	489	590	642	596	743	608	502	559	733	645	766	602	700	676	503	427	569	402	308	583	343	
415	0	550	778	603	342	397	461	421	392	775	427	622	611	412	305	405	469	792	453	378	524	717	689	304	379	541	539	614	387	789	796	720	755	515	544	675	761	659	748	550	534	323	508	477	642	623	309	430	554	313	792	399	677	453	363	531	397	798	676	692	
460	550	0	337	464	306	422	797	612	383	377	610	474	559	625	513	534	450	777	622	390	451	787	600	543	402	694	631	696	754	651	471	418	419	493	601	487	657	317	535	438	347	511	649	654	689	552	360	426	713	695	589	338	642	727	679	638	399	596	364	368	
426	778	337	0	580	605	628	799	517	608	750	444	603	360	527	312	332	437	717	439	328	348	320	454	515	506	628	799	599	301	425	634	713	482	306	484	678	687	745	630	641	647	502	634	437	792	774	528	470	661	497	788	569	697	431	347	473	754	739	650	497	
793	603	464	580	0	449	385	532	328	363	398	429	737	760	374	453	764	790	356	715	651	401	716	745	645	556	531	488	707	522	659	414	430	758	782	527	774	460	483	424	512	527	385	458	663	473	380	502	675	557	363	390	665	345	717	762	596	479	333	372	514	
652	342	306	605	449	0	727	405	578	478	616	527	453	498	557	355	545	459	521	470	534	616	452	705	413	312	707	400	488	711	336	346	494	380	730	532	607	480	674	548	787	650	761	731	570	560	676	601	346	557	795	554	376	408	451	758	735	460	785	606	548	
417	397	422	628	385	727	0	488	359	306	711	489	794	717	432	407	737	390	313	782	535	686	608	473	490	323	601	712	537	578	662	523	359	305	576	655	533	674	329	660	650	546	607	462	620	376	359	744	602	539	445	746	702	723	360	713	327	345	444	614	486	
783	461	797	799	532	405	488	0	538	681	346	362	431	368	473	419	478	512	770	507	580	394	422	464	309	381	590	752	639	534	775	508	623	671	792	355	332	310	349	780	419	799	405	374	773	648	591	400	732	636	696	423	506	632	360	680	685	376	548	395	785	
783	421	612	517	328	578	359	538	0	667	301	605	468	691	363	300	436	681	590	513	789	694	561	714	361	422	690	457	589	635	724	469	645	545	516	650	612	633	640	388	786	448	452	507	662	445	740	643	325	454	581	436	719	396	324	763	536	525	437	627	780	
328	392	383	608	363	478	306	681	667	0	418	388	485	398	701	658	744	513	557	537	393	639	566	584	735	576	460	714	591	636	522	684	600	699	699	559	326	370	335	396	559	672	767	330	667	458	694	764	373	352	542	405	516	671	399	737	743	412	487	722	444	
577	775	377	750	398	616	711	346	301	418	0	665	646	471	453	766	417	382	735	330	338	723	307	537	380	753	408	424	383	440	343	744	309	551	623	518	512	470	726	352	585	642	617	648	777	702	536	464	544	695	397	386	385	612	560	336	476	604	303	758	725	
308	427	610	444	429	527	489	362	605	388	665	0	547	759	638	729	693	698	582	458	617	407	762	304	397	732	397	490	460	352	601	568	434	691	660	361	485	398	610	640	777	377	444	714	637	602	740	557	502	719	727	486	608	592	476	465	643	659	739	502	669	
611	622	474	603	737	453	794	431	468	485	646	547	0	424	522	648	457	448	713	419	355	619	787	598	746	677	618	312	535	641	620	351	604	738	615	745	645	491	633	568	443	648	773	698	798	602	345	644	696	406	412	711	714	394	658	433	563	682	425	654	393	
670	611	559	360	760	498	717	368	691	398	471	759	424	0	408	505	766	525	551	602	709	756	509	713	477	519	335	626	487	316	432	337	346	394	604	784	583	374	483	342	527	562	655	423	568	619	577	460	770	722	344	608	545	388	398	377	521	702	393	379	318	
676	412	625	527	374	557	432	473	363	701	453	638	522	408	0	495	666	761	518	689	798	529	335	733	451	327	493	350	679	478	391	640	447	351	743	357	485	664	550	612	581	694	405	585	323	505	480	411	398	556	428	758	346	486	713	336	509	331	301	620	785	
457	305	513	312	453	355	407	419	300	658	766	729	648	505	495	0	780	532	379	390	455	626	596	697	711	424	725	795	791	544	474	460	371	613	356	693	546	712	499	326	645	634	330	523	739	556	339	594	556	445	380	572	453	475	734	610	548	525	641	404	511	
794	405	534	332	764	545	737	478	436	744	417	693	457	766	666	780	0	613	475	760	399	775	540	647	343	426	641	640	649	715	535	708	677	412	539	396	710	662	470	546	728	422	670	785	468	397	679	708	414	662	620	352	419	516	484	337	744	562	637	441	442	
659	469	450	437	790	459	390	512	681	513	382	698	448	525	761	532	613	0	525	602	651	623	599	699	670	670	720	407	420	693	327	731	743	510	632	438	664	551	570	679	750	593	487	782	768	429	474	327	748	398	685	303	668	418	353	640	382	333	391	464	476	
674	792	777	717	356	521	313	770	590	557	735	582	713	551	518	379	475	525	0	351	744	585	531	620	508	637	667	437	535	723	529	643	583	795	520	661	730	566	588	522	788	437	573	714	657	743	757	305	337	454	631	329	337	783	694	700	378	522	481	353	583	
403	453	622	439	715	470	782	507	513	537	330	458	419	602	689	390	760	602	351	0	701	414	758	345	424	688	500	689	415	742	463	405	605	736	781	377	442	539	607	565	731	575	680	518	572	461	587	338	721	385	796	669	435	639	602	649	541	438	427	684	377	
752	378	390	328	651	534	535	580	789	393	338	617	355	709	798	455	399	651	744	701	0	425	436	436	565	349	597	693	766	316	725	742	497	754	728	388	793	385	700	722	462	622	457	655	708	728	683	513	334	714	408	364	548	489	559	418	529	784	777	547	683	
744	524	451	348	401	616	686	394	694	639	723	407	619	756	529	626	775	623	585	414	425	0	698	428	308	686	716	717	684	633	670	612	752	344	522	359	452	366	305	454	489	756	560	492	668	416	390	436	430	565	712	598	758	689	516	655	394	415	323	486	576	
590	717	787	320	716	452	608	422	561	566	307	762	787	509	335	596	540	599	531	758	436	698	0	779	753	655	318	654	572	351	605	615	427	452	496	679	794	438	397	458	303	435	352	351	750	782	777	491	613	592	547	629	357	776	493	537	593	301	396	543	673	
461	689	600	454	745	705	473	464	714	584	537	304	598	713	733	697	647	699	620	345	436	428	779	0	735	741	727	372	518	588	548	605	341	337	763	368	537	326	440	616	768	785	625	748	478	571	758	732	604	321	379	339	653	793	366	523	794	718	598	588	538	
430	304	543	515	645	413	490	309	361	735	380	397	746	477	451	711	343	670	508	424	565	308	753	735	0	720	381	719	479	579	305	349	393	635	425	565	504	448	533	708	592	540	547	513	677	398	618	577	483	735	517	435	644	316	618	788	722	399	353	586	367	
502	379	402	506	556	312	323	381	422	576	753	732	677	519	327	424	426	670	637	688	349	686	655	741	720	0	365	653	636	478	440	641	302	660	680	689	611	558	449	660	706	680	329	350	500	312	534	588	567	318	323	704	448	396	303	721	389	345	583	362	560	
781	541	694	628	531	707	601	590	690	460	408	397	618	335	493	725	641	720	667	500	597	716	318	727	381	365	0	581	686	612	504	746	545	382	626	548	606	798	400	477	401	314	487	666	732	464	397	449	358	347	536	324	780	776	440	395	430	490	742	731	688	
343	539	631	799	488	400	712	752	457	714	424	490	312	626	350	795	640	407	437	689	693	717	654	372	719	653	581	0	487	362	506	434	632	539	659	629	787	562	726	415	383	673	350	558	399	644	661	446	725	769	451	590	608	657	636	624	751	757	725	375	435	
753	614	696	599	707	488	537	639	589	591	383	460	535	487	679	791	649	420	535	415	766	684	572	518	479	636	686	487	0	455	381	787	593	633	596	728	551	382	612	660	703	512	621	473	476	779	314	587	750	404	591	783	792	470	575	754	657	485	602	727	475	
629	387	754	301	522	711	578	534	635	636	440	352	641	316	478	544	715	693	723	742	316	633	351	588	579	478	612	362	455	0	336	636	566	461	392	610	706	691	792	435	405	473	478	556	705	554	617	352	443	320	469	549	797	782	317	340	480	751	592	685	457	
500	789	651	425	659	336	662	775	724	522	343	601	620	432	391	474	535	327	529	463	725	670	605	548	305	440	504	506	381	336	0	797	337	521	348	361	668	767	799	655	379	303	528	497	546	681	335	402	614	367	455	546	748	782	657	382	470	745	578	747	631	
581	796	471	634	414	346	523	508	469	684	744	568	351	337	640	460	708	731	643	405	742	612	615	605	349	641	746	434	787	636	797	0	770	680	637	402	470	623	480	790	400	582	400	597	489	772	645	567	798	519	534	572	779	571	622	440	557	420	517	625	641	
622	720	418	713	430	494	359	623	645	600	309	434	604	346	447	371	677	743	583	605	497	752	427	341	393	302	545	632	593	566	337	770	0	347	755	749	475	636	424	670	572	330	581	489	548	396	748	785	326	617	532	706	385	488	491	771	348	479	662	668	640	
756	755	419	482	758	380	305	671	545	699	551	691	738	394	351	613	412	510	795	736	754	344	452	337	635	660	382	539	633	461	521	680	347	0	602	386	692	586	689	776	736	340	635	679	603	308	736	416	393	725	325	648	692	330	427	304	384	544	357	354	481	
540	515	493	306	782	730	576	792	516	699	623	660	615	604	743	356	539	632	520	781	728	522	496	763	425	680	626	659	596	392	348	637	755	602	0	773	486	673	433	704	473	607	366	364	486	710	314	555	679	729	407	745	314	797	610	611	418	490	622	337	772	
603	544	601	484	527	532	655	355	650	559	518	361	745	784	357	693	396	438	661	377	388	359	679	368	565	689	548	629	728	610	361	402	749	386	773	0	743	798	477	734	406	584	789	340	498	599	636	744	697	428	509	579	695	534	423	363	737	787	746	516	645	
660	675	487	678	774	607	533	332	612	326	512	485	645	583	485	546	710	664	730	442	793	452	794	537	504	611	606	787	551	706	668	470	475	692	486	743	0	465	773	535	484	723	612	669	543	359	693	447	392	626	452	689	312	694	390	565	322	438	530	713	411	
554	761	657	687	460	480	674	310	633	370	470	398	491	374	664	712	662	551	566	539	385	366	438	326	448	558	798	562	382	691	767	623	636	586	673	798	465	0	337	405	648	795	744	565	745	519	486	591	468	718	604	754	678	415	489	502	442	529	657	442	306	
467	659	317	745	483	674	329	349	640	335	726	610	633	483	550	499	470	570	588	607	700	305	397	440	533	449	400	726	612	792	799	480	424	689	433	477	773	337	0	560	720	579	657	365	349	591	584	472	584	532	758	396	723	773	555	496	720	364	659	360	564	
793	748	535	630	424	548	660	780	388	396	352	640	568	342	612	326	546	679	522	565	722	454	458	616	708	660	477	415	660	435	655	790	670	776	704	734	535	405	560	0	330	648	705	730	486	562	707	609	388	621	498	776	443	446	476	344	703	563	606	414	442	
489	550	438	641	512	787	650	419	786	559	585	777	443	527	581	645	728	750	788	731	462	489	303	768	592	706	401	383	703	405	379	400	572	736	473	406	484	648	720	330	0	610	775	459	710	309	421	569	317	781	481	532	410	604	768	538	663	792	419	522	631	
590	534	347	647	527	650	546	799	448	672	642	377	648	562	694	634	422	593	437	575	622	756	435	785	540	680	314	673	512	473	303	582	330	340	607	584	723	795	579	648	610	0	400	633	656	376	632	516	485	389	732	348	640	664	371	715	483	382	628	636	412	
642	323	511	502	385	761	607	405	452	767	617	444	773	655	405	330	670	487	573	680	457	560	352	625	547	329	487	350	621	478	528	400	581	635	366	789	612	744	657	705	775	400	0	360	741	579	718	777	706	408	785	625	303	445	310	578	771	740	523	467	561	
596	508	649	634	458	731	462	374	507	330	648	714	698	423	585	523	785	782	714	518	655	492	351	748	513	350	666	558	473	556	497	597	489	679	364	340	669	565	365	730	459	633	360	0	791	783	734	593	435	665	459	312	361	568	509	303	578	717	721	729	410	
743	477	654	437	663	570	620	773	662	667	777	637	798	568	323	739	468	768	657	572	708	668	750	478	677	500	732	399	476	705	546	489	548	603	486	498	543	745	349	486	710	656	741	791	0	317	541	509	467	474	407	460	301	596	554	761	635	660	407	579	638	
608	642	689	792	473	560	376	648	445	458	702	602	602	619	505	556	397	429	743	461	728	416	782	571	398	312	464	644	779	554	681	772	396	308	710	599	359	519	591	562	309	376	579	783	317	0	318	520	760	395	720	577	480	569	573	517	664	780	404	526	664	
502	623	552	774	380	676	359	591	740	694	536	740	345	577	480	339	679	474	757	587	683	390	777	758	618	534	397	661	314	617	335	645	748	736	314	636	693	486	584	707	421	632	718	734	541	318	0	602	508	767	758	600	584	412	487	603	698	472	308	729	797	
559	309	360	528	502	601	744	400	643	764	464	557	644	460	411	594	708	327	305	338	513	436	491	732	577	588	449	446	587	352	402	567	785	416	555	744	447	591	472	609	569	516	777	593	509	520	602	0	514	601	784	674	615	576	700	520	386	346	511	750	436	
733	430	426	470	675	346	602	732	325	373	544	502	696	770	398	556	414	748	337	721	334	430	613	604	483	567	358	725	750	443	614	798	326	393	679	697	392	468	584	388	317	485	706	435	467	760	508	514	0	716	343	485	567	567	684	581	538	486	448	549	653	
645	554	713	661	557	557	539	636	454	352	695	719	406	722	556	445	662	398	454	385	714	565	592	321	735	318	347	769	404	320	367	519	617	725	729	428	626	718	532	621	781	389	408	665	474	395	767	601	716	0	736	786	556	302	726	371	382	475	359	434	542	
766	313	695	497	363	795	445	696	581	542	397	727	412	344	428	380	620	685	631	796	408	712	547	379	517	323	536	451	591	469	455	534	532	325	407	509	452	604	758	498	481	732	785	459	407	720	758	784	343	736	0	664	377	560	683	799	427	438	569	352	372	
602	792	589	788	390	554	746	423	436	405	386	486	711	608	758	572	352	303	329	669	364	598	629	339	435	704	324	590	783	549	546	572	706	648	745	579	689	754	396	776	532	348	625	312	460	577	600	674	485	786	664	0	771	301	602	456	551	429	435	472	449	
700	399	338	569	665	376	702	506	719	516	385	608	714	545	346	453	419	668	337	435	548	758	357	653	644	448	780	608	792	797	748	779	385	692	314	695	312	678	723	443	410	640	303	361	301	480	584	615	567	556	377	771	0	443	408	708	549	642	308	778	505	
676	677	642	697	345	408	723	632	396	671	612	592	394	388	486	475	516	418	783	639	489	689	776	793	316	396	776	657	470	782	782	571	488	330	797	534	694	415	773	446	604	664	445	568	596	569	412	576	567	302	560	301	443	0	452	638	302	468	561	386	315	
503	453	727	431	717	451	360	360	324	399	560	476	658	398	713	734	484	353	694	602	559	516	493	366	618	303	440	636	575	317	657	622	491	427	610	423	390	489	555	476	768	371	310	509	554	573	487	700	684	726	683	602	408	452	0	624	612	770	655	626	561	
427	363	679	347	762	758	713	680	763	737	336	465	433	377	336	610	337	640	700	649	418	655	537	523	788	721	395	624	754	340	382	440	771	304	611	363	565	502	496	344	538	715	578	303	761	517	603	520	581	371	799	456	708	638	624	0	359	633	529	351	760	
569	531	638	473	596	735	327	685	536	743	476	643	563	521	509	548	744	382	378	541	529	394	593	794	722	389	430	751	657	480	470	557	348	384	418	737	322	442	720	703	663	483	771	578	635	664	698	386	538	382	427	551	549	302	612	359	0	551	400	359	536	
402	397	399	754	479	460	345	376	525	412	604	659	682	702	331	525	562	333	522	438	784	415	301	718	399	345	490	757	485	751	745	420	479	544	490	787	438	529	364	563	792	382	740	717	660	780	472	346	486	475	438	429	642	468	770	633	551	0	742	664	409	
308	798	596	739	333	785	444	548	437	487	303	739	425	393	301	641	637	391	481	427	777	323	396	598	353	583	742	725	602	592	578	517	662	357	622	746	530	657	659	606	419	628	523	721	407	404	308	511	448	359	569	435	308	561	655	529	400	742	0	622	366	
583	676	364	650	372	606	614	395	627	722	758	502	654	379	620	404	441	464	353	684	547	486	543	588	586	362	731	375	727	685	747	625	668	354	337	516	713	442	360	414	522	636	467	729	579	526	729	750	549	434	352	472	778	386	626	351	359	664	622	0	682	
343	692	368	497	514	548	486	785	780	444	725	669	393	318	785	511	442	476	583	377	683	576	673	538	367	560	688	435	475	457	631	641	640	481	772	645	411	306	564	442	631	412	561	410	638	664	797	436	653	542	372	449	505	315	561	760	536	409	366	682	0	
etats
Id_Station	Poids W	Min (P)	WSPT	Priorité	
1	8	306	34,00	1	
2	5	317	35,22	2	
3	4	301	37,63	3	
4	6	302	37,75	4	
5	3	305	38,13	5	
6	2	307	38,38	6	
7	9	309	38,63	7	
8	4	314	39,25	8	
9	1	315	39,38	9	
10	9	321	40,13	10	
11	2	300	42,86	11	
12	8	300	42,86	12	
13	4	300	42,86	13	
14	1	300	42,86	14	
15	6	300	42,86	15	
16	4	300	42,86	16	
17	7	302	43,14	17	
18	1	302	43,14	18	
19	1	304	43,43	19	
20	2	304	43,43	20	
21	4	309	44,14	21	
22	9	309	44,14	22	
23	1	323	46,14	23	
24	4	300	50,00	24	
25	5	300	50,00	25	
26	9	303	50,50	26	
27	5	314	52,33	27	
28	9	317	52,83	28	
29	4	322	53,67	29	
30	6	326	54,33	30	
31	1	300	60,00	31	
32	1	300	60,00	32	
33	6	301	60,20	33	
34	2	302	60,40	34	
35	3	302	60,40	35	
36	1	302	60,40	36	
37	5	308	61,60	37	
38	6	312	62,40	38	
39	7	314	62,80	39	
40	1	302	75,50	40	
41	4	308	77,00	41	
42	3	315	78,75	42	
43	6	303	101,00	43	
44	1	304	101,33	44	
45	1	308	102,67	45	
46	1	310	103,33	46	
47	7	314	104,67	47	
48	1	300	150,00	48	
49	6	301	150,50	49	
50	5	301	150,50	50	
51	1	302	151,00	51	
52	6	309	154,50	52	
53	6	327	163,50	53	
54	5	301	301,00	54	
55	2	305	305,00	55	
56	1	305	305,00	56	
57	8	309	309,00	57	
58	2	311	311,00	58	
59	9	313	313,00	59	
60	8	316	316,00	60	

