distances
0	738	687	306	410	489	354	415	463	304	545	676	515	404	793	380	639	416	398	300	709	752	557	422	509	459	666	540	604	494	570	410	371	444	522	524	365	591	544	313	497	597	566	547	703	491	473	764	448	562	603	495	402	505	550	371	339	744	547	496	654	
738	0	537	739	413	502	344	657	479	424	488	526	453	635	621	694	523	386	542	417	525	634	324	618	647	771	621	691	778	496	549	480	441	709	352	426	619	736	640	454	393	319	798	365	364	496	389	379	619	711	317	370	408	750	775	426	457	720	626	531	591	
687	537	0	652	388	439	521	636	300	399	748	402	721	441	749	439	700	707	783	729	753	551	427	548	599	376	435	791	338	462	674	771	321	447	709	356	366	424	301	315	791	690	506	457	646	582	357	774	438	789	530	494	712	693	521	663	740	472	495	722	792	
306	739	652	0	667	373	599	322	557	746	735	300	440	671	438	363	320	706	372	733	725	326	350	667	730	743	629	435	441	349	341	303	627	468	636	691	583	608	497	608	420	364	782	763	570	789	695	385	584	643	330	755	523	320	419	440	381	787	351	787	407	
410	413	388	667	0	382	594	619	677	443	744	317	649	336	777	797	778	392	466	798	322	669	712	704	335	486	338	316	525	676	530	519	782	425	462	317	674	571	588	701	417	592	597	589	628	603	336	625	583	678	304	761	344	506	405	687	659	573	754	683	412	
489	502	439	373	382	0	744	655	687	604	589	438	469	454	394	674	531	447	726	453	358	603	613	533	793	612	537	535	457	789	500	502	580	628	520	481	327	361	455	746	796	604	384	497	480	342	564	599	393	346	533	544	476	489	594	438	634	550	742	576	679	
354	344	521	599	594	744	0	431	746	784	748	441	621	764	347	432	725	409	357	582	514	653	685	693	686	783	759	629	564	564	616	353	534	367	362	489	492	760	778	523	340	680	319	748	387	795	682	561	452	602	384	393	465	594	323	570	400	368	726	711	773	
415	657	636	322	619	655	431	0	741	358	488	695	503	628	632	507	790	310	364	312	419	505	320	454	593	365	769	707	302	700	637	750	710	315	744	451	694	379	572	470	429	375	356	732	769	645	377	366	474	516	552	603	306	593	682	664	482	445	346	358	513	
463	479	300	557	677	687	746	741	0	504	714	328	372	378	461	763	360	774	460	609	789	344	453	383	308	744	476	400	338	314	338	352	520	447	341	398	515	496	442	709	401	552	509	670	737	621	519	378	512	771	620	429	683	420	653	665	624	527	396	547	480	
304	424	399	746	443	604	784	358	504	0	578	665	459	313	589	666	434	612	334	659	638	647	629	518	605	321	768	614	639	751	725	304	400	549	507	688	556	330	666	385	705	310	332	695	387	504	708	530	356	528	629	309	698	776	604	459	710	470	400	444	672	
545	488	748	735	744	589	748	488	714	578	0	608	508	746	488	596	788	427	755	521	419	796	330	655	341	503	450	526	329	447	702	677	587	517	578	613	374	481	466	583	749	540	382	496	476	405	487	729	703	591	378	559	352	623	687	440	370	779	340	506	633	
676	526	402	300	317	438	441	695	328	665	608	0	432	495	552	424	760	415	591	591	450	724	705	437	473	691	764	504	441	786	703	476	636	758	647	703	375	586	478	482	383	592	502	688	318	617	534	593	670	658	462	736	346	553	569	566	378	319	341	477	552	
515	453	721	440	649	469	621	503	372	459	508	432	0	772	472	431	710	781	657	331	758	592	333	376	358	438	712	499	395	351	533	366	517	775	523	565	448	669	336	585	390	678	729	567	746	437	416	625	484	530	390	597	541	574	726	320	402	584	353	372	409	
404	635	441	671	336	454	764	628	378	313	746	495	772	0	711	642	397	431	587	598	558	716	496	688	575	393	360	697	672	466	605	302	641	397	694	737	580	452	361	423	427	761	327	606	594	486	535	587	575	481	582	461	707	586	743	734	314	430	795	529	677	
793	621	749	438	777	394	347	632	461	589	488	552	472	711	0	347	735	473	656	418	592	493	454	701	333	706	599	462	679	300	307	753	740	328	759	375	663	441	628	468	481	527	659	789	697	415	724	784	470	687	688	307	632	548	536	748	545	437	450	681	314	
380	694	439	363	797	674	432	507	763	666	596	424	431	642	347	0	564	767	566	522	637	438	438	579	316	323	584	346	708	537	511	359	599	545	419	770	356	316	320	476	388	736	504	674	359	519	514	489	651	425	335	749	652	646	323	654	437	417	679	468	391	
639	523	700	320	778	531	725	790	360	434	788	760	710	397	735	564	0	677	355	398	779	725	504	795	338	445	399	402	620	702	353	681	635	707	750	545	670	665	493	648	563	714	565	382	390	346	511	531	428	368	718	417	500	361	379	734	433	339	494	437	737	
416	386	707	706	392	447	409	310	774	612	427	415	781	431	473	767	677	0	593	508	654	683	579	339	634	556	373	612	462	403	611	592	536	573	310	688	365	458	342	358	484	783	421	538	691	519	782	785	530	439	377	357	336	537	459	327	472	683	375	449	658	
398	542	783	372	466	726	357	364	460	334	755	591	657	587	656	566	355	593	0	363	774	752	489	511	514	437	301	447	309	534	428	371	673	764	351	763	588	712	640	460	588	569	309	643	799	732	672	792	368	520	774	363	727	622	537	589	568	408	482	449	352	
300	417	729	733	798	453	582	312	609	659	521	591	331	598	418	522	398	508	363	0	736	446	792	783	711	491	712	390	534	338	469	666	730	769	341	697	707	659	411	480	605	430	416	789	688	794	533	539	557	408	769	393	545	377	621	722	512	719	563	377	585	
709	525	753	725	322	358	514	419	789	638	419	450	758	558	592	637	779	654	774	736	0	305	684	438	557	466	435	798	756	769	468	668	608	412	427	771	519	345	655	523	421	558	723	393	332	419	597	540	599	353	402	394	300	637	799	509	575	402	500	525	573	
752	634	551	326	669	603	653	505	344	647	796	724	592	716	493	438	725	683	752	446	305	0	627	591	529	330	331	712	644	432	480	645	488	787	693	366	693	798	794	660	774	325	579	503	590	447	323	542	342	331	371	371	488	555	715	387	669	330	516	581	562	
557	324	427	350	712	613	685	320	453	629	330	705	333	496	454	438	504	579	489	792	684	627	0	377	698	315	740	540	729	565	562	615	518	445	697	738	395	634	799	645	678	448	415	429	639	603	313	579	323	790	633	655	386	599	561	707	718	608	418	462	512	
422	618	548	667	704	533	693	454	383	518	655	437	376	688	701	579	795	339	511	783	438	591	377	0	777	751	518	407	577	344	453	777	727	552	343	727	610	327	571	701	718	620	448	332	770	317	397	758	672	317	323	619	385	568	430	391	688	309	773	772	724	
509	647	599	730	335	793	686	593	308	605	341	473	358	575	333	316	338	634	514	711	557	529	698	777	0	424	571	340	450	780	680	570	654	636	411	430	631	613	708	450	604	331	687	661	630	431	622	391	531	377	506	721	442	598	387	733	488	410	612	337	617	
459	771	376	743	486	612	783	365	744	321	503	691	438	393	706	323	445	556	437	491	466	330	315	751	424	0	766	388	433	747	500	530	532	678	694	480	672	532	599	335	677	454	547	441	532	514	742	534	460	484	450	698	456	567	757	443	569	412	654	767	323	
666	621	435	629	338	537	759	769	476	768	450	764	712	360	599	584	399	373	301	712	435	331	740	518	571	766	0	425	756	418	411	311	428	654	531	470	668	311	705	648	626	743	540	382	403	445	546	699	399	641	589	304	525	300	734	704	681	756	737	636	571	
540	691	791	435	316	535	629	707	400	614	526	504	499	697	462	346	402	612	447	390	798	712	540	407	340	388	425	0	551	345	560	537	487	564	772	485	365	758	312	524	573	306	549	738	789	542	426	500	611	477	719	668	424	556	789	480	345	790	715	670	402	
604	778	338	441	525	457	564	302	338	639	329	441	395	672	679	708	620	462	309	534	756	644	729	577	450	433	756	551	0	754	784	700	773	747	532	709	711	576	485	385	671	679	675	714	416	383	671	696	532	775	635	383	638	311	541	694	706	583	367	782	340	
494	496	462	349	676	789	564	700	314	751	447	786	351	466	300	537	702	403	534	338	769	432	565	344	780	747	418	345	754	0	365	526	733	397	716	777	480	723	603	370	570	586	641	304	370	510	744	695	316	640	329	599	412	594	714	670	323	373	738	480	532	
570	549	674	341	530	500	616	637	338	725	702	703	533	605	307	511	353	611	428	469	468	480	562	453	680	500	411	560	784	365	0	564	337	407	757	484	781	726	394	767	646	581	303	396	448	512	430	709	634	534	424	475	472	764	480	329	550	732	516	452	475	
410	480	771	303	519	502	353	750	352	304	677	476	366	302	753	359	681	592	371	666	668	645	615	777	570	530	311	537	700	526	564	0	431	735	495	444	338	594	712	301	560	713	788	718	496	452	752	594	406	732	559	789	569	439	641	380	515	398	741	561	650	
371	441	321	627	782	580	534	710	520	400	587	636	517	641	740	599	635	536	673	730	608	488	518	727	654	532	428	487	773	733	337	431	0	561	751	447	784	748	610	527	739	613	337	510	389	402	786	415	675	538	590	691	562	307	562	368	617	303	437	708	761	
444	709	447	468	425	628	367	315	447	549	517	758	775	397	328	545	707	573	764	769	412	787	445	552	636	678	654	564	747	397	407	735	561	0	532	418	774	621	489	645	345	371	660	778	717	475	600	406	596	760	552	447	549	513	720	646	401	617	610	657	620	
522	352	709	636	462	520	362	744	341	507	578	647	523	694	759	419	750	310	351	341	427	693	697	343	411	694	531	772	532	716	757	495	751	532	0	677	410	467	762	549	601	346	409	370	433	774	767	757	745	731	678	741	410	510	630	422	646	433	313	584	647	
524	426	356	691	317	481	489	451	398	688	613	703	565	737	375	770	545	688	763	697	771	366	738	727	430	480	470	485	709	777	484	444	447	418	677	0	755	324	760	647	761	489	736	306	304	786	449	464	525	565	371	535	388	672	357	736	718	687	453	710	330	
365	619	366	583	674	327	492	694	515	556	374	375	448	580	663	356	670	365	588	707	519	693	395	610	631	672	668	365	711	480	781	338	784	774	410	755	0	383	753	444	783	395	302	766	565	378	368	375	561	635	368	363	345	465	471	310	595	418	523	463	535	
591	736	424	608	571	361	760	379	496	330	481	586	669	452	441	316	665	458	712	659	345	798	634	327	613	532	311	758	576	723	726	594	748	621	467	324	383	0	342	401	643	465	694	575	579	638	366	353	311	377	414	368	363	719	346	671	304	781	704	615	303	
544	640	301	497	588	455	778	572	442	666	466	478	336	361	628	320	493	342	640	411	655	794	799	571	708	599	705	312	485	603	394	712	610	489	762	760	753	342	0	381	743	371	305	749	429	518	776	349	618	499	373	663	467	519	342	572	670	781	355	339	785	
313	454	315	608	701	746	523	470	709	385	583	482	585	423	468	476	648	358	460	480	523	660	645	701	450	335	648	524	385	370	767	301	527	645	549	647	444	401	381	0	659	378	786	395	479	739	776	562	625	733	320	453	611	695	472	498	417	505	502	432	451	
497	393	791	420	417	796	340	429	401	705	749	383	390	427	481	388	563	484	588	605	421	774	678	718	604	677	626	573	671	570	646	560	739	345	601	761	783	643	743	659	0	533	485	447	642	374	706	432	770	682	666	345	354	531	706	328	679	390	691	769	364	
597	319	690	364	592	604	680	375	552	310	540	592	678	761	527	736	714	783	569	430	558	325	448	620	331	454	743	306	679	586	581	713	613	371	346	489	395	465	371	378	533	0	540	535	619	422	626	682	572	322	572	473	768	651	591	537	449	492	602	760	739	
566	798	506	782	597	384	319	356	509	332	382	502	729	327	659	504	565	421	309	416	723	579	415	448	687	547	540	549	675	641	303	788	337	660	409	736	302	694	305	786	485	540	0	759	304	366	701	539	771	725	532	746	679	618	656	321	505	372	448	534	711	
547	365	457	763	589	497	748	732	670	695	496	688	567	606	789	674	382	538	643	789	393	503	429	332	661	441	382	738	714	304	396	718	510	778	370	306	766	575	749	395	447	535	759	0	619	304	787	478	317	785	526	678	546	731	590	441	684	723	543	395	600	
703	364	646	570	628	480	387	769	737	387	476	318	746	594	697	359	390	691	799	688	332	590	639	770	630	532	403	789	416	370	448	496	389	717	433	304	565	579	429	479	642	619	304	619	0	597	762	467	488	386	310	442	716	654	332	716	628	515	305	699	343	
491	496	582	789	603	342	795	645	621	504	405	617	437	486	415	519	346	519	732	794	419	447	603	317	431	514	445	542	383	510	512	452	402	475	774	786	378	638	518	739	374	422	366	304	597	0	524	792	509	339	748	725	330	610	300	506	566	396	301	562	573	
473	389	357	695	336	564	682	377	519	708	487	534	416	535	724	514	511	782	672	533	597	323	313	397	622	742	546	426	671	744	430	752	786	600	767	449	368	366	776	776	706	626	701	787	762	524	0	463	351	725	699	636	394	485	755	668	703	398	656	399	450	
764	379	774	385	625	599	561	366	378	530	729	593	625	587	784	489	531	785	792	539	540	542	579	758	391	534	699	500	696	695	709	594	415	406	757	464	375	353	349	562	432	682	539	478	467	792	463	0	686	749	752	343	636	728	556	430	506	325	682	583	744	
448	619	438	584	583	393	452	474	512	356	703	670	484	575	470	651	428	530	368	557	599	342	323	672	531	460	399	611	532	316	634	406	675	596	745	525	561	311	618	625	770	572	771	317	488	509	351	686	0	798	671	399	758	425	771	601	316	420	562	448	682	
562	711	789	643	678	346	602	516	771	528	591	658	530	481	687	425	368	439	520	408	353	331	790	317	377	484	641	477	775	640	534	732	538	760	731	565	635	377	499	733	682	322	725	785	386	339	725	749	798	0	753	382	541	639	766	663	519	621	422	693	394	
603	317	530	330	304	533	384	552	620	629	378	462	390	582	688	335	718	377	774	769	402	371	633	323	506	450	589	719	635	329	424	559	590	552	678	371	368	414	373	320	666	572	532	526	310	748	699	752	671	753	0	571	522	582	621	502	440	721	727	758	392	
495	370	494	755	761	544	393	603	429	309	559	736	597	461	307	749	417	357	363	393	394	371	655	619	721	698	304	668	383	599	475	789	691	447	741	535	363	368	663	453	345	473	746	678	442	725	636	343	399	382	571	0	443	465	390	544	311	697	720	646	544	
402	408	712	523	344	476	465	306	683	698	352	346	541	707	632	652	500	336	727	545	300	488	386	385	442	456	525	424	638	412	472	569	562	549	410	388	345	363	467	611	354	768	679	546	716	330	394	636	758	541	522	443	0	538	592	637	709	682	749	681	415	
505	750	693	320	506	489	594	593	420	776	623	553	574	586	548	646	361	537	622	377	637	555	599	568	598	567	300	556	311	594	764	439	307	513	510	672	465	719	519	695	531	651	618	731	654	610	485	728	425	639	582	465	538	0	315	771	458	595	778	587	647	
550	775	521	419	405	594	323	682	653	604	687	569	726	743	536	323	379	459	537	621	799	715	561	430	387	757	734	789	541	714	480	641	562	720	630	357	471	346	342	472	706	591	656	590	332	300	755	556	771	766	621	390	592	315	0	543	748	521	782	392	632	
371	426	663	440	687	438	570	664	665	459	440	566	320	734	748	654	734	327	589	722	509	387	707	391	733	443	704	480	694	670	329	380	368	646	422	736	310	671	572	498	328	537	321	441	716	506	668	430	601	663	502	544	637	771	543	0	611	744	511	608	738	
339	457	740	381	659	634	400	482	624	710	370	378	402	314	545	437	433	472	568	512	575	669	718	688	488	569	681	345	706	323	550	515	617	401	646	718	595	304	670	417	679	449	505	684	628	566	703	506	316	519	440	311	709	458	748	611	0	402	564	748	311	
744	720	472	787	573	550	368	445	527	470	779	319	584	430	437	417	339	683	408	719	402	330	608	309	410	412	756	790	583	373	732	398	303	617	433	687	418	781	781	505	390	492	372	723	515	396	398	325	420	621	721	697	682	595	521	744	402	0	640	399	563	
547	626	495	351	754	742	726	346	396	400	340	341	353	795	450	679	494	375	482	563	500	516	418	773	612	654	737	715	367	738	516	741	437	610	313	453	523	704	355	502	691	602	448	543	305	301	656	682	562	422	727	720	749	778	782	511	564	640	0	629	739	
496	531	722	787	683	576	711	358	547	444	506	477	372	529	681	468	437	449	449	377	525	581	462	772	337	767	636	670	782	480	452	561	708	657	584	710	463	615	339	432	769	760	534	395	699	562	399	583	448	693	758	646	681	587	392	608	748	399	629	0	344	
654	591	792	407	412	679	773	513	480	672	633	552	409	677	314	391	737	658	352	585	573	562	512	724	617	323	571	402	340	532	475	650	761	620	647	330	535	303	785	451	364	739	711	600	343	573	450	744	682	394	392	544	415	647	632	738	311	563	739	344	0	
etats
Id_Station	Poids W	Min (P)	WSPT	Priorité	
1	2	301	33,44	1	
2	4	305	33,89	2	
3	3	305	33,89	3	
4	4	306	34,00	4	
5	5	313	34,78	5	
6	4	317	35,22	6	
7	9	322	35,78	7	
8	5	300	37,50	8	
9	2	300	37,50	9	
10	1	303	37,88	10	
11	5	307	38,38	11	
12	6	308	38,50	12	
13	7	311	38,88	13	
14	5	303	43,29	14	
15	1	304	43,43	15	
16	4	306	43,71	16	
17	8	317	45,29	17	
18	6	300	50,00	18	
19	4	304	50,67	19	
20	1	300	60,00	20	
21	8	304	60,80	21	
22	6	305	61,00	22	
23	6	308	61,60	23	
24	8	315	63,00	24	
25	2	316	63,20	25	
26	3	300	75,00	26	
27	9	302	75,50	27	
28	7	304	76,00	28	
29	5	304	76,00	29	
30	7	306	76,50	30	
31	1	306	76,50	31	
32	8	300	100,00	32	
33	9	301	100,33	33	
34	8	303	101,00	34	
35	4	306	102,00	35	
36	3	308	102,67	36	
37	9	312	104,00	37	
38	2	320	106,67	38	
39	4	300	150,00	39	
40	8	300	150,00	40	
41	2	301	150,50	41	
42	1	302	151,00	42	
43	1	306	153,00	43	
44	6	300	300,00	44	
45	7	300	300,00	45	
46	8	300	300,00	46	
47	2	302	302,00	47	
48	5	304	304,00	48	
49	6	304	304,00	49	
50	7	305	305,00	50	
51	5	305	305,00	51	
52	6	306	306,00	52	
53	8	306	306,00	53	
54	9	306	306,00	54	
55	9	307	307,00	55	
56	4	311	311,00	56	
57	1	314	314,00	57	
58	6	314	314,00	58	
59	4	316	316,00	59	
60	2	322	322,00	60	

