distances
0	480	668	485	723	399	668	418	517	355	668	393	588	389	528	477	795	500	388	678	432	315	629	550	650	546	592	500	717	664	620	322	372	560	360	716	700	436	542	613	307	753	602	654	605	705	522	752	710	325	609	335	597	549	430	471	622	625	438	306	510	
480	0	732	623	640	791	493	740	600	688	750	386	631	665	472	354	527	330	490	553	333	495	333	572	515	636	430	664	399	718	719	430	345	749	736	313	720	313	443	455	595	384	480	765	522	338	628	662	697	770	325	470	385	449	563	666	396	668	646	396	542	
668	732	0	658	400	749	786	353	613	407	506	726	514	329	344	764	560	455	749	302	671	466	351	751	737	536	737	586	591	708	471	415	579	612	456	542	608	677	543	370	542	484	410	639	735	596	446	759	771	772	435	371	342	343	414	584	303	646	748	549	521	
485	623	658	0	532	634	701	399	545	774	522	489	638	681	586	323	773	345	623	378	305	651	683	586	498	588	372	311	735	525	798	795	474	451	564	580	627	528	405	491	699	528	320	794	755	594	726	342	366	733	483	783	362	562	606	712	641	637	694	456	641	
723	640	400	532	0	655	775	500	537	671	799	727	437	503	341	626	569	758	437	373	402	638	327	502	794	639	587	791	337	450	603	670	486	324	364	427	599	525	413	379	400	592	594	641	412	491	498	359	554	404	579	523	624	570	692	454	697	744	760	357	548	
399	791	749	634	655	0	525	502	677	383	625	786	301	307	437	472	616	753	363	740	548	779	339	525	446	796	437	483	318	794	721	689	631	784	484	690	415	452	426	575	369	780	745	453	558	634	362	744	683	559	526	399	623	654	716	797	697	770	467	627	315	
668	493	786	701	775	525	0	592	331	707	464	379	421	415	492	575	594	624	567	562	640	698	641	617	315	408	658	436	301	379	694	761	460	430	529	375	666	466	698	733	756	756	682	374	476	338	376	313	737	636	576	776	646	551	309	378	453	637	368	691	708	
418	740	353	399	500	502	592	0	772	550	672	359	718	587	728	798	495	477	486	386	663	622	304	634	655	478	638	349	546	440	434	594	663	591	797	464	608	463	661	674	480	609	343	382	466	712	667	555	686	610	343	450	793	700	589	633	701	389	331	650	341	
517	600	613	545	537	677	331	772	0	762	316	476	719	540	510	475	546	621	323	414	342	394	595	431	689	454	447	444	576	723	551	302	385	755	780	719	739	688	312	597	693	786	384	725	381	723	488	742	719	350	357	301	675	381	612	460	790	333	340	315	477	
355	688	407	774	671	383	707	550	762	0	778	393	410	741	713	519	662	741	644	387	661	703	700	453	388	598	464	474	669	405	541	590	397	391	615	710	554	425	481	526	652	577	405	469	535	496	536	446	382	755	595	564	649	542	539	515	481	687	503	394	685	
668	750	506	522	799	625	464	672	316	778	0	422	452	572	459	654	718	314	326	377	484	760	606	712	371	730	330	344	364	693	717	546	767	315	439	631	684	666	498	499	775	731	550	478	398	316	419	632	560	530	669	302	350	737	460	339	637	584	382	715	606	
393	386	726	489	727	786	379	359	476	393	422	0	706	476	367	785	553	629	553	606	726	400	463	798	691	482	397	552	795	605	582	717	345	450	469	588	430	756	458	322	629	786	458	769	604	528	737	587	673	667	546	630	642	352	644	477	556	363	455	532	676	
588	631	514	638	437	301	421	718	719	410	452	706	0	442	781	712	571	615	372	532	681	578	571	596	525	654	441	408	370	373	532	574	718	326	671	679	353	581	712	453	657	458	666	541	467	768	342	708	528	632	424	649	587	302	622	345	483	370	641	606	688	
389	665	329	681	503	307	415	587	540	741	572	476	442	0	361	322	775	601	474	336	682	735	597	793	333	344	705	428	750	393	456	585	612	672	585	651	741	624	457	609	308	517	672	661	753	338	582	406	588	788	485	380	586	524	778	462	756	658	669	307	516	
528	472	344	586	341	437	492	728	510	713	459	367	781	361	0	401	422	557	488	702	424	601	499	756	394	637	423	363	461	637	556	372	664	406	397	563	715	312	537	574	673	531	786	446	467	432	559	536	793	409	763	741	593	737	553	498	561	650	641	721	766	
477	354	764	323	626	472	575	798	475	519	654	785	712	322	401	0	781	686	377	303	736	782	569	520	373	313	423	641	300	582	500	728	746	570	730	525	652	320	519	468	520	404	743	493	380	485	394	480	720	314	634	404	579	483	661	657	353	339	588	490	684	
795	527	560	773	569	616	594	495	546	662	718	553	571	775	422	781	0	348	339	578	479	306	484	701	548	459	366	798	596	604	422	593	306	350	790	474	366	569	492	675	475	759	640	354	528	653	466	510	587	610	777	336	682	573	392	690	742	624	757	349	655	
500	330	455	345	758	753	624	477	621	741	314	629	615	601	557	686	348	0	452	443	727	452	636	484	356	753	695	461	716	655	743	566	631	631	591	364	779	564	372	772	559	312	346	740	544	587	310	582	490	684	392	618	701	690	605	589	696	729	355	533	345	
388	490	749	623	437	363	567	486	323	644	326	553	372	474	488	377	339	452	0	737	750	490	489	310	755	420	352	541	419	323	592	738	574	661	785	379	728	304	349	716	359	583	429	494	767	432	397	456	458	362	351	621	744	629	777	749	524	412	517	341	348	
678	553	302	378	373	740	562	386	414	387	377	606	532	336	702	303	578	443	737	0	775	472	787	449	492	748	598	480	396	380	565	766	505	389	414	370	311	643	663	439	446	460	571	707	494	673	695	763	585	466	327	372	305	336	779	454	430	505	473	771	496	
432	333	671	305	402	548	640	663	342	661	484	726	681	682	424	736	479	727	750	775	0	599	327	647	740	564	738	343	471	476	393	636	677	401	633	749	777	399	425	758	665	690	702	315	375	398	655	324	489	367	678	373	655	427	591	449	779	511	626	790	338	
315	495	466	651	638	779	698	622	394	703	760	400	578	735	601	782	306	452	490	472	599	0	691	487	352	548	524	726	636	605	467	509	618	428	749	344	322	507	611	731	433	683	516	583	535	475	642	767	693	656	356	490	374	443	524	537	788	321	516	765	323	
629	333	351	683	327	339	641	304	595	700	606	463	571	597	499	569	484	636	489	787	327	691	0	595	772	451	767	429	781	628	544	491	532	417	662	478	693	456	742	383	692	621	721	439	515	379	788	750	686	518	486	504	604	701	768	628	725	346	341	564	610	
550	572	751	586	502	525	617	634	431	453	712	798	596	793	756	520	701	484	310	449	647	487	595	0	384	618	547	466	406	519	673	748	394	536	449	515	745	718	560	401	312	362	373	548	475	760	522	336	742	542	420	335	681	623	779	697	403	317	575	633	562	
650	515	737	498	794	446	315	655	689	388	371	691	525	333	394	373	548	356	755	492	740	352	772	384	0	318	723	515	759	336	572	643	307	432	545	719	417	673	407	367	504	305	577	521	322	709	307	306	363	545	517	579	774	313	318	521	317	494	366	313	598	
546	636	536	588	639	796	408	478	454	598	730	482	654	344	637	313	459	753	420	748	564	548	451	618	318	0	404	413	657	625	348	461	545	350	750	701	334	604	538	649	730	468	657	612	380	592	771	303	435	685	511	547	731	459	403	659	477	382	761	391	610	
592	430	737	372	587	437	658	638	447	464	330	397	441	705	423	423	366	695	352	598	738	524	767	547	723	404	0	520	394	718	361	399	629	428	619	791	379	719	594	324	373	496	488	502	794	578	569	615	543	684	449	522	750	754	713	325	658	608	510	324	672	
500	664	586	311	791	483	436	349	444	474	344	552	408	428	363	641	798	461	541	480	343	726	429	466	515	413	520	0	749	624	533	345	325	595	380	326	750	611	392	599	705	485	459	336	487	617	790	544	491	312	498	679	550	367	435	540	354	353	401	403	323	
717	399	591	735	337	318	301	546	576	669	364	795	370	750	461	300	596	716	419	396	471	636	781	406	759	657	394	749	0	672	519	665	474	696	518	747	648	721	387	760	590	338	737	346	455	700	548	773	546	464	733	709	685	535	537	444	706	373	401	543	381	
664	718	708	525	450	794	379	440	723	405	693	605	373	393	637	582	604	655	323	380	476	605	628	519	336	625	718	624	672	0	649	651	359	687	747	718	337	760	755	622	601	545	769	710	370	632	395	769	657	369	623	654	720	372	414	596	442	619	314	787	363	
620	719	471	798	603	721	694	434	551	541	717	582	532	456	556	500	422	743	592	565	393	467	544	673	572	348	361	533	519	649	0	538	422	420	787	528	497	790	371	315	733	607	535	755	463	430	346	446	495	350	387	500	682	796	473	705	441	598	519	469	705	
322	430	415	795	670	689	761	594	302	590	546	717	574	585	372	728	593	566	738	766	636	509	491	748	643	461	399	345	665	651	538	0	479	772	307	746	593	589	587	477	363	534	550	573	716	715	678	397	429	754	426	441	390	302	647	598	654	689	337	422	742	
372	345	579	474	486	631	460	663	385	397	767	345	718	612	664	746	306	631	574	505	677	618	532	394	307	545	629	325	474	359	422	479	0	701	358	523	635	489	458	610	750	303	605	469	316	370	404	312	503	351	785	792	693	660	463	374	333	478	583	659	791	
560	749	612	451	324	784	430	591	755	391	315	450	326	672	406	570	350	631	661	389	401	428	417	536	432	350	428	595	696	687	420	772	701	0	326	500	338	742	728	390	569	328	713	566	668	590	315	445	358	727	695	362	549	669	575	729	559	394	734	303	518	
360	736	456	564	364	484	529	797	780	615	439	469	671	585	397	730	790	591	785	414	633	749	662	449	545	750	619	380	518	747	787	307	358	326	0	759	556	495	408	351	422	661	429	539	492	621	789	784	410	324	319	382	520	512	393	600	395	360	799	379	712	
716	313	542	580	427	690	375	464	719	710	631	588	679	651	563	525	474	364	379	370	749	344	478	515	719	701	791	326	747	718	528	746	523	500	759	0	336	702	741	367	517	328	422	767	512	578	300	505	612	417	544	371	635	357	732	796	644	355	556	370	323	
700	720	608	627	599	415	666	608	739	554	684	430	353	741	715	652	366	779	728	311	777	322	693	745	417	334	379	750	648	337	497	593	635	338	556	336	0	384	428	755	761	799	738	564	332	502	545	587	522	342	419	681	455	659	314	447	644	771	582	481	501	
436	313	677	528	525	452	466	463	688	425	666	756	581	624	312	320	569	564	304	643	399	507	456	718	673	604	719	611	721	760	790	589	489	742	495	702	384	0	609	435	538	727	598	693	689	679	440	618	323	332	525	585	455	600	573	682	776	759	601	671	747	
542	443	543	405	413	426	698	661	312	481	498	458	712	457	537	519	492	372	349	663	425	611	742	560	407	538	594	392	387	755	371	587	458	728	408	741	428	609	0	652	593	591	551	602	602	612	306	379	407	670	688	482	427	744	678	602	338	660	424	692	432	
613	455	370	491	379	575	733	674	597	526	499	322	453	609	574	468	675	772	716	439	758	731	383	401	367	649	324	599	760	622	315	477	610	390	351	367	755	435	652	0	360	671	674	332	760	328	530	321	724	763	776	727	447	431	734	663	330	755	314	602	642	
307	595	542	699	400	369	756	480	693	652	775	629	657	308	673	520	475	559	359	446	665	433	692	312	504	730	373	705	590	601	733	363	750	569	422	517	761	538	593	360	0	655	436	352	799	639	557	679	488	432	469	576	700	612	374	352	367	645	696	772	720	
753	384	484	528	592	780	756	609	786	577	731	786	458	517	531	404	759	312	583	460	690	683	621	362	305	468	496	485	338	545	607	534	303	328	661	328	799	727	591	671	655	0	586	466	626	327	600	543	373	314	597	497	787	470	492	533	591	359	492	369	677	
602	480	410	320	594	745	682	343	384	405	550	458	666	672	786	743	640	346	429	571	702	516	721	373	577	657	488	459	737	769	535	550	605	713	429	422	738	598	551	674	436	586	0	489	749	384	776	529	648	635	693	358	710	600	676	688	691	367	401	419	333	
654	765	639	794	641	453	374	382	725	469	478	769	541	661	446	493	354	740	494	707	315	583	439	548	521	612	502	336	346	710	755	573	469	566	539	767	564	693	602	332	352	466	489	0	796	602	605	490	765	620	380	732	464	330	598	789	552	394	526	550	690	
605	522	735	755	412	558	476	466	381	535	398	604	467	753	467	380	528	544	767	494	375	535	515	475	322	380	794	487	455	370	463	716	316	668	492	512	332	689	602	760	799	626	749	796	0	629	780	345	480	530	786	664	634	696	543	601	736	740	653	462	599	
705	338	596	594	491	634	338	712	723	496	316	528	768	338	432	485	653	587	432	673	398	475	379	760	709	592	578	617	700	632	430	715	370	590	621	578	502	679	612	328	639	327	384	602	629	0	482	426	699	472	424	698	619	746	313	657	347	651	631	739	389	
522	628	446	726	498	362	376	667	488	536	419	737	342	582	559	394	466	310	397	695	655	642	788	522	307	771	569	790	548	395	346	678	404	315	789	300	545	440	306	530	557	600	776	605	780	482	0	536	419	604	745	688	457	489	424	345	750	639	744	572	580	
752	662	759	342	359	744	313	555	742	446	632	587	708	406	536	480	510	582	456	763	324	767	750	336	306	303	615	544	773	769	446	397	312	445	784	505	587	618	379	321	679	543	529	490	345	426	536	0	535	766	717	536	525	300	726	580	436	799	560	740	353	
710	697	771	366	554	683	737	686	719	382	560	673	528	588	793	720	587	490	458	585	489	693	686	742	363	435	543	491	546	657	495	429	503	358	410	612	522	323	407	724	488	373	648	765	480	699	419	535	0	746	345	606	462	592	404	772	349	640	725	676	322	
325	770	772	733	404	559	636	610	350	755	530	667	632	788	409	314	610	684	362	466	367	656	518	542	545	685	684	312	464	369	350	754	351	727	324	417	342	332	670	763	432	314	635	620	530	472	604	766	746	0	621	405	579	343	435	796	764	376	426	739	760	
609	325	435	483	579	526	576	343	357	595	669	546	424	485	763	634	777	392	351	327	678	356	486	420	517	511	449	498	733	623	387	426	785	695	319	544	419	525	688	776	469	597	693	380	786	424	745	717	345	621	0	676	495	428	688	623	653	399	309	388	308	
335	470	371	783	523	399	776	450	301	564	302	630	649	380	741	404	336	618	621	372	373	490	504	335	579	547	522	679	709	654	500	441	792	362	382	371	681	585	482	727	576	497	358	732	664	698	688	536	606	405	676	0	586	713	761	371	610	414	364	460	682	
597	385	342	362	624	623	646	793	675	649	350	642	587	586	593	579	682	701	744	305	655	374	604	681	774	731	750	550	685	720	682	390	693	549	520	635	455	455	427	447	700	787	710	464	634	619	457	525	462	579	495	586	0	428	419	562	573	721	573	542	695	
549	449	343	562	570	654	551	700	381	542	737	352	302	524	737	483	573	690	629	336	427	443	701	623	313	459	754	367	535	372	796	302	660	669	512	357	659	600	744	431	612	470	600	330	696	746	489	300	592	343	428	713	428	0	777	724	436	441	501	530	673	
430	563	414	606	692	716	309	589	612	539	460	644	622	778	553	661	392	605	777	779	591	524	768	779	318	403	713	435	537	414	473	647	463	575	393	732	314	573	678	734	374	492	676	598	543	313	424	726	404	435	688	761	419	777	0	623	611	458	518	734	496	
471	666	584	712	454	797	378	633	460	515	339	477	345	462	498	657	690	589	749	454	449	537	628	697	521	659	325	540	444	596	705	598	374	729	600	796	447	682	602	663	352	533	688	789	601	657	345	580	772	796	623	371	562	724	623	0	678	736	523	461	584	
622	396	303	641	697	697	453	701	790	481	637	556	483	756	561	353	742	696	524	430	779	788	725	403	317	477	658	354	706	442	441	654	333	559	395	644	644	776	338	330	367	591	691	552	736	347	750	436	349	764	653	610	573	436	611	678	0	773	687	648	481	
625	668	646	637	744	770	637	389	333	687	584	363	370	658	650	339	624	729	412	505	511	321	346	317	494	382	608	353	373	619	598	689	478	394	360	355	771	759	660	755	645	359	367	394	740	651	639	799	640	376	399	414	721	441	458	736	773	0	483	403	671	
438	646	748	694	760	467	368	331	340	503	382	455	641	669	641	588	757	355	517	473	626	516	341	575	366	761	510	401	401	314	519	337	583	734	799	556	582	601	424	314	696	492	401	526	653	631	744	560	725	426	309	364	573	501	518	523	687	483	0	791	769	
306	396	549	456	357	627	691	650	315	394	715	532	606	307	721	490	349	533	341	771	790	765	564	633	313	391	324	403	543	787	469	422	659	303	379	370	481	671	692	602	772	369	419	550	462	739	572	740	676	739	388	460	542	530	734	461	648	403	791	0	635	
510	542	521	641	548	315	708	341	477	685	606	676	688	516	766	684	655	345	348	496	338	323	610	562	598	610	672	323	381	363	705	742	791	518	712	323	501	747	432	642	720	677	333	690	599	389	580	353	322	760	308	682	695	673	496	584	481	671	769	635	0	
etats
Id_Station	Poids W	Min (P)	WSPT	Priorité	
1	1	301	33,44	1	
2	3	304	33,78	2	
3	9	305	33,89	3	
4	7	300	37,50	4	
5	6	300	37,50	5	
6	9	300	37,50	6	
7	9	300	37,50	7	
8	9	300	37,50	8	
9	8	300	37,50	9	
10	9	304	38,00	10	
11	1	307	38,38	11	
12	7	311	38,88	12	
13	5	300	42,86	13	
14	5	303	43,29	14	
15	6	310	44,29	15	
16	7	311	44,43	16	
17	7	322	46,00	17	
18	1	302	50,33	18	
19	5	303	50,50	19	
20	8	308	51,33	20	
21	5	308	51,33	21	
22	2	309	51,50	22	
23	6	309	51,50	23	
24	2	302	60,40	24	
25	7	303	60,60	25	
26	5	306	61,20	26	
27	7	307	61,40	27	
28	1	311	62,20	28	
29	5	303	75,75	29	
30	5	304	76,00	30	
31	8	302	100,67	31	
32	7	307	102,33	32	
33	1	300	150,00	33	
34	4	300	150,00	34	
35	1	303	151,50	35	
36	1	303	151,50	36	
37	7	303	151,50	37	
38	9	303	151,50	38	
39	3	305	152,50	39	
40	3	310	155,00	40	
41	9	316	158,00	41	
42	8	300	300,00	42	
43	7	300	300,00	43	
44	8	300	300,00	44	
45	8	300	300,00	45	
46	5	301	301,00	46	
47	5	302	302,00	47	
48	1	302	302,00	48	
49	7	302	302,00	49	
50	4	303	303,00	50	
51	4	303	303,00	51	
52	2	304	304,00	52	
53	8	306	306,00	53	
54	5	308	308,00	54	
55	3	310	310,00	55	
56	1	311	311,00	56	
57	1	311	311,00	57	
58	5	315	315,00	58	
59	7	318	318,00	59	
60	7	333	333,00	60	

