distances
0	699	308	608	791	531	347	638	738	673	463	599	735	710	370	646	498	484	621	448	752	395	468	651	693	307	410	675	705	671	736	311	493	544	462	438	321	434	693	448	590	745	360	554	560	760	722	558	601	519	309	446	325	404	491	467	731	463	432	670	371	
699	0	551	553	771	653	614	658	583	482	656	351	320	309	741	436	665	512	579	372	359	509	508	709	782	545	535	631	544	732	559	366	351	637	335	542	496	493	569	303	393	329	676	737	481	439	734	575	327	611	388	310	777	664	752	514	742	651	448	304	763	
308	551	0	515	300	483	691	459	724	545	747	354	677	377	454	366	763	789	327	578	687	448	783	310	500	313	555	616	482	703	491	393	609	510	659	519	308	735	671	480	302	770	687	725	763	325	474	563	677	302	437	703	304	320	503	654	738	718	448	310	358	
608	553	515	0	503	617	454	340	628	715	607	448	421	609	502	306	791	407	624	303	642	792	792	724	389	439	539	522	675	694	587	545	541	308	741	749	315	667	493	708	330	336	407	469	412	594	352	423	557	361	518	557	621	743	405	587	688	328	598	450	666	
791	771	300	503	0	385	590	476	520	699	332	581	353	535	675	798	573	498	639	515	491	793	516	476	765	431	516	662	691	708	712	606	597	322	766	406	350	484	762	406	384	317	763	615	501	470	383	334	585	647	634	356	597	677	320	786	665	781	494	458	696	
531	653	483	617	385	0	479	663	731	564	751	409	410	682	307	412	552	573	430	305	616	449	348	315	622	532	564	695	748	707	462	777	585	488	413	612	628	625	425	480	580	678	694	314	318	313	762	435	562	486	669	444	371	525	532	357	716	692	751	589	439	
347	614	691	454	590	479	0	718	724	446	419	740	719	627	565	488	493	300	410	556	681	373	470	770	618	692	447	578	358	777	746	737	526	387	459	365	355	666	560	430	510	435	671	594	407	635	603	435	701	580	533	631	662	636	468	678	712	304	636	599	328	
638	658	459	340	476	663	718	0	332	335	443	352	763	655	328	302	348	380	720	541	760	350	508	314	711	714	525	602	644	539	731	479	670	329	439	482	691	306	361	599	694	580	382	794	421	488	789	347	356	573	358	711	419	324	518	302	500	303	634	462	321	
738	583	724	628	520	731	724	332	0	700	582	665	716	653	752	300	355	788	498	328	398	614	331	514	307	695	565	570	556	536	667	701	406	365	452	644	489	548	613	626	629	566	412	757	584	565	645	759	325	711	632	695	616	607	639	355	324	577	609	440	681	
673	482	545	715	699	564	446	335	700	0	375	726	704	443	787	538	679	505	337	354	306	636	753	792	692	775	467	660	623	327	787	565	755	304	582	517	653	407	733	650	530	538	393	798	557	441	481	727	601	767	617	566	405	524	373	652	446	543	533	458	767	
463	656	747	607	332	751	419	443	582	375	0	797	371	601	577	303	519	479	728	645	660	586	783	718	738	315	585	703	604	585	421	435	658	491	728	461	712	704	666	375	569	454	637	437	363	343	686	573	310	328	618	598	359	530	405	698	336	404	687	614	363	
599	351	354	448	581	409	740	352	665	726	797	0	616	646	653	367	332	351	765	590	388	706	558	451	446	350	485	752	512	589	751	729	655	743	675	325	343	495	748	490	307	572	550	724	705	619	418	432	782	595	389	554	332	300	314	463	520	635	712	391	479	
735	320	677	421	353	410	719	763	716	704	371	616	0	630	449	509	448	427	637	621	717	668	311	718	538	403	649	324	478	375	519	711	524	453	437	749	799	479	592	596	471	403	369	343	704	481	534	481	477	742	353	549	680	328	644	645	749	329	771	682	677	
710	309	377	609	535	682	627	655	653	443	601	646	630	0	454	363	468	357	493	557	663	740	737	752	390	350	736	741	454	732	363	505	430	426	570	678	692	380	422	716	770	349	702	443	754	418	621	795	446	456	757	653	496	407	629	714	465	464	549	674	547	
370	741	454	502	675	307	565	328	752	787	577	653	449	454	0	370	713	641	377	652	763	759	364	790	597	674	647	525	671	460	766	535	635	619	621	578	729	760	636	503	757	312	535	592	591	574	640	388	511	586	762	389	497	621	631	717	762	398	698	605	799	
646	436	366	306	798	412	488	302	300	538	303	367	509	363	370	0	531	776	491	629	731	468	714	486	351	444	699	566	440	682	737	545	575	692	788	435	303	757	409	798	610	308	728	666	565	456	375	587	327	484	541	369	597	456	440	615	609	382	799	605	377	
498	665	763	791	573	552	493	348	355	679	519	332	448	468	713	531	0	769	563	697	355	364	682	676	334	628	723	690	794	676	735	577	375	442	567	712	615	400	300	681	438	360	609	302	792	417	588	447	617	781	420	557	596	570	573	457	511	523	588	794	605	
484	512	789	407	498	573	300	380	788	505	479	351	427	357	641	776	769	0	645	484	376	481	588	313	374	698	319	494	404	324	424	535	700	445	504	444	430	441	580	791	577	680	599	308	438	639	357	748	365	791	367	781	698	547	797	680	322	437	533	542	348	
621	579	327	624	639	430	410	720	498	337	728	765	637	493	377	491	563	645	0	496	687	700	401	330	418	724	515	311	613	718	616	473	704	779	366	579	677	373	374	536	533	364	633	681	548	589	570	583	753	314	480	440	366	486	753	531	558	497	750	731	726	
448	372	578	303	515	305	556	541	328	354	645	590	621	557	652	629	697	484	496	0	641	545	468	376	581	653	765	364	492	698	733	530	611	686	659	412	460	344	630	460	478	759	760	516	486	439	663	608	342	547	612	330	447	341	484	701	445	743	687	739	771	
752	359	687	642	491	616	681	760	398	306	660	388	717	663	763	731	355	376	687	641	0	650	656	401	511	381	421	790	474	449	694	589	451	786	674	771	577	424	399	681	587	563	491	380	385	334	599	516	316	358	433	467	742	407	311	331	668	454	350	518	745	
395	509	448	792	793	449	373	350	614	636	586	706	668	740	759	468	364	481	700	545	650	0	367	419	589	342	601	316	604	781	677	744	759	412	515	596	411	480	572	353	307	636	360	649	651	546	535	452	690	522	471	410	670	791	768	311	334	689	607	791	723	
468	508	783	792	516	348	470	508	331	753	783	558	311	737	364	714	682	588	401	468	656	367	0	504	584	685	605	467	586	657	789	361	338	490	513	553	493	732	577	647	611	756	308	451	715	334	528	542	317	766	342	595	486	328	552	664	645	511	701	370	447	
651	709	310	724	476	315	770	314	514	792	718	451	718	752	790	486	676	313	330	376	401	419	504	0	552	596	562	528	787	376	620	377	348	399	598	639	658	434	539	787	442	683	308	793	528	721	389	403	429	730	388	341	719	401	360	762	322	375	620	419	524	
693	782	500	389	765	622	618	711	307	692	738	446	538	390	597	351	334	374	418	581	511	589	584	552	0	694	490	718	579	358	647	631	316	450	547	697	532	729	300	614	388	625	305	745	592	733	604	333	379	437	557	716	473	606	656	341	518	580	366	351	304	
307	545	313	439	431	532	692	714	695	775	315	350	403	350	674	444	628	698	724	653	381	342	685	596	694	0	562	324	617	776	706	431	421	510	628	527	507	607	357	549	399	540	759	351	642	674	382	671	656	322	666	445	678	422	382	354	465	399	681	767	468	
410	535	555	539	516	564	447	525	565	467	585	485	649	736	647	699	723	319	515	765	421	601	605	562	490	562	0	369	577	655	415	513	345	643	745	326	303	781	434	602	675	524	676	590	557	438	315	449	383	644	409	370	549	799	625	526	745	608	512	350	537	
675	631	616	522	662	695	578	602	570	660	703	752	324	741	525	566	690	494	311	364	790	316	467	528	718	324	369	0	359	361	330	391	507	539	609	402	783	666	533	591	703	466	390	647	589	348	327	363	553	629	632	445	390	476	615	377	562	408	517	632	675	
705	544	482	675	691	748	358	644	556	623	604	512	478	454	671	440	794	404	613	492	474	604	586	787	579	617	577	359	0	392	571	410	444	437	502	420	388	313	509	743	792	374	418	738	557	632	755	563	470	751	473	331	698	641	494	307	300	429	791	545	497	
671	732	703	694	708	707	777	539	536	327	585	589	375	732	460	682	676	324	718	698	449	781	657	376	358	776	655	361	392	0	763	505	756	571	452	538	753	408	777	736	431	519	792	545	646	732	583	344	653	506	557	443	672	661	761	763	766	484	322	577	791	
736	559	491	587	712	462	746	731	667	787	421	751	519	363	766	737	735	424	616	733	694	677	789	620	647	706	415	330	571	763	0	593	660	428	599	698	466	599	526	769	326	502	626	672	723	425	693	795	554	334	453	354	603	620	361	322	595	301	415	456	364	
311	366	393	545	606	777	737	479	701	565	435	729	711	505	535	545	577	535	473	530	589	744	361	377	631	431	513	391	410	505	593	0	436	514	670	760	716	438	458	382	794	564	415	330	366	572	457	528	652	663	337	752	758	480	767	357	712	755	338	687	556	
493	351	609	541	597	585	526	670	406	755	658	655	524	430	635	575	375	700	704	611	451	759	338	348	316	421	345	507	444	756	660	436	0	454	772	672	325	753	641	423	428	316	326	472	780	425	561	397	336	334	738	432	740	672	647	697	668	456	357	655	685	
544	637	510	308	322	488	387	329	365	304	491	743	453	426	619	692	442	445	779	686	786	412	490	399	450	510	643	539	437	571	428	514	454	0	612	654	748	380	502	654	374	774	722	557	571	306	771	610	601	623	354	654	329	526	559	319	685	497	764	617	725	
462	335	659	741	766	413	459	439	452	582	728	675	437	570	621	788	567	504	366	659	674	515	513	598	547	628	745	609	502	452	599	670	772	612	0	308	636	448	678	604	321	437	738	493	719	630	748	662	477	670	491	696	482	485	332	339	328	343	318	466	592	
438	542	519	749	406	612	365	482	644	517	461	325	749	678	578	435	712	444	579	412	771	596	553	639	697	527	326	402	420	538	698	760	672	654	308	0	443	504	470	790	351	334	460	334	412	303	419	446	698	359	325	630	601	774	520	653	757	729	416	523	567	
321	496	308	315	350	628	355	691	489	653	712	343	799	692	729	303	615	430	677	460	577	411	493	658	532	507	303	783	388	753	466	716	325	748	636	443	0	335	554	550	424	613	425	627	389	463	462	724	498	499	742	358	357	529	431	336	334	593	783	615	557	
434	493	735	667	484	625	666	306	548	407	704	495	479	380	760	757	400	441	373	344	424	480	732	434	729	607	781	666	313	408	599	438	753	380	448	504	335	0	566	337	545	594	380	773	589	600	601	720	782	769	701	746	601	532	548	382	315	326	374	769	598	
693	569	671	493	762	425	560	361	613	733	666	748	592	422	636	409	300	580	374	630	399	572	577	539	300	357	434	533	509	777	526	458	641	502	678	470	554	566	0	596	504	445	478	710	718	627	508	663	619	615	432	562	760	547	790	737	521	486	319	566	343	
448	303	480	708	406	480	430	599	626	650	375	490	596	716	503	798	681	791	536	460	681	353	647	787	614	549	602	591	743	736	769	382	423	654	604	790	550	337	596	0	418	404	447	634	469	704	560	572	557	581	628	774	384	531	751	497	467	636	687	371	366	
590	393	302	330	384	580	510	694	629	530	569	307	471	770	757	610	438	577	533	478	587	307	611	442	388	399	675	703	792	431	326	794	428	374	321	351	424	545	504	418	0	432	613	539	310	396	330	697	497	752	487	487	353	623	607	572	632	599	750	729	415	
745	329	770	336	317	678	435	580	566	538	454	572	403	349	312	308	360	680	364	759	563	636	756	683	625	540	524	466	374	519	502	564	316	774	437	334	613	594	445	404	432	0	596	392	725	779	616	684	353	639	662	490	494	616	711	303	357	486	573	367	321	
360	676	687	407	763	694	671	382	412	393	637	550	369	702	535	728	609	599	633	760	491	360	308	308	305	759	676	390	418	792	626	415	326	722	738	460	425	380	478	447	613	596	0	341	510	747	505	762	774	521	744	674	388	732	369	720	411	581	457	730	666	
554	737	725	469	615	314	594	794	757	798	437	724	343	443	592	666	302	308	681	516	380	649	451	793	745	351	590	647	738	545	672	330	472	557	493	334	627	773	710	634	539	392	341	0	669	570	780	368	515	438	391	673	726	671	616	358	454	396	792	737	703	
560	481	763	412	501	318	407	421	584	557	363	705	704	754	591	565	792	438	548	486	385	651	715	528	592	642	557	589	557	646	723	366	780	571	719	412	389	589	718	469	310	725	510	669	0	699	471	441	442	743	725	786	534	452	325	468	352	782	322	736	362	
760	439	325	594	470	313	635	488	565	441	343	619	481	418	574	456	417	639	589	439	334	546	334	721	733	674	438	348	632	732	425	572	425	306	630	303	463	600	627	704	396	779	747	570	699	0	611	512	625	711	372	483	764	748	338	719	574	540	332	733	572	
722	734	474	352	383	762	603	789	645	481	686	418	534	621	640	375	588	357	570	663	599	535	528	389	604	382	315	327	755	583	693	457	561	771	748	419	462	601	508	560	330	616	505	780	471	611	0	692	711	329	612	669	478	681	406	384	645	372	573	585	555	
558	575	563	423	334	435	435	347	759	727	573	432	481	795	388	587	447	748	583	608	516	452	542	403	333	671	449	363	563	344	795	528	397	610	662	446	724	720	663	572	697	684	762	368	441	512	692	0	731	427	659	416	459	662	469	765	530	543	597	449	445	
601	327	677	557	585	562	701	356	325	601	310	782	477	446	511	327	617	365	753	342	316	690	317	429	379	656	383	553	470	653	554	652	336	601	477	698	498	782	619	557	497	353	774	515	442	625	711	731	0	524	436	723	432	603	338	584	444	793	471	759	799	
519	611	302	361	647	486	580	573	711	767	328	595	742	456	586	484	781	791	314	547	358	522	766	730	437	322	644	629	751	506	334	663	334	623	670	359	499	769	615	581	752	639	521	438	743	711	329	427	524	0	542	525	695	696	481	594	573	694	422	638	497	
309	388	437	518	634	669	533	358	632	617	618	389	353	757	762	541	420	367	480	612	433	471	342	388	557	666	409	632	473	557	453	337	738	354	491	325	742	701	432	628	487	662	744	391	725	372	612	659	436	542	0	684	681	765	644	420	406	428	786	637	686	
446	310	703	557	356	444	631	711	695	566	598	554	549	653	389	369	557	781	440	330	467	410	595	341	716	445	370	445	331	443	354	752	432	654	696	630	358	746	562	774	487	490	674	673	786	483	669	416	723	525	684	0	518	715	793	350	690	772	518	557	420	
325	777	304	621	597	371	662	419	616	405	359	332	680	496	497	597	596	698	366	447	742	670	486	719	473	678	549	390	698	672	603	758	740	329	482	601	357	601	760	384	353	494	388	726	534	764	478	459	432	695	681	518	0	504	491	691	372	675	587	687	323	
404	664	320	743	677	525	636	324	607	524	530	300	328	407	621	456	570	547	486	341	407	791	328	401	606	422	799	476	641	661	620	480	672	526	485	774	529	532	547	531	623	616	732	671	452	748	681	662	603	696	765	715	504	0	412	616	664	768	765	499	616	
491	752	503	405	320	532	468	518	639	373	405	314	644	629	631	440	573	797	753	484	311	768	552	360	656	382	625	615	494	761	361	767	647	559	332	520	431	548	790	751	607	711	369	616	325	338	406	469	338	481	644	793	491	412	0	479	648	799	362	790	517	
467	514	654	587	786	357	678	302	355	652	698	463	645	714	717	615	457	680	531	701	331	311	664	762	341	354	526	377	307	763	322	357	697	319	339	653	336	382	737	497	572	303	720	358	468	719	384	765	584	594	420	350	691	616	479	0	766	451	595	489	574	
731	742	738	688	665	716	712	500	324	446	336	520	749	465	762	609	511	322	558	445	668	334	645	322	518	465	745	562	300	766	595	712	668	685	328	757	334	315	521	467	632	357	411	454	352	574	645	530	444	573	406	690	372	664	648	766	0	479	625	759	760	
463	651	718	328	781	692	304	303	577	543	404	635	329	464	398	382	523	437	497	743	454	689	511	375	580	399	608	408	429	484	301	755	456	497	343	729	593	326	486	636	599	486	581	396	782	540	372	543	793	694	428	772	675	768	799	451	479	0	379	302	456	
432	448	448	598	494	751	636	634	609	533	687	712	771	549	698	799	588	533	750	687	350	607	701	620	366	681	512	517	791	322	415	338	357	764	318	416	783	374	319	687	750	573	457	792	322	332	573	597	471	422	786	518	587	765	362	595	625	379	0	382	740	
670	304	310	450	458	589	599	462	440	458	614	391	682	674	605	605	794	542	731	739	518	791	370	419	351	767	350	632	545	577	456	687	655	617	466	523	615	769	566	371	729	367	730	737	736	733	585	449	759	638	637	557	687	499	790	489	759	302	382	0	546	
371	763	358	666	696	439	328	321	681	767	363	479	677	547	799	377	605	348	726	771	745	723	447	524	304	468	537	675	497	791	364	556	685	725	592	567	557	598	343	366	415	321	666	703	362	572	555	445	799	497	686	420	323	616	517	574	760	456	740	546	0	
etats
Id_Station	Poids W	Min (P)	WSPT	Priorité	
1	4	300	33,33	1	
2	8	302	33,56	2	
3	1	303	33,67	3	
4	1	306	34,00	4	
5	2	310	34,44	5	
6	8	315	35,00	6	
7	3	300	37,50	7	
8	2	303	37,88	8	
9	4	305	38,13	9	
10	2	308	38,50	10	
11	8	310	38,75	11	
12	1	310	38,75	12	
13	6	313	39,13	13	
14	5	328	41,00	14	
15	1	300	42,86	15	
16	2	302	43,14	16	
17	8	302	43,14	17	
18	5	303	43,29	18	
19	2	304	43,43	19	
20	1	300	50,00	20	
21	8	301	50,17	21	
22	6	301	50,17	22	
23	6	304	50,67	23	
24	1	309	51,50	24	
25	3	313	52,17	25	
26	5	317	52,83	26	
27	7	320	53,33	27	
28	1	300	60,00	28	
29	7	300	60,00	29	
30	9	300	60,00	30	
31	8	300	60,00	31	
32	2	304	60,80	32	
33	8	311	62,20	33	
34	1	327	65,40	34	
35	2	300	75,00	35	
36	6	300	75,00	36	
37	5	301	75,25	37	
38	8	304	76,00	38	
39	2	304	76,00	39	
40	1	304	76,00	40	
41	7	319	79,75	41	
42	9	320	80,00	42	
43	5	337	84,25	43	
44	7	300	100,00	44	
45	1	300	100,00	45	
46	1	302	100,67	46	
47	1	301	150,50	47	
48	2	303	151,50	48	
49	1	304	152,00	49	
50	6	306	153,00	50	
51	1	315	157,50	51	
52	1	317	158,50	52	
53	8	325	162,50	53	
54	1	300	300,00	54	
55	6	301	301,00	55	
56	7	302	302,00	56	
57	1	303	303,00	57	
58	1	304	304,00	58	
59	1	316	316,00	59	
60	9	329	329,00	60	

