distances
0	516	549	704	734	709	502	443	303	402	576	679	758	333	700	722	537	611	467	512	699	605	632	743	746	644	533	477	561	676	608	791	705	655	597	706	495	563	658	691	728	406	695	412	634	733	504	553	525	785	559	607	494	753	638	453	362	761	641	604	382	
516	0	761	327	653	473	618	359	373	314	747	687	791	774	597	692	743	598	439	412	649	448	592	682	558	625	677	601	640	755	378	310	720	702	484	603	561	680	415	741	311	384	434	625	385	380	497	780	350	426	753	310	428	599	433	394	440	669	628	488	345	
549	761	0	428	536	360	473	640	505	410	411	344	489	686	421	722	701	664	478	306	474	408	387	728	775	740	577	554	456	365	645	724	560	587	391	434	585	564	702	398	778	501	744	618	683	311	715	316	458	529	342	466	455	389	782	555	618	714	446	437	415	
704	327	428	0	558	751	534	492	531	678	540	645	763	519	757	536	446	662	485	591	579	515	694	761	600	723	626	779	492	481	352	666	513	391	388	562	581	386	486	554	439	684	562	785	463	592	418	739	539	308	667	732	751	720	746	366	575	476	308	535	370	
734	653	536	558	0	378	361	301	319	540	726	354	303	354	731	778	502	427	626	336	690	643	684	597	715	550	426	444	526	622	412	564	675	450	685	565	412	547	430	424	736	629	314	471	637	317	592	637	395	682	658	359	492	300	581	376	582	342	449	663	379	
709	473	360	751	378	0	327	745	706	709	395	440	562	423	502	692	573	501	455	793	434	340	521	716	383	343	756	700	404	632	743	364	684	505	609	679	370	773	602	391	338	482	639	575	394	688	541	617	647	475	536	654	565	521	573	638	478	311	410	485	721	
502	618	473	534	361	327	0	402	673	343	634	679	695	491	695	393	628	753	723	497	383	720	519	362	749	645	457	564	780	760	793	456	603	727	371	437	734	642	737	672	785	607	782	734	671	534	770	315	574	395	731	712	641	798	345	716	759	785	440	487	494	
443	359	640	492	301	745	402	0	715	575	516	765	310	449	360	590	604	414	404	469	382	656	525	367	624	511	535	381	728	501	546	403	583	616	604	300	707	766	789	315	746	553	481	406	461	418	775	405	553	562	344	395	528	318	762	583	669	684	334	563	430	
303	373	505	531	319	706	673	715	0	504	676	521	327	737	389	749	542	648	341	460	766	473	319	660	333	528	774	423	404	791	499	514	742	613	362	598	397	369	426	784	621	470	745	558	673	724	398	449	415	372	477	510	666	741	316	348	350	549	600	536	703	
402	314	410	678	540	709	343	575	504	0	603	364	584	689	350	796	708	496	434	483	418	479	514	459	367	753	415	402	752	301	638	784	784	781	382	502	563	642	423	611	643	317	317	681	316	742	441	497	667	448	407	671	683	710	777	532	344	714	356	451	798	
576	747	411	540	726	395	634	516	676	603	0	761	530	688	592	354	647	447	703	695	583	568	332	551	370	499	556	760	400	572	753	551	440	482	464	605	452	483	558	716	787	366	742	543	640	624	602	513	669	379	448	617	525	450	406	793	435	512	691	346	726	
679	687	344	645	354	440	679	765	521	364	761	0	779	419	658	530	406	756	706	711	619	625	380	650	538	700	370	571	409	713	520	505	675	610	439	516	406	400	793	708	416	585	324	649	414	426	734	387	601	382	663	752	333	347	649	440	564	500	679	446	745	
758	791	489	763	303	562	695	310	327	584	530	779	0	695	418	571	492	751	528	599	706	498	541	669	520	765	322	656	346	706	343	328	704	589	587	747	372	421	515	721	567	566	620	373	548	734	347	788	498	629	787	399	750	594	483	436	589	464	534	714	733	
333	774	686	519	354	423	491	449	737	689	688	419	695	0	337	789	413	406	449	575	665	390	442	575	622	670	399	565	342	640	750	739	348	413	682	482	366	740	321	486	475	548	384	394	316	501	602	751	435	456	527	342	523	427	536	345	681	564	467	766	307	
700	597	421	757	731	502	695	360	389	350	592	658	418	337	0	657	757	595	402	544	776	784	557	603	653	475	440	736	579	319	519	767	380	525	673	710	764	542	683	342	369	673	423	600	491	451	717	332	423	735	386	351	672	344	635	645	358	554	602	717	400	
722	692	722	536	778	692	393	590	749	796	354	530	571	789	657	0	479	468	595	543	775	488	435	364	778	455	321	664	776	437	304	364	647	749	773	783	468	689	795	574	501	546	553	382	446	505	317	714	742	713	613	501	370	323	515	481	689	313	369	582	511	
537	743	701	446	502	573	628	604	542	708	647	406	492	413	757	479	0	787	468	590	508	457	516	418	552	486	533	567	760	471	512	648	313	550	579	594	471	570	343	545	758	495	743	628	439	650	558	658	523	540	379	450	529	627	751	753	725	740	685	515	416	
611	598	664	662	427	501	753	414	648	496	447	756	751	406	595	468	787	0	307	679	628	587	578	654	416	620	370	737	555	393	373	741	429	471	720	409	741	625	452	427	434	324	448	385	316	613	325	301	766	339	309	445	303	332	377	326	407	646	490	783	444	
467	439	478	485	626	455	723	404	341	434	703	706	528	449	402	595	468	307	0	682	598	678	680	691	309	584	348	653	334	366	571	467	661	552	326	677	696	713	553	359	340	498	437	518	737	496	779	432	425	630	612	650	472	534	777	560	651	743	503	555	320	
512	412	306	591	336	793	497	469	460	483	695	711	599	575	544	543	590	679	682	0	579	773	553	326	772	741	564	681	605	502	498	354	451	404	382	695	515	769	679	717	558	598	355	322	684	726	748	710	751	328	428	472	451	793	455	503	493	593	443	760	765	
699	649	474	579	690	434	383	382	766	418	583	619	706	665	776	775	508	628	598	579	0	302	578	770	787	322	726	538	513	760	798	679	677	740	769	308	444	637	354	514	606	326	655	430	407	349	600	529	737	531	549	578	628	678	713	475	740	623	302	476	517	
605	448	408	515	643	340	720	656	473	479	568	625	498	390	784	488	457	587	678	773	302	0	445	660	662	561	373	578	569	558	685	446	654	654	655	745	320	663	780	378	309	540	728	394	760	402	459	537	565	593	331	572	717	711	764	410	503	542	470	512	461	
632	592	387	694	684	521	519	525	319	514	332	380	541	442	557	435	516	578	680	553	578	445	0	789	748	686	571	527	419	316	624	396	580	337	450	448	714	651	363	624	678	528	491	441	588	423	353	677	406	594	405	516	728	705	786	452	342	522	629	739	390	
743	682	728	761	597	716	362	367	660	459	551	650	669	575	603	364	418	654	691	326	770	660	789	0	525	322	365	759	737	469	316	400	639	702	712	732	725	363	543	699	471	729	646	549	582	448	445	463	698	733	618	489	698	574	678	387	538	700	477	685	783	
746	558	775	600	715	383	749	624	333	367	370	538	520	622	653	778	552	416	309	772	787	662	748	525	0	479	604	311	422	461	744	747	394	603	467	647	535	514	369	364	674	514	539	706	325	357	416	536	512	632	702	688	367	792	547	749	370	461	328	485	400	
644	625	740	723	550	343	645	511	528	753	499	700	765	670	475	455	486	620	584	741	322	561	686	322	479	0	716	413	398	420	599	330	416	653	335	335	510	424	457	738	452	485	338	469	388	577	594	310	691	544	476	395	336	616	581	771	509	661	424	559	450	
533	677	577	626	426	756	457	535	774	415	556	370	322	399	440	321	533	370	348	564	726	373	571	365	604	716	0	781	657	790	401	751	777	644	460	761	555	474	619	766	508	379	739	593	631	647	722	583	783	601	374	450	440	493	722	789	753	314	459	429	512	
477	601	554	779	444	700	564	381	423	402	760	571	656	565	736	664	567	737	653	681	538	578	527	759	311	413	781	0	406	315	492	688	710	466	301	570	721	472	382	667	660	336	700	436	460	406	779	720	503	696	353	611	385	735	455	506	499	300	712	726	452	
561	640	456	492	526	404	780	728	404	752	400	409	346	342	579	776	760	555	334	605	513	569	419	737	422	398	657	406	0	405	465	549	478	496	356	527	560	441	604	696	405	544	623	744	530	509	754	465	661	431	633	393	499	372	392	376	465	479	304	393	626	
676	755	365	481	622	632	760	501	791	301	572	713	706	640	319	437	471	393	366	502	760	558	316	469	461	420	790	315	405	0	379	629	704	398	483	691	648	477	616	318	342	708	477	438	504	685	356	662	374	381	613	746	355	456	667	501	543	578	620	652	387	
608	378	645	352	412	743	793	546	499	638	753	520	343	750	519	304	512	373	571	498	798	685	624	316	744	599	401	492	465	379	0	545	562	731	372	495	431	758	523	717	422	503	435	403	312	513	706	458	698	616	307	590	792	696	325	505	552	739	798	541	648	
791	310	724	666	564	364	456	403	514	784	551	505	328	739	767	364	648	741	467	354	679	446	396	400	747	330	751	688	549	629	545	0	539	491	545	581	597	484	746	378	428	301	316	661	636	360	471	585	452	765	308	441	328	640	398	313	431	609	455	720	652	
705	720	560	513	675	684	603	583	742	784	440	675	704	348	380	647	313	429	661	451	677	654	580	639	394	416	777	710	478	704	562	539	0	578	400	468	531	435	580	589	322	408	327	507	467	694	686	477	481	597	697	669	715	768	499	336	393	628	365	381	553	
655	702	587	391	450	505	727	616	613	781	482	610	589	413	525	749	550	471	552	404	740	654	337	702	603	653	644	466	496	398	731	491	578	0	582	701	755	732	606	307	357	796	742	602	792	370	575	328	351	662	505	390	399	480	550	491	713	777	468	445	585	
597	484	391	388	685	609	371	604	362	382	464	439	587	682	673	773	579	720	326	382	769	655	450	712	467	335	460	301	356	483	372	545	400	582	0	432	574	537	774	612	487	754	373	411	339	425	467	648	684	482	402	477	576	664	589	516	442	519	427	512	783	
706	603	434	562	565	679	437	300	598	502	605	516	747	482	710	783	594	409	677	695	308	745	448	732	647	335	761	570	527	691	495	581	468	701	432	0	301	562	759	310	326	409	502	389	612	649	631	477	330	300	799	781	505	469	557	500	385	496	605	677	387	
495	561	585	581	412	370	734	707	397	563	452	406	372	366	764	468	471	741	696	515	444	320	714	725	535	510	555	721	560	648	431	597	531	755	574	301	0	391	537	368	633	416	744	432	435	513	618	769	762	730	527	552	769	773	665	336	641	420	514	400	764	
563	680	564	386	547	773	642	766	369	642	483	400	421	740	542	689	570	625	713	769	637	663	651	363	514	424	474	472	441	477	758	484	435	732	537	562	391	0	575	469	744	321	469	564	312	344	328	542	540	783	644	655	388	517	796	521	796	769	519	435	475	
658	415	702	486	430	602	737	789	426	423	558	793	515	321	683	795	343	452	553	679	354	780	363	543	369	457	619	382	604	616	523	746	580	606	774	759	537	575	0	733	775	341	550	489	795	476	636	568	764	530	426	545	489	442	764	799	557	307	317	480	779	
691	741	398	554	424	391	672	315	784	611	716	708	721	486	342	574	545	427	359	717	514	378	624	699	364	738	766	667	696	318	717	378	589	307	612	310	368	469	733	0	309	692	590	578	595	412	570	751	500	739	780	489	513	730	681	317	792	735	741	565	387	
728	311	778	439	736	338	785	746	621	643	787	416	567	475	369	501	758	434	340	558	606	309	678	471	674	452	508	660	405	342	422	428	322	357	487	326	633	744	775	309	0	321	565	322	739	327	372	406	419	701	693	532	350	315	590	741	637	641	404	561	403	
406	384	501	684	629	482	607	553	470	317	366	585	566	548	673	546	495	324	498	598	326	540	528	729	514	485	379	336	544	708	503	301	408	796	754	409	416	321	341	692	321	0	440	780	337	508	504	629	515	696	593	503	368	488	524	431	486	562	437	571	397	
695	434	744	562	314	639	782	481	745	317	742	324	620	384	423	553	743	448	437	355	655	728	491	646	539	338	739	700	623	477	435	316	327	742	373	502	744	469	550	590	565	440	0	498	525	763	575	694	660	618	658	524	786	356	317	472	434	325	772	426	552	
412	625	618	785	471	575	734	406	558	681	543	649	373	394	600	382	628	385	518	322	430	394	441	549	706	469	593	436	744	438	403	661	507	602	411	389	432	564	489	578	322	780	498	0	634	759	782	341	572	668	448	787	535	750	632	678	717	507	682	662	334	
634	385	683	463	637	394	671	461	673	316	640	414	548	316	491	446	439	316	737	684	407	760	588	582	325	388	631	460	530	504	312	636	467	792	339	612	435	312	795	595	739	337	525	634	0	659	715	474	720	444	574	590	792	675	512	354	671	513	531	519	488	
733	380	311	592	317	688	534	418	724	742	624	426	734	501	451	505	650	613	496	726	349	402	423	448	357	577	647	406	509	685	513	360	694	370	425	649	513	344	476	412	327	508	763	759	659	0	586	523	510	711	641	534	648	537	704	436	714	646	352	381	508	
504	497	715	418	592	541	770	775	398	441	602	734	347	602	717	317	558	325	779	748	600	459	353	445	416	594	722	779	754	356	706	471	686	575	467	631	618	328	636	570	372	504	575	782	715	586	0	759	609	601	337	600	737	647	440	503	396	307	514	765	730	
553	780	316	739	637	617	315	405	449	497	513	387	788	751	332	714	658	301	432	710	529	537	677	463	536	310	583	720	465	662	458	585	477	328	648	477	769	542	568	751	406	629	694	341	474	523	759	0	300	600	399	727	578	437	696	340	309	659	394	751	326	
525	350	458	539	395	647	574	553	415	667	669	601	498	435	423	742	523	766	425	751	737	565	406	698	512	691	783	503	661	374	698	452	481	351	684	330	762	540	764	500	419	515	660	572	720	510	609	300	0	535	425	603	428	488	769	416	384	301	514	757	604	
785	426	529	308	682	475	395	562	372	448	379	382	629	456	735	713	540	339	630	328	531	593	594	733	632	544	601	696	431	381	616	765	597	662	482	300	730	783	530	739	701	696	618	668	444	711	601	600	535	0	627	400	791	477	720	634	722	606	783	578	395	
559	753	342	667	658	536	731	344	477	407	448	663	787	527	386	613	379	309	612	428	549	331	405	618	702	476	374	353	633	613	307	308	697	505	402	799	527	644	426	780	693	593	658	448	574	641	337	399	425	627	0	511	407	678	700	573	617	346	498	317	656	
607	310	466	732	359	654	712	395	510	671	617	752	399	342	351	501	450	445	650	472	578	572	516	489	688	395	450	611	393	746	590	441	669	390	477	781	552	655	545	489	532	503	524	787	590	534	600	727	603	400	511	0	761	705	703	316	655	402	562	305	330	
494	428	455	751	492	565	641	528	666	683	525	333	750	523	672	370	529	303	472	451	628	717	728	698	367	336	440	385	499	355	792	328	715	399	576	505	769	388	489	513	350	368	786	535	792	648	737	578	428	791	407	761	0	582	574	601	754	757	719	475	449	
753	599	389	720	300	521	798	318	741	710	450	347	594	427	344	323	627	332	534	793	678	711	705	574	792	616	493	735	372	456	696	640	768	480	664	469	773	517	442	730	315	488	356	750	675	537	647	437	488	477	678	705	582	0	571	542	499	685	737	524	342	
638	433	782	746	581	573	345	762	316	777	406	649	483	536	635	515	751	377	777	455	713	764	786	678	547	581	722	455	392	667	325	398	499	550	589	557	665	796	764	681	590	524	317	632	512	704	440	696	769	720	700	703	574	571	0	486	674	396	718	365	388	
453	394	555	366	376	638	716	583	348	532	793	440	436	345	645	481	753	326	560	503	475	410	452	387	749	771	789	506	376	501	505	313	336	491	516	500	336	521	799	317	741	431	472	678	354	436	503	340	416	634	573	316	601	542	486	0	446	394	674	578	421	
362	440	618	575	582	478	759	669	350	344	435	564	589	681	358	689	725	407	651	493	740	503	342	538	370	509	753	499	465	543	552	431	393	713	442	385	641	796	557	792	637	486	434	717	671	714	396	309	384	722	617	655	754	499	674	446	0	522	486	608	677	
761	669	714	476	342	311	785	684	549	714	512	500	464	564	554	313	740	646	743	593	623	542	522	700	461	661	314	300	479	578	739	609	628	777	519	496	420	769	307	735	641	562	325	507	513	646	307	659	301	606	346	402	757	685	396	394	522	0	721	579	510	
641	628	446	308	449	410	440	334	600	356	691	679	534	467	602	369	685	490	503	443	302	470	629	477	328	424	459	712	304	620	798	455	365	468	427	605	514	519	317	741	404	437	772	682	531	352	514	394	514	783	498	562	719	737	718	674	486	721	0	379	440	
604	488	437	535	663	485	487	563	536	451	346	446	714	766	717	582	515	783	555	760	476	512	739	685	485	559	429	726	393	652	541	720	381	445	512	677	400	435	480	565	561	571	426	662	519	381	765	751	757	578	317	305	475	524	365	578	608	579	379	0	579	
382	345	415	370	379	721	494	430	703	798	726	745	733	307	400	511	416	444	320	765	517	461	390	783	400	450	512	452	626	387	648	652	553	585	783	387	764	475	779	387	403	397	552	334	488	508	730	326	604	395	656	330	449	342	388	421	677	510	440	579	0	
etats
Id_Station	Poids W	Min (P)	WSPT	Priorité	
1	9	300	33,33	1	
2	8	303	33,67	2	
3	9	304	33,78	3	
4	9	306	34,00	4	
5	7	307	34,11	5	
6	2	326	36,22	6	
7	6	305	38,13	7	
8	2	310	38,75	8	
9	1	312	39,00	9	
10	4	300	42,86	10	
11	7	301	43,00	11	
12	9	302	43,14	12	
13	8	302	43,14	13	
14	6	304	43,43	14	
15	9	307	43,86	15	
16	7	309	44,14	16	
17	6	312	44,57	17	
18	6	313	44,71	18	
19	1	300	50,00	19	
20	1	301	50,17	20	
21	9	302	50,33	21	
22	9	310	51,67	22	
23	4	312	52,00	23	
24	1	332	55,33	24	
25	2	300	60,00	25	
26	5	301	60,20	26	
27	8	302	60,40	27	
28	9	302	60,40	28	
29	1	302	60,40	29	
30	4	303	60,60	30	
31	3	309	61,80	31	
32	5	317	63,40	32	
33	7	319	63,80	33	
34	8	333	66,60	34	
35	7	300	75,00	35	
36	7	304	76,00	36	
37	1	305	76,25	37	
38	8	308	77,00	38	
39	5	309	77,25	39	
40	5	322	80,50	40	
41	8	301	100,33	41	
42	1	304	101,33	42	
43	2	309	103,00	43	
44	3	301	150,50	44	
45	8	302	151,00	45	
46	4	319	159,50	46	
47	7	328	164,00	47	
48	2	301	301,00	48	
49	4	301	301,00	49	
50	1	301	301,00	50	
51	7	303	303,00	51	
52	4	303	303,00	52	
53	6	304	304,00	53	
54	2	304	304,00	54	
55	4	306	306,00	55	
56	8	310	310,00	56	
57	5	312	312,00	57	
58	7	315	315,00	58	
59	5	316	316,00	59	
60	6	330	330,00	60	

