distances
0	691	627	450	434	335	493	345	460	323	764	618	375	396	634	562	686	772	658	685	715	570	437	385	410	375	796	641	476	662	382	716	441	766	337	319	503	391	530	567	463	650	635	549	673	708	444	316	321	648	419	331	646	569	671	526	664	712	624	420	565	
691	0	499	476	343	519	528	787	415	792	370	361	528	542	695	778	360	694	469	538	723	644	348	642	705	618	437	622	688	327	735	449	421	566	457	497	629	434	500	369	445	481	360	329	353	653	645	637	512	560	666	725	535	759	732	322	323	663	737	695	697	
627	499	0	795	719	778	717	783	405	443	457	724	620	630	771	606	333	314	569	318	575	329	782	627	741	713	780	612	427	520	587	377	770	443	326	620	444	342	375	457	443	388	349	555	482	754	526	445	793	382	606	351	560	586	393	390	692	345	338	418	443	
450	476	795	0	567	629	550	430	525	462	606	588	577	649	598	652	540	414	512	779	310	653	794	303	307	308	550	674	424	505	642	525	780	721	625	509	734	458	787	361	369	624	779	674	672	774	417	692	755	636	395	624	402	625	378	636	537	719	483	733	586	
434	343	719	567	0	318	344	797	654	385	364	517	576	316	343	752	612	743	337	731	751	359	311	540	315	511	403	353	624	581	403	712	369	761	451	586	472	454	459	317	481	537	435	669	562	518	533	465	565	324	759	539	728	790	713	400	572	738	385	583	739	
335	519	778	629	318	0	491	420	552	339	417	503	352	661	426	782	622	305	381	438	531	568	547	630	558	687	733	589	537	553	790	622	603	708	775	601	396	522	339	409	624	722	562	392	425	737	552	671	355	709	746	738	483	570	758	353	434	719	347	348	692	
493	528	717	550	344	491	0	398	406	767	593	382	359	314	702	612	609	358	572	706	576	740	399	493	537	676	335	306	330	308	350	589	374	692	535	780	633	432	590	766	443	637	572	729	435	570	715	664	710	306	429	492	322	670	791	345	554	510	429	399	585	
345	787	783	430	797	420	398	0	378	681	578	531	447	643	586	662	624	784	716	449	751	569	366	343	343	791	314	651	759	633	736	330	462	635	516	667	695	474	714	379	565	531	564	306	383	480	369	547	702	388	706	381	433	671	313	679	788	436	516	353	417	
460	415	405	525	654	552	406	378	0	649	551	426	348	320	608	509	328	687	430	608	463	659	721	519	675	573	686	425	399	555	435	381	651	626	396	424	415	673	728	344	385	717	410	677	601	399	591	584	746	716	489	471	707	564	442	718	508	369	656	458	545	
323	792	443	462	385	339	767	681	649	0	372	602	557	506	588	558	329	756	581	374	335	564	788	349	764	454	322	307	799	504	463	689	575	754	723	697	651	348	384	762	632	437	638	793	534	766	531	538	615	568	428	504	437	392	617	363	407	770	716	524	715	
764	370	457	606	364	417	593	578	551	372	0	496	513	570	512	513	446	635	388	436	515	590	492	620	346	603	758	652	390	752	365	607	371	392	307	624	414	591	389	686	403	349	327	578	477	797	313	371	652	748	798	527	796	550	783	520	473	708	317	482	500	
618	361	724	588	517	503	382	531	426	602	496	0	747	334	745	724	799	476	450	460	701	661	397	398	776	493	638	535	613	648	413	787	337	306	778	698	494	709	667	382	384	790	605	685	338	439	396	581	472	327	572	689	793	396	580	433	623	458	599	653	696	
375	528	620	577	576	352	359	447	348	557	513	747	0	350	422	388	718	648	723	765	304	646	517	636	723	680	607	732	448	619	548	537	707	416	667	677	447	657	658	534	378	769	679	585	710	626	473	380	708	752	558	342	312	586	798	344	753	374	550	799	361	
396	542	630	649	316	661	314	643	320	506	570	334	350	0	469	430	536	780	607	438	746	701	684	568	738	664	488	729	795	579	574	774	301	662	554	773	471	588	336	664	316	525	418	441	622	482	679	572	442	573	348	489	545	793	368	594	621	397	474	542	537	
634	695	771	598	343	426	702	586	608	588	512	745	422	469	0	671	690	620	591	708	602	732	711	509	625	704	339	469	374	317	517	378	574	394	568	350	373	442	713	711	393	538	579	779	343	565	339	665	738	660	622	653	392	398	492	669	685	757	555	755	628	
562	778	606	652	752	782	612	662	509	558	513	724	388	430	671	0	750	563	383	720	300	590	303	330	340	376	540	766	584	435	364	741	518	349	443	750	763	629	710	767	486	343	378	774	749	604	538	314	489	305	363	434	585	783	704	562	539	528	317	315	388	
686	360	333	540	612	622	609	624	328	329	446	799	718	536	690	750	0	567	701	636	778	603	773	502	316	655	320	426	388	445	400	715	623	460	692	669	713	306	600	412	324	538	690	349	689	625	431	586	658	377	465	393	627	465	385	704	505	513	683	461	726	
772	694	314	414	743	305	358	784	687	756	635	476	648	780	620	563	567	0	567	407	649	300	428	584	574	640	441	419	792	670	653	548	414	412	515	399	779	536	308	791	634	760	447	797	764	614	653	450	549	312	596	553	501	740	736	711	304	433	519	334	364	
658	469	569	512	337	381	572	716	430	581	388	450	723	607	591	383	701	567	0	329	616	461	393	784	514	454	483	789	500	746	764	575	769	317	579	319	567	665	489	720	614	597	796	467	584	416	453	743	342	350	486	647	542	518	314	647	687	328	699	637	496	
685	538	318	779	731	438	706	449	608	374	436	460	765	438	708	720	636	407	329	0	503	769	520	410	771	672	410	469	585	578	453	689	597	334	334	305	637	669	405	612	312	439	648	439	613	604	703	718	683	729	485	561	376	589	603	760	461	767	454	366	350	
715	723	575	310	751	531	576	751	463	335	515	701	304	746	602	300	778	649	616	503	0	314	559	725	435	361	488	356	762	648	638	496	321	604	320	566	316	670	555	391	780	484	529	476	386	584	484	669	495	412	576	432	699	527	734	640	698	656	325	486	759	
570	644	329	653	359	568	740	569	659	564	590	661	646	701	732	590	603	300	461	769	314	0	516	773	754	442	377	504	393	357	647	681	484	530	450	629	586	338	554	307	522	725	300	482	771	686	689	395	345	769	530	478	368	687	355	528	717	365	377	716	309	
437	348	782	794	311	547	399	366	721	788	492	397	517	684	711	303	773	428	393	520	559	516	0	356	623	787	773	624	789	598	510	339	490	375	400	737	719	615	449	537	640	356	346	438	406	680	588	662	427	763	784	673	490	621	530	325	724	524	615	585	354	
385	642	627	303	540	630	493	343	519	349	620	398	636	568	509	330	502	584	784	410	725	773	356	0	346	626	584	328	619	428	482	694	606	702	538	737	359	519	351	537	326	336	468	443	593	570	376	650	767	693	490	546	345	535	443	381	733	531	747	376	305	
410	705	741	307	315	558	537	343	675	764	346	776	723	738	625	340	316	574	514	771	435	754	623	346	0	630	301	590	698	552	621	393	433	461	300	318	571	459	726	544	574	736	776	338	451	724	462	320	619	593	407	686	302	654	723	332	794	436	761	701	596	
375	618	713	308	511	687	676	791	573	454	603	493	680	664	704	376	655	640	454	672	361	442	787	626	630	0	375	431	504	571	693	588	337	530	731	302	616	349	571	622	776	517	303	351	658	468	593	582	428	614	471	476	664	612	783	681	754	669	408	697	432	
796	437	780	550	403	733	335	314	686	322	758	638	607	488	339	540	320	441	483	410	488	377	773	584	301	375	0	433	537	524	621	489	327	712	646	476	435	702	737	379	402	319	469	648	312	747	526	783	625	792	751	580	783	373	380	710	644	620	564	700	722	
641	622	612	674	353	589	306	651	425	307	652	535	732	729	469	766	426	419	789	469	356	504	624	328	590	431	433	0	496	701	783	359	337	546	531	703	774	724	428	395	578	543	435	439	528	616	753	676	488	542	582	452	655	568	387	402	448	743	525	728	603	
476	688	427	424	624	537	330	759	399	799	390	613	448	795	374	584	388	792	500	585	762	393	789	619	698	504	537	496	0	696	323	788	582	655	772	464	444	513	410	478	764	763	579	614	588	557	667	589	418	747	608	684	783	573	602	497	497	322	784	439	722	
662	327	520	505	581	553	308	633	555	504	752	648	619	579	317	435	445	670	746	578	648	357	598	428	552	571	524	701	696	0	689	495	382	323	485	599	351	599	376	732	577	641	490	511	605	792	342	460	755	466	308	393	417	599	467	450	719	797	683	306	431	
382	735	587	642	403	790	350	736	435	463	365	413	548	574	517	364	400	653	764	453	638	647	510	482	621	693	621	783	323	689	0	790	792	715	417	560	746	526	315	589	685	506	670	333	562	496	758	337	749	716	786	378	761	505	569	407	411	644	616	506	476	
716	449	377	525	712	622	589	330	381	689	607	787	537	774	378	741	715	548	575	689	496	681	339	694	393	588	489	359	788	495	790	0	316	403	594	665	637	751	409	458	573	522	521	729	538	343	767	517	718	731	723	550	522	435	378	426	430	539	477	383	643	
441	421	770	780	369	603	374	462	651	575	371	337	707	301	574	518	623	414	769	597	321	484	490	606	433	337	327	337	582	382	792	316	0	732	783	763	401	340	382	627	791	613	399	608	311	595	324	406	745	464	665	301	334	404	739	300	492	768	555	322	353	
766	566	443	721	761	708	692	635	626	754	392	306	416	662	394	349	460	412	317	334	604	530	375	702	461	530	712	546	655	323	715	403	732	0	487	545	763	488	451	333	673	444	499	794	728	554	418	304	455	606	486	699	652	545	459	549	379	696	479	385	573	
337	457	326	625	451	775	535	516	396	723	307	778	667	554	568	443	692	515	579	334	320	450	400	538	300	731	646	531	772	485	417	594	783	487	0	716	323	773	471	615	523	454	470	533	555	321	507	468	717	599	343	767	468	491	417	301	477	698	678	669	545	
319	497	620	509	586	601	780	667	424	697	624	698	677	773	350	750	669	399	319	305	566	629	737	737	318	302	476	703	464	599	560	665	763	545	716	0	406	668	407	454	489	308	360	370	428	350	319	500	605	449	434	522	680	663	747	711	452	654	326	576	642	
503	629	444	734	472	396	633	695	415	651	414	494	447	471	373	763	713	779	567	637	316	586	719	359	571	616	435	774	444	351	746	637	401	763	323	406	0	773	616	382	589	654	660	530	733	578	753	588	771	450	468	630	567	333	711	703	509	798	492	771	465	
391	434	342	458	454	522	432	474	673	348	591	709	657	588	442	629	306	536	665	669	670	338	615	519	459	349	702	724	513	599	526	751	340	488	773	668	773	0	392	589	321	435	792	759	529	583	663	409	581	539	314	694	603	741	576	738	706	354	486	568	491	
530	500	375	787	459	339	590	714	728	384	389	667	658	336	713	710	600	308	489	405	555	554	449	351	726	571	737	428	410	376	315	409	382	451	471	407	616	392	0	653	334	395	436	536	471	781	446	587	689	396	547	733	666	613	596	423	487	717	469	756	516	
567	369	457	361	317	409	766	379	344	762	686	382	534	664	711	767	412	791	720	612	391	307	537	537	544	622	379	395	478	732	589	458	627	333	615	454	382	589	653	0	674	366	338	553	749	503	339	353	458	305	770	796	504	636	364	435	711	497	732	538	699	
463	445	443	369	481	624	443	565	385	632	403	384	378	316	393	486	324	634	614	312	780	522	640	326	574	776	402	578	764	577	685	573	791	673	523	489	589	321	334	674	0	729	412	550	691	499	461	407	343	341	495	648	330	730	304	658	338	654	438	504	628	
650	481	388	624	537	722	637	531	717	437	349	790	769	525	538	343	538	760	597	439	484	725	356	336	736	517	319	543	763	641	506	522	613	444	454	308	654	435	395	366	729	0	425	639	381	708	400	661	744	403	715	678	417	668	435	601	340	594	546	316	322	
635	360	349	779	435	562	572	564	410	638	327	605	679	418	579	378	690	447	796	648	529	300	346	468	776	303	469	435	579	490	670	521	399	499	470	360	660	792	436	338	412	425	0	759	351	614	699	354	607	799	584	342	503	714	325	409	499	674	300	543	460	
549	329	555	674	669	392	729	306	677	793	578	685	585	441	779	774	349	797	467	439	476	482	438	443	338	351	648	439	614	511	333	729	608	794	533	370	530	759	536	553	550	639	759	0	482	366	559	402	568	440	423	668	658	317	513	554	609	434	642	544	453	
673	353	482	672	562	425	435	383	601	534	477	338	710	622	343	749	689	764	584	613	386	771	406	593	451	658	312	528	588	605	562	538	311	728	555	428	733	529	471	749	691	381	351	482	0	324	653	783	312	555	750	569	368	572	512	626	378	365	373	640	475	
708	653	754	774	518	737	570	480	399	766	797	439	626	482	565	604	625	614	416	604	584	686	680	570	724	468	747	616	557	792	496	343	595	554	321	350	578	583	781	503	499	708	614	366	324	0	416	592	408	312	513	395	563	727	766	346	304	430	508	688	402	
444	645	526	417	533	552	715	369	591	531	313	396	473	679	339	538	431	653	453	703	484	689	588	376	462	593	526	753	667	342	758	767	324	418	507	319	753	663	446	339	461	400	699	559	653	416	0	777	370	480	658	352	346	416	555	513	733	553	605	741	429	
316	637	445	692	465	671	664	547	584	538	371	581	380	572	665	314	586	450	743	718	669	395	662	650	320	582	783	676	589	460	337	517	406	304	468	500	588	409	587	353	407	661	354	402	783	592	777	0	524	747	792	432	754	398	346	428	505	787	595	793	621	
321	512	793	755	565	355	710	702	746	615	652	472	708	442	738	489	658	549	342	683	495	345	427	767	619	428	625	488	418	755	749	718	745	455	717	605	771	581	689	458	343	744	607	568	312	408	370	524	0	753	551	453	525	400	357	381	604	601	617	392	626	
648	560	382	636	324	709	306	388	716	568	748	327	752	573	660	305	377	312	350	729	412	769	763	693	593	614	792	542	747	466	716	731	464	606	599	449	450	539	396	305	341	403	799	440	555	312	480	747	753	0	310	329	595	721	671	651	448	555	504	340	357	
419	666	606	395	759	746	429	706	489	428	798	572	558	348	622	363	465	596	486	485	576	530	784	490	407	471	751	582	608	308	786	723	665	486	343	434	468	314	547	770	495	715	584	423	750	513	658	792	551	310	0	712	639	678	377	642	519	629	734	775	799	
331	725	351	624	539	738	492	381	471	504	527	689	342	489	653	434	393	553	647	561	432	478	673	546	686	476	580	452	684	393	378	550	301	699	767	522	630	694	733	796	648	678	342	668	569	395	352	432	453	329	712	0	533	477	332	593	772	433	398	326	624	
646	535	560	402	728	483	322	433	707	437	796	793	312	545	392	585	627	501	542	376	699	368	490	345	302	664	783	655	783	417	761	522	334	652	468	680	567	603	666	504	330	417	503	658	368	563	346	754	525	595	639	533	0	762	713	519	371	441	718	396	625	
569	759	586	625	790	570	670	671	564	392	550	396	586	793	398	783	465	740	518	589	527	687	621	535	654	612	373	568	573	599	505	435	404	545	491	663	333	741	613	636	730	668	714	317	572	727	416	398	400	721	678	477	762	0	519	531	320	794	347	491	796	
671	732	393	378	713	758	791	313	442	617	783	580	798	368	492	704	385	736	314	603	734	355	530	443	723	783	380	387	602	467	569	378	739	459	417	747	711	576	596	364	304	435	325	513	512	766	555	346	357	671	377	332	713	519	0	307	568	542	566	614	760	
526	322	390	636	400	353	345	679	718	363	520	433	344	594	669	562	704	711	647	760	640	528	325	381	332	681	710	402	497	450	407	426	300	549	301	711	703	738	423	435	658	601	409	554	626	346	513	428	381	651	642	593	519	531	307	0	448	300	472	528	340	
664	323	692	537	572	434	554	788	508	407	473	623	753	621	685	539	505	304	687	461	698	717	724	733	794	754	644	448	497	719	411	430	492	379	477	452	509	706	487	711	338	340	499	609	378	304	733	505	604	448	519	772	371	320	568	448	0	717	703	765	347	
712	663	345	719	738	719	510	436	369	770	708	458	374	397	757	528	513	433	328	767	656	365	524	531	436	669	620	743	322	797	644	539	768	696	698	654	798	354	717	497	654	594	674	434	365	430	553	787	601	555	629	433	441	794	542	300	717	0	737	718	791	
624	737	338	483	385	347	429	516	656	716	317	599	550	474	555	317	683	519	699	454	325	377	615	747	761	408	564	525	784	683	616	477	555	479	678	326	492	486	469	732	438	546	300	642	373	508	605	595	617	504	734	398	718	347	566	472	703	737	0	648	657	
420	695	418	733	583	348	399	353	458	524	482	653	799	542	755	315	461	334	637	366	486	716	585	376	701	697	700	728	439	306	506	383	322	385	669	576	771	568	756	538	504	316	543	544	640	688	741	793	392	340	775	326	396	491	614	528	765	718	648	0	555	
565	697	443	586	739	692	585	417	545	715	500	696	361	537	628	388	726	364	496	350	759	309	354	305	596	432	722	603	722	431	476	643	353	573	545	642	465	491	516	699	628	322	460	453	475	402	429	621	626	357	799	624	625	796	760	340	347	791	657	555	0	
etats
Id_Station	Poids W	Min (P)	WSPT	Priorité	
1	9	301	33,44	1	
2	1	302	33,56	2	
3	8	305	33,89	3	
4	8	305	33,89	4	
5	1	306	34,00	5	
6	1	309	34,33	6	
7	7	309	34,33	7	
8	3	316	35,11	8	
9	8	318	35,33	9	
10	1	339	37,67	10	
11	2	306	38,25	11	
12	1	306	38,25	12	
13	2	317	39,63	13	
14	7	317	39,63	14	
15	2	302	43,14	15	
16	4	302	43,14	16	
17	3	303	43,29	17	
18	1	304	43,43	18	
19	1	305	43,57	19	
20	2	305	43,57	20	
21	5	309	44,14	21	
22	3	300	50,00	22	
23	7	300	50,00	23	
24	6	300	50,00	24	
25	2	300	50,00	25	
26	3	309	51,50	26	
27	9	311	51,83	27	
28	1	323	53,83	28	
29	1	300	60,00	29	
30	5	305	61,00	30	
31	5	331	66,20	31	
32	8	320	80,00	32	
33	1	322	80,50	33	
34	1	300	100,00	34	
35	4	302	100,67	35	
36	1	303	101,00	36	
37	3	303	101,00	37	
38	8	309	103,00	38	
39	9	319	106,33	39	
40	4	319	106,33	40	
41	5	319	106,33	41	
42	8	329	109,67	42	
43	1	302	151,00	43	
44	1	304	152,00	44	
45	5	308	154,00	45	
46	9	309	154,50	46	
47	7	310	155,00	47	
48	3	311	155,50	48	
49	5	321	160,50	49	
50	3	303	303,00	50	
51	9	304	304,00	51	
52	1	304	304,00	52	
53	9	305	305,00	53	
54	4	312	312,00	54	
55	1	312	312,00	55	
56	6	313	313,00	56	
57	4	314	314,00	57	
58	1	316	316,00	58	
59	4	319	319,00	59	
60	9	334	334,00	60	

