distances
0	464	699	548	449	751	619	770	518	339	753	656	455	406	420	383	416	514	320	592	750	698	358	348	767	550	366	501	678	400	709	358	332	589	701	561	482	652	662	321	587	792	619	596	609	376	660	440	651	318	457	796	323	657	708	798	520	422	404	399	517	
464	0	659	430	480	430	598	575	658	455	420	595	499	631	666	352	647	777	498	741	324	771	355	748	635	622	457	488	349	392	656	794	741	534	646	612	343	427	470	704	485	621	435	657	518	493	738	714	750	371	483	405	521	480	521	441	358	798	375	354	735	
699	659	0	349	782	676	723	581	382	443	717	379	579	430	514	337	690	756	379	718	671	766	406	691	776	397	561	424	717	409	689	513	572	437	781	541	754	622	355	427	523	397	583	328	526	374	776	514	689	366	417	576	470	364	755	348	368	728	764	354	536	
548	430	349	0	429	552	774	517	735	349	451	335	781	734	488	563	388	736	555	372	540	789	745	679	426	476	632	637	385	560	619	396	753	716	755	340	438	649	783	301	678	373	369	516	454	511	782	741	633	492	417	726	746	603	642	487	530	620	381	737	485	
449	480	782	429	0	599	799	478	630	307	650	351	628	662	483	670	542	692	712	361	720	392	478	546	404	496	703	482	717	548	355	750	476	340	311	325	761	701	712	452	576	394	356	750	630	733	437	408	410	416	727	365	312	714	444	489	326	345	742	789	359	
751	430	676	552	599	0	709	724	468	425	428	603	747	786	723	556	627	388	439	570	670	447	339	367	585	687	493	572	359	644	393	665	342	397	365	366	508	309	538	333	626	786	659	580	787	490	587	431	598	679	520	684	381	776	515	545	641	305	613	330	376	
619	598	723	774	799	709	0	626	706	347	744	533	526	587	476	676	403	539	729	328	504	473	388	414	384	753	389	654	762	319	798	478	510	612	422	600	569	794	666	462	633	779	534	608	352	339	658	777	537	563	546	410	639	513	328	442	398	696	597	522	547	
770	575	581	517	478	724	626	0	793	729	722	727	493	425	539	518	582	389	371	660	570	762	455	466	483	504	592	701	317	409	577	773	645	533	495	677	715	795	569	426	634	523	307	328	657	701	662	366	332	518	795	638	576	486	413	522	370	656	619	591	379	
518	658	382	735	630	468	706	793	0	531	788	363	679	587	794	364	535	534	675	550	563	642	498	492	756	494	649	533	384	764	341	437	711	598	493	443	463	754	582	736	773	793	619	719	377	333	662	408	305	548	496	661	375	766	641	766	666	457	647	703	738	
339	455	443	349	307	425	347	729	531	0	795	457	505	490	544	550	607	368	609	549	440	737	565	625	654	502	640	421	686	716	670	583	531	651	774	455	752	691	760	439	722	692	712	753	701	429	395	571	541	339	607	387	688	743	579	313	416	785	350	572	534	
753	420	717	451	650	428	744	722	788	795	0	784	413	669	567	411	457	353	798	788	396	305	406	377	315	610	341	503	491	792	716	513	596	353	797	504	636	352	708	499	467	390	606	466	578	400	323	651	487	616	501	533	362	720	360	640	335	545	395	656	514	
656	595	379	335	351	603	533	727	363	457	784	0	311	528	710	532	535	443	451	702	492	326	401	555	678	608	639	399	776	774	514	543	480	606	700	319	783	757	665	641	722	599	584	779	766	450	557	427	324	665	736	543	464	313	793	355	528	567	475	490	792	
455	499	579	781	628	747	526	493	679	505	413	311	0	703	703	774	760	633	477	422	492	713	359	550	545	369	417	323	306	680	597	567	448	370	579	457	406	368	306	607	522	628	560	431	628	790	766	381	436	745	544	751	695	664	622	703	420	719	485	565	692	
406	631	430	734	662	786	587	425	587	490	669	528	703	0	344	512	462	762	483	657	536	349	744	514	382	663	484	559	523	377	685	397	701	536	693	761	473	426	546	466	418	500	528	300	309	617	489	781	452	643	524	720	398	360	408	495	313	575	593	301	793	
420	666	514	488	483	723	476	539	794	544	567	710	703	344	0	329	739	792	346	346	733	669	749	553	798	584	547	591	742	495	641	568	607	335	541	518	590	527	641	357	753	483	582	434	594	512	675	614	405	564	498	371	546	645	796	773	764	690	305	458	329	
383	352	337	563	670	556	676	518	364	550	411	532	774	512	329	0	619	555	317	746	680	767	745	533	494	707	451	370	335	477	497	683	569	760	720	658	383	772	305	517	545	723	602	607	440	308	427	658	785	732	745	588	623	607	446	766	385	430	713	499	642	
416	647	690	388	542	627	403	582	535	607	457	535	760	462	739	619	0	369	739	597	649	751	656	566	399	328	658	307	318	442	470	652	484	689	325	782	459	746	585	361	599	395	448	524	772	578	380	629	496	608	428	589	691	776	763	667	699	728	407	772	676	
514	777	756	736	692	388	539	389	534	368	353	443	633	762	792	555	369	0	348	328	499	619	578	679	465	503	722	407	518	402	302	336	674	670	693	437	715	725	535	730	305	355	591	425	394	558	570	441	515	519	542	544	758	723	596	649	412	715	502	412	761	
320	498	379	555	712	439	729	371	675	609	798	451	477	483	346	317	739	348	0	790	431	787	365	360	493	613	468	323	651	304	667	463	702	758	783	726	771	737	639	568	570	412	628	551	452	733	541	569	500	534	627	741	443	690	497	437	564	453	793	660	657	
592	741	718	372	361	570	328	660	550	549	788	702	422	657	346	746	597	328	790	0	639	450	548	658	645	645	738	660	686	365	390	650	729	674	457	438	597	496	707	510	398	659	662	675	483	451	330	791	723	521	387	576	325	462	674	795	455	337	392	798	738	
750	324	671	540	720	670	504	570	563	440	396	492	492	536	733	680	649	499	431	639	0	648	523	641	427	467	512	406	767	379	779	396	650	714	467	577	630	583	552	650	597	569	380	347	424	530	737	540	519	321	557	450	729	455	369	559	336	653	601	455	408	
698	771	766	789	392	447	473	762	642	737	305	326	713	349	669	767	751	619	787	450	648	0	605	358	415	625	624	607	762	526	560	364	676	475	710	676	625	539	562	675	798	654	796	541	764	571	651	364	347	595	383	758	578	342	390	648	557	497	330	557	670	
358	355	406	745	478	339	388	455	498	565	406	401	359	744	749	745	656	578	365	548	523	605	0	796	624	304	324	632	389	725	572	695	704	739	691	309	534	696	681	428	427	335	383	708	627	588	341	474	427	555	459	420	497	462	501	532	445	717	398	371	527	
348	748	691	679	546	367	414	466	492	625	377	555	550	514	553	533	566	679	360	658	641	358	796	0	489	759	433	443	381	656	454	742	459	490	756	544	669	515	794	578	598	678	320	537	793	373	743	427	687	449	583	344	353	391	448	726	773	367	329	532	360	
767	635	776	426	404	585	384	483	756	654	315	678	545	382	798	494	399	465	493	645	427	415	624	489	0	327	388	573	572	455	789	343	483	428	658	414	610	484	581	781	370	563	356	418	649	745	770	627	687	726	561	530	792	738	560	750	764	547	519	606	719	
550	622	397	476	496	687	753	504	494	502	610	608	369	663	584	707	328	503	613	645	467	625	304	759	327	0	650	400	616	683	453	647	620	686	498	637	508	681	399	558	310	708	585	453	789	559	529	449	451	467	389	671	749	467	612	438	436	794	623	417	661	
366	457	561	632	703	493	389	592	649	640	341	639	417	484	547	451	658	722	468	738	512	624	324	433	388	650	0	700	644	383	441	732	523	737	697	493	760	523	616	313	397	338	707	670	594	591	751	382	699	474	472	657	547	687	764	469	406	389	730	314	612	
501	488	424	637	482	572	654	701	533	421	503	399	323	559	591	370	307	407	323	660	406	607	632	443	573	400	700	0	361	789	752	568	507	504	711	576	302	784	477	720	539	790	472	580	602	684	519	354	729	577	742	756	708	497	671	785	403	616	561	496	495	
678	349	717	385	717	359	762	317	384	686	491	776	306	523	742	335	318	518	651	686	767	762	389	381	572	616	644	361	0	796	628	560	495	751	685	620	382	786	724	509	494	781	642	591	782	511	459	708	316	586	670	339	446	521	635	444	378	446	625	459	381	
400	392	409	560	548	644	319	409	764	716	792	774	680	377	495	477	442	402	304	365	379	526	725	656	455	683	383	789	796	0	617	555	706	606	635	784	441	745	487	415	580	345	648	550	384	695	443	759	743	437	576	340	596	380	695	785	502	735	536	602	571	
709	656	689	619	355	393	798	577	341	670	716	514	597	685	641	497	470	302	667	390	779	560	572	454	789	453	441	752	628	617	0	315	545	710	311	454	549	767	699	580	679	620	482	586	669	568	642	560	697	685	385	639	627	350	689	735	468	714	404	760	402	
358	794	513	396	750	665	478	773	437	583	513	543	567	397	568	683	652	336	463	650	396	364	695	742	343	647	732	568	560	555	315	0	462	683	443	660	562	629	582	658	771	404	343	489	560	732	362	666	765	522	314	483	315	334	772	727	310	507	428	538	497	
332	741	572	753	476	342	510	645	711	531	596	480	448	701	607	569	484	674	702	729	650	676	704	459	483	620	523	507	495	706	545	462	0	557	343	577	783	513	381	477	563	627	501	617	522	353	387	333	302	736	334	765	797	567	551	391	328	417	404	641	428	
589	534	437	716	340	397	612	533	598	651	353	606	370	536	335	760	689	670	758	674	714	475	739	490	428	686	737	504	751	606	710	683	557	0	770	620	422	665	486	776	521	418	465	540	618	430	435	691	715	487	671	385	468	319	625	364	380	421	578	714	300	
701	646	781	755	311	365	422	495	493	774	797	700	579	693	541	720	325	693	783	457	467	710	691	756	658	498	697	711	685	635	311	443	343	770	0	639	774	375	480	593	673	791	330	429	306	372	729	457	428	779	685	561	335	463	604	792	529	614	594	780	580	
561	612	541	340	325	366	600	677	443	455	504	319	457	761	518	658	782	437	726	438	577	676	309	544	414	637	493	576	620	784	454	660	577	620	639	0	443	359	573	346	730	314	450	463	654	386	369	652	768	322	570	545	487	322	442	572	635	416	532	678	568	
482	343	754	438	761	508	569	715	463	752	636	783	406	473	590	383	459	715	771	597	630	625	534	669	610	508	760	302	382	441	549	562	783	422	774	443	0	412	307	613	393	348	797	370	598	674	513	490	762	776	786	770	486	695	512	363	463	679	421	544	331	
652	427	622	649	701	309	794	795	754	691	352	757	368	426	527	772	746	725	737	496	583	539	696	515	484	681	523	784	786	745	767	629	513	665	375	359	412	0	647	603	613	603	499	425	471	533	739	390	434	668	627	437	734	591	401	371	568	566	392	485	442	
662	470	355	783	712	538	666	569	582	760	708	665	306	546	641	305	585	535	639	707	552	562	681	794	581	399	616	477	724	487	699	582	381	486	480	573	307	647	0	448	511	451	320	595	645	431	505	477	648	540	762	599	432	479	743	424	332	534	591	551	307	
321	704	427	301	452	333	462	426	736	439	499	641	607	466	357	517	361	730	568	510	650	675	428	578	781	558	313	720	509	415	580	658	477	776	593	346	613	603	448	0	524	796	624	425	515	325	506	531	587	602	459	325	676	646	618	779	399	422	354	774	333	
587	485	523	678	576	626	633	634	773	722	467	722	522	418	753	545	599	305	570	398	597	798	427	598	370	310	397	539	494	580	679	771	563	521	673	730	393	613	511	524	0	339	491	487	516	654	785	605	720	358	662	629	609	657	454	763	718	507	528	584	391	
792	621	397	373	394	786	779	523	793	692	390	599	628	500	483	723	395	355	412	659	569	654	335	678	563	708	338	790	781	345	620	404	627	418	791	314	348	603	451	796	339	0	331	621	371	401	474	393	433	699	664	333	349	429	368	365	777	497	795	303	416	
619	435	583	369	356	659	534	307	619	712	606	584	560	528	582	602	448	591	628	662	380	796	383	320	356	585	707	472	642	648	482	343	501	465	330	450	797	499	320	624	491	331	0	691	550	674	745	763	679	605	369	304	742	402	314	515	561	434	407	329	434	
596	657	328	516	750	580	608	328	719	753	466	779	431	300	434	607	524	425	551	675	347	541	708	537	418	453	670	580	591	550	586	489	617	540	429	463	370	425	595	425	487	621	691	0	775	636	507	471	617	638	331	345	307	449	414	798	306	792	765	542	573	
609	518	526	454	630	787	352	657	377	701	578	766	628	309	594	440	772	394	452	483	424	764	627	793	649	789	594	602	782	384	669	560	522	618	306	654	598	471	645	515	516	371	550	775	0	513	534	398	493	326	440	535	595	660	635	504	305	790	669	513	740	
376	493	374	511	733	490	339	701	333	429	400	450	790	617	512	308	578	558	733	451	530	571	588	373	745	559	591	684	511	695	568	732	353	430	372	386	674	533	431	325	654	401	674	636	513	0	338	524	603	399	542	357	703	613	622	781	549	513	511	502	639	
660	738	776	782	437	587	658	662	662	395	323	557	766	489	675	427	380	570	541	330	737	651	341	743	770	529	751	519	459	443	642	362	387	435	729	369	513	739	505	506	785	474	745	507	534	338	0	370	409	690	755	539	671	402	499	577	347	438	636	544	529	
440	714	514	741	408	431	777	366	408	571	651	427	381	781	614	658	629	441	569	791	540	364	474	427	627	449	382	354	708	759	560	666	333	691	457	652	490	390	477	531	605	393	763	471	398	524	370	0	620	569	781	790	781	517	528	653	380	792	369	486	611	
651	750	689	633	410	598	537	332	305	541	487	324	436	452	405	785	496	515	500	723	519	347	427	687	687	451	699	729	316	743	697	765	302	715	428	768	762	434	648	587	720	433	679	617	493	603	409	620	0	301	393	594	356	311	675	615	698	674	444	373	689	
318	371	366	492	416	679	563	518	548	339	616	665	745	643	564	732	608	519	534	521	321	595	555	449	726	467	474	577	586	437	685	522	736	487	779	322	776	668	540	602	358	699	605	638	326	399	690	569	301	0	401	401	690	370	348	758	356	693	382	765	597	
457	483	417	417	727	520	546	795	496	607	501	736	544	524	498	745	428	542	627	387	557	383	459	583	561	389	472	742	670	576	385	314	334	671	685	570	786	627	762	459	662	664	369	331	440	542	755	781	393	401	0	785	324	668	507	675	407	698	324	602	628	
796	405	576	726	365	684	410	638	661	387	533	543	751	720	371	588	589	544	741	576	450	758	420	344	530	671	657	756	339	340	639	483	765	385	561	545	770	437	599	325	629	333	304	345	535	357	539	790	594	401	785	0	360	555	369	730	627	625	747	747	373	
323	521	470	746	312	381	639	576	375	688	362	464	695	398	546	623	691	758	443	325	729	578	497	353	792	749	547	708	446	596	627	315	797	468	335	487	486	734	432	676	609	349	742	307	595	703	671	781	356	690	324	360	0	769	748	507	555	782	557	318	763	
657	480	364	603	714	776	513	486	766	743	720	313	664	360	645	607	776	723	690	462	455	342	462	391	738	467	687	497	521	380	350	334	567	319	463	322	695	591	479	646	657	429	402	449	660	613	402	517	311	370	668	555	769	0	785	453	395	743	368	560	660	
708	521	755	642	444	515	328	413	641	579	360	793	622	408	796	446	763	596	497	674	369	390	501	448	560	612	764	671	635	695	689	772	551	625	604	442	512	401	743	618	454	368	314	414	635	622	499	528	675	348	507	369	748	785	0	569	683	496	484	395	309	
798	441	348	487	489	545	442	522	766	313	640	355	703	495	773	766	667	649	437	795	559	648	532	726	750	438	469	785	444	785	735	727	391	364	792	572	363	371	424	779	763	365	515	798	504	781	577	653	615	758	675	730	507	453	569	0	494	701	703	789	741	
520	358	368	530	326	641	398	370	666	416	335	528	420	313	764	385	699	412	564	455	336	557	445	773	764	436	406	403	378	502	468	310	328	380	529	635	463	568	332	399	718	777	561	306	305	549	347	380	698	356	407	627	555	395	683	494	0	484	415	451	615	
422	798	728	620	345	305	696	656	457	785	545	567	719	575	690	430	728	715	453	337	653	497	717	367	547	794	389	616	446	735	714	507	417	421	614	416	679	566	534	422	507	497	434	792	790	513	438	792	674	693	698	625	782	743	496	701	484	0	759	403	519	
404	375	764	381	742	613	597	619	647	350	395	475	485	593	305	713	407	502	793	392	601	330	398	329	519	623	730	561	625	536	404	428	404	578	594	532	421	392	591	354	528	795	407	765	669	511	636	369	444	382	324	747	557	368	484	703	415	759	0	332	719	
399	354	354	737	789	330	522	591	703	572	656	490	565	301	458	499	772	412	660	798	455	557	371	532	606	417	314	496	459	602	760	538	641	714	780	678	544	485	551	774	584	303	329	542	513	502	544	486	373	765	602	747	318	560	395	789	451	403	332	0	789	
517	735	536	485	359	376	547	379	738	534	514	792	692	793	329	642	676	761	657	738	408	670	527	360	719	661	612	495	381	571	402	497	428	300	580	568	331	442	307	333	391	416	434	573	740	639	529	611	689	597	628	373	763	660	309	741	615	519	719	789	0	
etats
Id_Station	Poids W	Min (P)	WSPT	Priorité	
1	9	301	33,44	1	
2	8	301	33,44	2	
3	6	302	33,56	3	
4	3	303	33,67	4	
5	7	304	33,78	5	
6	5	305	33,89	6	
7	9	306	34,00	7	
8	9	300	37,50	8	
9	1	302	37,75	9	
10	1	305	38,13	10	
11	7	313	39,13	11	
12	5	316	39,50	12	
13	8	320	40,00	13	
14	8	301	43,00	14	
15	6	303	43,29	15	
16	5	303	43,29	16	
17	6	303	43,29	17	
18	1	304	43,43	18	
19	1	306	43,71	19	
20	8	308	44,00	20	
21	5	310	44,29	21	
22	5	355	44,38	22	
23	3	311	44,43	23	
24	1	312	44,57	24	
25	2	315	45,00	25	
26	1	324	46,29	26	
27	4	300	50,00	27	
28	1	301	50,17	28	
29	6	310	51,67	29	
30	8	300	60,00	30	
31	6	300	60,00	31	
32	1	302	60,40	32	
33	5	306	61,20	33	
34	3	307	61,40	34	
35	1	309	61,80	35	
36	4	309	61,80	36	
37	4	312	62,40	37	
38	4	314	62,80	38	
39	8	315	63,00	39	
40	4	324	64,80	40	
41	1	301	75,25	41	
42	9	307	76,75	42	
43	2	308	77,00	43	
44	1	302	100,67	44	
45	5	307	102,33	45	
46	9	314	104,67	46	
47	3	325	108,33	47	
48	3	304	152,00	48	
49	8	305	152,50	49	
50	2	305	152,50	50	
51	1	300	300,00	51	
52	3	300	300,00	52	
53	3	303	303,00	53	
54	3	303	303,00	54	
55	7	304	304,00	55	
56	1	311	311,00	56	
57	2	313	313,00	57	
58	5	317	317,00	58	
59	9	322	322,00	59	
60	7	322	322,00	60	

