distances
0	641	355	559	663	336	362	766	490	749	302	686	526	514	463	427	798	502	423	750	776	705	593	441	466	755	348	352	458	468	319	397	682	644	623	709	361	766	584	761	410	353	682	353	559	520	517	647	433	530	762	459	645	658	512	606	759	673	339	326	711	
641	0	374	425	719	409	649	487	589	782	445	698	504	388	770	648	522	559	671	735	659	617	390	449	705	533	718	476	564	610	433	398	390	585	681	525	566	395	785	708	603	658	723	754	503	545	387	694	535	721	302	610	658	703	496	434	747	690	680	741	491	
355	374	0	790	697	694	702	387	576	725	664	499	496	576	684	669	770	630	701	560	393	381	755	478	354	471	709	695	318	400	447	705	775	683	650	656	734	306	455	363	785	604	765	799	561	365	730	463	504	738	640	564	371	706	572	317	745	756	453	620	468	
559	425	790	0	446	303	368	584	610	738	474	326	357	733	362	588	326	318	439	496	618	761	403	576	751	551	313	771	636	515	723	633	307	691	493	480	567	565	746	486	483	479	793	433	621	600	378	786	739	520	333	675	328	492	522	341	338	436	412	305	523	
663	719	697	446	0	662	632	393	742	690	351	742	581	563	678	536	363	340	527	483	795	771	560	675	679	667	614	556	514	674	590	439	393	328	499	530	734	321	593	675	608	330	388	746	429	435	560	736	400	487	580	563	419	713	472	302	792	357	478	487	517	
336	409	694	303	662	0	392	381	774	318	744	333	796	378	676	772	591	378	427	386	602	686	663	417	308	350	647	432	710	515	722	485	407	535	516	597	599	320	536	462	627	400	701	601	480	486	773	593	624	792	340	767	666	615	377	403	533	767	528	702	317	
362	649	702	368	632	392	0	349	675	401	659	798	750	428	605	552	626	546	449	647	618	724	386	456	670	703	643	433	459	551	434	776	329	395	589	506	665	326	366	723	491	555	534	663	602	737	765	649	653	306	723	701	308	452	432	596	305	761	763	691	471	
766	487	387	584	393	381	349	0	501	626	582	576	667	670	695	570	566	372	408	466	585	777	566	798	332	343	454	745	368	753	313	485	459	633	766	766	401	697	784	360	662	313	551	309	683	769	572	514	612	789	372	667	358	459	726	325	676	723	736	631	504	
490	589	576	610	742	774	675	501	0	353	597	688	306	793	441	483	512	606	545	476	633	339	376	420	669	431	738	689	540	790	482	558	631	723	464	571	617	525	773	750	766	410	495	314	594	469	696	694	448	593	467	588	723	782	483	539	517	487	502	634	515	
749	782	725	738	690	318	401	626	353	0	469	495	308	593	500	777	630	318	683	600	477	343	602	784	761	796	396	722	692	590	365	740	485	301	442	533	538	418	453	781	562	468	524	324	425	521	364	628	650	578	788	371	597	410	392	550	499	529	584	612	615	
302	445	664	474	351	744	659	582	597	469	0	581	651	413	317	531	578	799	698	579	463	621	576	603	711	559	375	379	415	323	582	353	799	348	763	600	486	792	612	506	779	471	493	433	716	359	452	776	643	755	762	732	551	416	324	543	355	369	327	673	494	
686	698	499	326	742	333	798	576	688	495	581	0	637	680	798	709	695	692	605	575	581	346	561	302	623	789	463	684	438	480	557	718	684	321	650	682	731	563	300	383	554	714	798	444	504	304	423	327	724	745	428	687	337	443	348	571	798	583	374	569	454	
526	504	496	357	581	796	750	667	306	308	651	637	0	634	704	742	333	490	765	677	709	523	619	662	335	578	462	349	502	681	755	631	318	604	496	531	577	550	767	626	528	780	474	610	628	563	596	617	588	670	671	448	702	558	410	363	440	388	361	558	494	
514	388	576	733	563	378	428	670	793	593	413	680	634	0	738	376	487	756	596	711	397	713	352	390	622	502	529	742	757	345	405	320	531	507	607	623	519	671	501	447	677	724	731	571	778	381	748	654	741	778	739	706	338	461	321	688	661	442	407	790	767	
463	770	684	362	678	676	605	695	441	500	317	798	704	738	0	473	485	733	587	703	432	693	781	483	435	505	300	567	709	617	674	302	343	438	561	647	406	754	433	548	604	737	785	328	671	531	364	358	313	448	456	413	627	426	538	687	669	323	469	334	567	
427	648	669	588	536	772	552	570	483	777	531	709	742	376	473	0	464	550	390	799	586	318	430	789	357	604	547	361	443	655	529	466	328	797	562	447	306	460	309	306	569	553	401	778	674	401	350	524	305	768	780	335	570	738	529	740	435	621	686	427	339	
798	522	770	326	363	591	626	566	512	630	578	695	333	487	485	464	0	714	477	504	552	458	619	442	598	561	598	314	709	530	496	313	645	569	668	393	519	736	585	308	544	494	422	643	322	751	568	716	686	368	609	744	410	482	532	455	565	321	784	339	635	
502	559	630	318	340	378	546	372	606	318	799	692	490	756	733	550	714	0	471	795	706	584	618	615	761	795	498	576	619	626	656	502	568	547	526	722	796	450	747	615	322	539	318	795	649	488	420	443	512	404	713	324	500	349	426	331	717	707	490	785	627	
423	671	701	439	527	427	449	408	545	683	698	605	765	596	587	390	477	471	0	480	433	318	540	355	361	475	761	635	332	539	493	745	330	737	491	445	314	536	477	317	325	561	483	373	560	444	352	364	737	430	572	782	323	656	593	617	739	366	516	779	603	
750	735	560	496	483	386	647	466	476	600	579	575	677	711	703	799	504	795	480	0	455	591	540	617	378	447	664	506	378	439	448	491	624	500	301	531	333	404	475	590	465	514	420	396	719	488	617	675	569	629	536	405	357	660	620	667	785	326	482	569	487	
776	659	393	618	795	602	618	585	633	477	463	581	709	397	432	586	552	706	433	455	0	624	496	430	758	482	546	706	775	480	702	464	506	535	649	336	689	584	700	788	757	575	422	440	483	615	632	403	410	720	655	572	480	707	613	536	614	433	371	466	508	
705	617	381	761	771	686	724	777	339	343	621	346	523	713	693	318	458	584	318	591	624	0	664	702	541	383	657	496	736	698	421	389	477	303	508	317	614	453	363	451	492	499	538	530	315	557	578	517	339	675	599	543	361	518	784	585	387	455	590	437	310	
593	390	755	403	560	663	386	566	376	602	576	561	619	352	781	430	619	618	540	540	496	664	0	485	317	408	623	331	597	435	602	664	306	596	661	778	733	754	473	658	412	377	354	706	698	322	564	535	755	672	448	333	594	673	430	392	569	483	604	789	492	
441	449	478	576	675	417	456	798	420	784	603	302	662	390	483	789	442	615	355	617	430	702	485	0	319	764	448	667	710	590	427	536	539	402	704	669	533	638	779	731	742	607	368	496	704	581	769	340	731	444	458	532	503	599	318	416	552	592	686	476	509	
466	705	354	751	679	308	670	332	669	761	711	623	335	622	435	357	598	761	361	378	758	541	317	319	0	633	410	384	394	571	678	410	313	528	401	756	755	408	320	686	426	727	642	562	528	381	712	692	411	323	513	723	304	719	408	541	340	451	716	716	484	
755	533	471	551	667	350	703	343	431	796	559	789	578	502	505	604	561	795	475	447	482	383	408	764	633	0	744	545	466	781	719	314	442	796	545	577	455	681	688	532	575	484	572	315	588	558	303	516	789	305	469	598	326	631	698	780	514	455	652	344	350	
348	718	709	313	614	647	643	454	738	396	375	463	462	529	300	547	598	498	761	664	546	657	623	448	410	744	0	462	421	349	605	463	475	686	409	490	578	759	339	344	761	522	524	502	479	735	550	630	459	456	330	553	512	444	483	660	790	506	552	717	331	
352	476	695	771	556	432	433	745	689	722	379	684	349	742	567	361	314	576	635	506	706	496	331	667	384	545	462	0	518	775	642	347	474	549	428	369	515	384	714	340	343	669	768	690	779	579	317	388	319	559	776	627	461	580	444	751	560	744	660	697	739	
458	564	318	636	514	710	459	368	540	692	415	438	502	757	709	443	709	619	332	378	775	736	597	710	394	466	421	518	0	426	347	547	705	712	421	479	487	612	351	499	632	700	537	383	678	352	336	724	767	580	419	765	717	667	416	319	493	425	392	692	787	
468	610	400	515	674	515	551	753	790	590	323	480	681	345	617	655	530	626	539	439	480	698	435	590	571	781	349	775	426	0	729	482	624	320	346	385	330	630	663	775	343	647	670	691	797	714	414	625	629	381	397	447	437	365	647	333	753	711	749	460	698	
319	433	447	723	590	722	434	313	482	365	582	557	755	405	674	529	496	656	493	448	702	421	602	427	678	719	605	642	347	729	0	590	701	696	515	365	533	325	572	680	582	412	593	617	392	725	479	792	334	610	636	555	433	339	635	497	723	503	355	723	648	
397	398	705	633	439	485	776	485	558	740	353	718	631	320	302	466	313	502	745	491	464	389	664	536	410	314	463	347	547	482	590	0	467	537	531	377	307	612	415	597	741	311	484	425	705	377	682	685	395	550	406	466	350	712	475	307	370	470	391	584	781	
682	390	775	307	393	407	329	459	631	485	799	684	318	531	343	328	645	568	330	624	506	477	306	539	313	442	475	474	705	624	701	467	0	721	628	549	655	301	371	389	457	422	409	382	508	734	463	512	423	608	510	553	517	705	682	486	782	526	660	544	659	
644	585	683	691	328	535	395	633	723	301	348	321	604	507	438	797	569	547	737	500	535	303	596	402	528	796	686	549	712	320	696	537	721	0	581	753	693	517	687	690	439	336	344	727	716	745	760	719	356	492	395	519	506	629	487	693	548	649	776	359	506	
623	681	650	493	499	516	589	766	464	442	763	650	496	607	561	562	668	526	491	301	649	508	661	704	401	545	409	428	421	346	515	531	628	581	0	698	648	303	308	527	518	302	512	722	625	398	503	678	787	576	647	725	641	388	494	623	407	786	342	455	646	
709	525	656	480	530	597	506	766	571	533	600	682	531	623	647	447	393	722	445	531	336	317	778	669	756	577	490	369	479	385	365	377	549	753	698	0	450	729	581	447	499	713	398	561	663	637	304	779	733	507	796	424	385	421	533	746	631	708	696	412	414	
361	566	734	567	734	599	665	401	617	538	486	731	577	519	406	306	519	796	314	333	689	614	733	533	755	455	578	515	487	330	533	307	655	693	648	450	0	488	639	775	795	682	761	467	529	688	657	480	382	657	630	530	379	618	691	752	794	786	345	529	450	
766	395	306	565	321	320	326	697	525	418	792	563	550	671	754	460	736	450	536	404	584	453	754	638	408	681	759	384	612	630	325	612	301	517	303	729	488	0	316	516	374	496	600	752	347	632	310	717	583	555	616	604	387	694	757	481	531	350	357	319	619	
584	785	455	746	593	536	366	784	773	453	612	300	767	501	433	309	585	747	477	475	700	363	473	779	320	688	339	714	351	663	572	415	371	687	308	581	639	316	0	780	545	757	462	507	428	760	461	799	491	532	450	433	755	333	611	740	357	514	507	462	339	
761	708	363	486	675	462	723	360	750	781	506	383	626	447	548	306	308	615	317	590	788	451	658	731	686	532	344	340	499	775	680	597	389	690	527	447	775	516	780	0	313	534	355	713	302	463	652	535	719	364	351	409	389	663	769	355	644	327	383	415	717	
410	603	785	483	608	627	491	662	766	562	779	554	528	677	604	569	544	322	325	465	757	492	412	742	426	575	761	343	632	343	582	741	457	439	518	499	795	374	545	313	0	484	655	340	724	618	642	405	603	778	630	553	392	432	348	329	304	752	633	317	542	
353	658	604	479	330	400	555	313	410	468	471	714	780	724	737	553	494	539	561	514	575	499	377	607	727	484	522	669	700	647	412	311	422	336	302	713	682	496	757	534	484	0	670	720	490	464	582	431	365	668	524	385	502	355	467	427	544	654	602	759	650	
682	723	765	793	388	701	534	551	495	524	493	798	474	731	785	401	422	318	483	420	422	538	354	368	642	572	524	768	537	670	593	484	409	344	512	398	761	600	462	355	655	670	0	351	320	552	753	641	550	683	716	393	397	488	556	390	705	540	768	652	683	
353	754	799	433	746	601	663	309	314	324	433	444	610	571	328	778	643	795	373	396	440	530	706	496	562	315	502	690	383	691	617	425	382	727	722	561	467	752	507	713	340	720	351	0	463	352	707	521	357	382	379	521	425	304	570	360	634	444	753	696	460	
559	503	561	621	429	480	602	683	594	425	716	504	628	778	671	674	322	649	560	719	483	315	698	704	528	588	479	779	678	797	392	705	508	716	625	663	529	347	428	302	724	490	320	463	0	386	458	782	333	777	560	770	546	701	712	544	550	303	362	405	474	
520	545	365	600	435	486	737	769	469	521	359	304	563	381	531	401	751	488	444	488	615	557	322	581	381	558	735	579	352	714	725	377	734	745	398	637	688	632	760	463	618	464	552	352	386	0	366	592	766	653	576	634	579	797	609	762	599	759	405	600	796	
517	387	730	378	560	773	765	572	696	364	452	423	596	748	364	350	568	420	352	617	632	578	564	769	712	303	550	317	336	414	479	682	463	760	503	304	657	310	461	652	642	582	753	707	458	366	0	733	400	558	744	561	478	378	314	331	436	361	414	390	425	
647	694	463	786	736	593	649	514	694	628	776	327	617	654	358	524	716	443	364	675	403	517	535	340	692	516	630	388	724	625	792	685	512	719	678	779	480	717	799	535	405	431	641	521	782	592	733	0	340	411	314	470	456	311	781	509	529	652	762	772	564	
433	535	504	739	400	624	653	612	448	650	643	724	588	741	313	305	686	512	737	569	410	339	755	731	411	789	459	319	767	629	334	395	423	356	787	733	382	583	491	719	603	365	550	357	333	766	400	340	0	701	511	468	464	659	445	711	651	667	717	558	503	
530	721	738	520	487	792	306	789	593	578	755	745	670	778	448	768	368	404	430	629	720	675	672	444	323	305	456	559	580	381	610	550	608	492	576	507	657	555	532	364	778	668	683	382	777	653	558	411	701	0	785	548	323	394	723	365	751	505	724	378	696	
762	302	640	333	580	340	723	372	467	788	762	428	671	739	456	780	609	713	572	536	655	599	448	458	513	469	330	776	419	397	636	406	510	395	647	796	630	616	450	351	630	524	716	379	560	576	744	314	511	785	0	343	483	618	522	569	345	456	680	785	717	
459	610	564	675	563	767	701	667	588	371	732	687	448	706	413	335	744	324	782	405	572	543	333	532	723	598	553	627	765	447	555	466	553	519	725	424	530	604	433	409	553	385	393	521	770	634	561	470	468	548	343	0	650	444	475	395	735	381	456	501	632	
645	658	371	328	419	666	308	358	723	597	551	337	702	338	627	570	410	500	323	357	480	361	594	503	304	326	512	461	717	437	433	350	517	506	641	385	379	387	755	389	392	502	397	425	546	579	478	456	464	323	483	650	0	716	789	664	412	797	523	708	355	
658	703	706	492	713	615	452	459	782	410	416	443	558	461	426	738	482	349	656	660	707	518	673	599	719	631	444	580	667	365	339	712	705	629	388	421	618	694	333	663	432	355	488	304	701	797	378	311	659	394	618	444	716	0	690	496	771	455	701	576	710	
512	496	572	522	472	377	432	726	483	392	324	348	410	321	538	529	532	426	593	620	613	784	430	318	408	698	483	444	416	647	635	475	682	487	494	533	691	757	611	769	348	467	556	570	712	609	314	781	445	723	522	475	789	690	0	733	619	401	348	531	602	
606	434	317	341	302	403	596	325	539	550	543	571	363	688	687	740	455	331	617	667	536	585	392	416	541	780	660	751	319	333	497	307	486	693	623	746	752	481	740	355	329	427	390	360	544	762	331	509	711	365	569	395	664	496	733	0	393	622	692	509	446	
759	747	745	338	792	533	305	676	517	499	355	798	440	661	669	435	565	717	739	785	614	387	569	552	340	514	790	560	493	753	723	370	782	548	407	631	794	531	357	644	304	544	705	634	550	599	436	529	651	751	345	735	412	771	619	393	0	436	670	613	666	
673	690	756	436	357	767	761	723	487	529	369	583	388	442	323	621	321	707	366	326	433	455	483	592	451	455	506	744	425	711	503	470	526	649	786	708	786	350	514	327	752	654	540	444	303	759	361	652	667	505	456	381	797	455	401	622	436	0	300	302	388	
339	680	453	412	478	528	763	736	502	584	327	374	361	407	469	686	784	490	516	482	371	590	604	686	716	652	552	660	392	749	355	391	660	776	342	696	345	357	507	383	633	602	768	753	362	405	414	762	717	724	680	456	523	701	348	692	670	300	0	475	413	
326	741	620	305	487	702	691	631	634	612	673	569	558	790	334	427	339	785	779	569	466	437	789	476	716	344	717	697	692	460	723	584	544	359	455	412	529	319	462	415	317	759	652	696	405	600	390	772	558	378	785	501	708	576	531	509	613	302	475	0	581	
711	491	468	523	517	317	471	504	515	615	494	454	494	767	567	339	635	627	603	487	508	310	492	509	484	350	331	739	787	698	648	781	659	506	646	414	450	619	339	717	542	650	683	460	474	796	425	564	503	696	717	632	355	710	602	446	666	388	413	581	0	
etats
Id_Station	Poids W	Min (P)	WSPT	Priorité	
1	1	301	33,44	1	
2	8	301	33,44	2	
3	9	307	34,11	3	
4	1	311	34,56	4	
5	9	312	34,67	5	
6	1	319	35,44	6	
7	9	300	37,50	7	
8	6	302	37,75	8	
9	1	302	37,75	9	
10	3	303	37,88	10	
11	1	307	38,38	11	
12	3	308	38,50	12	
13	4	311	38,88	13	
14	1	300	42,86	14	
15	9	300	42,86	15	
16	3	301	43,00	16	
17	6	303	43,29	17	
18	3	305	43,57	18	
19	5	309	44,14	19	
20	8	324	46,29	20	
21	2	302	50,33	21	
22	2	303	50,50	22	
23	6	305	50,83	23	
24	8	306	51,00	24	
25	6	308	51,33	25	
26	8	300	60,00	26	
27	6	301	60,20	27	
28	7	301	60,20	28	
29	7	301	75,25	29	
30	1	303	75,75	30	
31	3	312	78,00	31	
32	7	318	79,50	32	
33	1	300	100,00	33	
34	9	300	100,00	34	
35	4	300	100,00	35	
36	9	304	101,33	36	
37	3	304	101,33	37	
38	9	304	101,33	38	
39	7	308	102,67	39	
40	1	312	104,00	40	
41	8	314	104,67	41	
42	6	316	105,33	42	
43	5	300	150,00	43	
44	9	302	151,00	44	
45	8	303	151,50	45	
46	3	306	153,00	46	
47	5	308	154,00	47	
48	4	300	300,00	48	
49	2	300	300,00	49	
50	9	301	301,00	50	
51	2	303	303,00	51	
52	6	303	303,00	52	
53	2	304	304,00	53	
54	9	304	304,00	54	
55	1	304	304,00	55	
56	1	305	305,00	56	
57	9	305	305,00	57	
58	1	306	306,00	58	
59	5	313	313,00	59	
60	8	317	317,00	60	
