distances
0	597	472	795	757	352	727	495	772	582	619	451	624	300	399	411	713	733	707	412	573	756	415	694	481	654	512	764	756	678	405	572	426	496	771	645	749	706	794	559	591	611	752	783	741	396	602	762	566	365	701	773	751	457	667	689	576	311	712	799	531	
597	0	658	629	762	610	715	467	788	686	320	505	387	351	645	503	374	459	475	734	686	374	727	704	302	390	644	476	370	788	636	708	509	458	548	339	760	794	666	572	753	323	740	482	466	721	321	717	651	704	607	389	686	394	468	734	452	640	538	773	786	
472	658	0	541	391	696	455	597	775	316	795	689	613	589	623	663	758	524	403	542	630	338	637	417	512	549	744	641	681	718	416	559	676	554	301	369	729	319	313	765	617	450	401	504	518	649	424	402	490	750	476	686	673	625	586	340	720	730	603	704	770	
795	629	541	0	662	583	791	300	563	714	667	660	377	775	461	428	753	544	494	788	308	321	471	607	599	480	599	323	377	672	597	711	426	687	371	418	733	448	780	532	499	657	315	320	307	421	351	404	663	371	514	474	502	416	706	534	579	439	439	471	573	
757	762	391	662	0	731	459	758	434	435	368	410	674	433	337	719	365	326	619	639	485	366	763	379	663	521	422	488	626	551	338	436	604	523	467	789	530	648	746	491	377	788	688	548	655	770	420	605	661	472	511	751	457	399	395	465	679	769	639	433	366	
352	610	696	583	731	0	475	672	405	395	410	631	713	660	338	742	591	367	361	625	321	649	712	392	482	418	523	313	661	760	477	309	312	663	628	480	317	431	709	704	638	427	456	623	343	490	651	624	363	385	527	778	714	739	576	453	400	743	758	622	618	
727	715	455	791	459	475	0	579	693	468	605	631	538	637	394	374	474	471	500	602	451	618	705	650	738	307	672	500	451	727	452	406	742	741	479	497	335	623	301	788	524	556	406	794	405	495	594	520	356	641	734	367	571	433	319	765	358	497	687	380	658	
495	467	597	300	758	672	579	0	454	617	761	446	418	725	657	559	679	353	314	783	416	459	602	537	718	390	668	674	547	570	359	487	747	658	571	544	798	389	340	316	775	587	319	640	592	316	583	374	418	392	412	789	422	601	407	598	628	716	530	799	789	
772	788	775	563	434	405	693	454	0	359	547	764	350	504	598	429	538	753	715	453	434	411	332	622	367	743	736	593	566	342	760	633	622	762	415	520	688	524	475	316	794	502	527	430	736	449	548	484	795	749	686	467	332	460	418	309	313	654	484	362	677	
582	686	316	714	435	395	468	617	359	0	340	658	524	430	493	667	320	690	637	405	756	636	559	791	471	697	493	373	544	548	436	433	636	581	685	786	519	654	412	392	356	788	453	338	594	495	669	380	737	552	551	659	446	469	416	478	335	458	436	583	577	
619	320	795	667	368	410	605	761	547	340	0	565	451	592	461	513	386	783	622	755	510	652	639	532	376	654	644	476	596	622	343	389	640	406	563	394	623	326	446	304	689	513	543	320	653	630	341	679	685	603	709	727	575	434	774	407	745	356	482	341	518	
451	505	689	660	410	631	631	446	764	658	565	0	637	738	776	439	435	629	411	467	610	781	516	602	404	339	645	306	378	720	776	794	611	740	764	314	597	795	372	690	692	312	626	373	356	303	468	424	787	659	780	435	522	549	686	442	403	780	491	677	509	
624	387	613	377	674	713	538	418	350	524	451	637	0	517	571	559	640	436	512	618	706	433	783	510	566	364	638	548	603	568	612	302	640	438	635	648	704	778	333	426	552	418	417	505	580	369	556	767	359	752	744	639	500	321	578	644	627	623	391	732	386	
300	351	589	775	433	660	637	725	504	430	592	738	517	0	410	330	595	333	309	375	723	431	669	670	674	413	630	419	791	548	666	321	567	678	764	550	670	503	355	359	678	645	606	697	622	765	694	708	442	471	587	646	638	562	686	610	322	726	769	573	583	
399	645	623	461	337	338	394	657	598	493	461	776	571	410	0	614	511	497	518	751	578	742	653	798	466	789	354	401	352	402	783	689	353	332	386	740	558	402	689	312	473	498	592	587	308	322	443	476	606	326	356	451	517	376	630	301	462	647	694	496	629	
411	503	663	428	719	742	374	559	429	667	513	439	559	330	614	0	335	333	473	699	760	664	569	711	647	341	565	503	526	421	406	415	562	667	627	700	442	470	786	700	482	493	477	387	383	581	407	582	610	784	359	413	706	623	646	519	583	748	657	480	352	
713	374	758	753	365	591	474	679	538	320	386	435	640	595	511	335	0	440	422	768	336	370	371	394	429	499	520	543	343	753	582	582	368	384	499	558	569	475	350	465	494	628	751	618	389	351	475	427	678	686	767	437	310	601	620	491	495	442	572	731	781	
733	459	524	544	326	367	471	353	753	690	783	629	436	333	497	333	440	0	765	443	584	453	365	328	439	670	491	784	751	667	312	347	710	757	401	392	538	431	752	533	446	758	362	335	515	664	393	340	763	771	654	567	518	659	521	648	789	384	336	618	714	
707	475	403	494	619	361	500	314	715	637	622	411	512	309	518	473	422	765	0	708	790	396	339	623	521	457	522	325	580	521	323	309	456	494	303	396	591	342	796	300	476	359	321	707	466	509	721	376	705	401	605	718	731	566	352	372	354	468	626	535	532	
412	734	542	788	639	625	602	783	453	405	755	467	618	375	751	699	768	443	708	0	355	449	337	347	346	467	343	372	465	697	583	469	607	775	643	518	471	378	415	447	518	664	367	732	539	359	782	666	367	527	418	393	639	559	432	317	670	446	778	762	631	
573	686	630	308	485	321	451	416	434	756	510	610	706	723	578	760	336	584	790	355	0	527	662	601	355	618	533	664	340	477	508	730	650	781	683	558	416	412	797	543	777	610	495	789	403	465	627	570	766	773	767	774	421	657	407	610	517	710	711	772	513	
756	374	338	321	366	649	618	459	411	636	652	781	433	431	742	664	370	453	396	449	527	0	606	375	767	738	674	368	495	336	314	737	643	634	536	605	625	449	508	758	794	631	558	320	419	428	445	652	662	451	410	751	416	435	676	573	467	305	762	648	324	
415	727	637	471	763	712	705	602	332	559	639	516	783	669	653	569	371	365	339	337	662	606	0	772	375	442	384	382	730	746	519	682	724	716	659	775	760	701	766	595	485	642	547	361	758	409	562	401	768	765	411	536	752	587	462	740	449	564	542	486	756	
694	704	417	607	379	392	650	537	622	791	532	602	510	670	798	711	394	328	623	347	601	375	772	0	536	560	507	725	554	368	742	554	699	441	371	462	396	776	543	767	768	746	783	491	403	430	501	558	448	727	727	762	532	348	653	537	411	691	675	364	671	
481	302	512	599	663	482	738	718	367	471	376	404	566	674	466	647	429	439	521	346	355	767	375	536	0	385	765	770	456	553	551	382	693	750	535	542	358	705	478	478	427	425	397	530	501	612	533	465	434	518	474	305	482	587	657	433	420	768	473	446	710	
654	390	549	480	521	418	307	390	743	697	654	339	364	413	789	341	499	670	457	467	618	738	442	560	385	0	533	482	752	399	399	776	737	397	530	714	528	747	661	379	663	331	743	551	663	761	437	350	334	685	362	376	568	762	751	400	459	472	495	578	485	
512	644	744	599	422	523	672	668	736	493	644	645	638	630	354	565	520	491	522	343	533	674	384	507	765	533	0	792	380	511	314	333	705	675	328	548	537	682	548	661	493	516	618	338	476	505	342	358	521	694	493	666	412	643	463	365	508	304	380	759	657	
764	476	641	323	488	313	500	674	593	373	476	306	548	419	401	503	543	784	325	372	664	368	382	725	770	482	792	0	381	689	383	330	468	522	376	770	544	472	491	349	419	664	647	580	761	751	477	371	313	492	301	596	367	576	668	537	359	481	604	669	395	
756	370	681	377	626	661	451	547	566	544	596	378	603	791	352	526	343	751	580	465	340	495	730	554	456	752	380	381	0	450	481	760	681	346	528	529	719	649	704	322	695	770	370	420	550	533	416	573	369	607	732	509	786	686	530	731	577	539	443	483	696	
678	788	718	672	551	760	727	570	342	548	622	720	568	548	402	421	753	667	521	697	477	336	746	368	553	399	511	689	450	0	653	493	372	557	674	470	735	638	447	769	721	397	654	699	708	635	383	759	367	703	794	500	789	447	616	635	670	333	447	721	334	
405	636	416	597	338	477	452	359	760	436	343	776	612	666	783	406	582	312	323	583	508	314	519	742	551	399	314	383	481	653	0	402	359	678	769	511	419	799	783	599	497	640	542	565	666	511	677	649	455	746	623	572	344	403	496	707	345	671	589	319	717	
572	708	559	711	436	309	406	487	633	433	389	794	302	321	689	415	582	347	309	469	730	737	682	554	382	776	333	330	760	493	402	0	308	361	548	484	410	470	699	523	410	404	642	793	795	346	409	664	536	562	610	508	658	541	336	460	447	526	703	440	753	
426	509	676	426	604	312	742	747	622	636	640	611	640	567	353	562	368	710	456	607	650	643	724	699	693	737	705	468	681	372	359	308	0	702	355	462	713	660	477	532	340	701	522	427	369	328	582	304	582	435	413	413	662	399	550	653	601	516	600	310	425	
496	458	554	687	523	663	741	658	762	581	406	740	438	678	332	667	384	757	494	775	781	634	716	441	750	397	675	522	346	557	678	361	702	0	722	306	669	715	347	696	791	632	362	598	598	619	396	477	468	319	643	315	359	329	605	377	520	689	393	336	612	
771	548	301	371	467	628	479	571	415	685	563	764	635	764	386	627	499	401	303	643	683	536	659	371	535	530	328	376	528	674	769	548	355	722	0	405	354	780	486	736	353	471	487	490	750	345	601	424	609	628	426	754	337	328	667	636	652	398	439	462	326	
645	339	369	418	789	480	497	544	520	786	394	314	648	550	740	700	558	392	396	518	558	605	775	462	542	714	548	770	529	470	511	484	462	306	405	0	747	341	513	447	329	770	575	798	703	329	653	490	656	685	792	391	523	559	688	520	717	729	518	403	302	
749	760	729	733	530	317	335	798	688	519	623	597	704	670	558	442	569	538	591	471	416	625	760	396	358	528	537	544	719	735	419	410	713	669	354	747	0	661	321	391	652	529	679	539	637	428	390	312	528	453	577	629	416	732	659	797	523	400	576	344	625	
706	794	319	448	648	431	623	389	524	654	326	795	778	503	402	470	475	431	342	378	412	449	701	776	705	747	682	472	649	638	799	470	660	715	780	341	661	0	340	542	589	764	428	392	417	657	723	523	743	422	456	455	532	789	420	489	626	332	761	549	532	
794	666	313	780	746	709	301	340	475	412	446	372	333	355	689	786	350	752	796	415	797	508	766	543	478	661	548	491	704	447	783	699	477	347	486	513	321	340	0	655	302	612	796	662	379	655	310	447	622	681	705	405	709	606	374	603	545	751	771	585	357	
559	572	765	532	491	704	788	316	316	392	304	690	426	359	312	700	465	533	300	447	543	758	595	767	478	379	661	349	322	769	599	523	532	696	736	447	391	542	655	0	330	712	659	476	390	492	534	445	623	587	344	309	420	371	428	417	563	431	526	760	665	
591	753	617	499	377	638	524	775	794	356	689	692	552	678	473	482	494	446	476	518	777	794	485	768	427	663	493	419	695	721	497	410	340	791	353	329	652	589	302	330	0	500	514	535	715	529	304	427	429	513	684	728	393	712	687	421	694	307	309	713	435	
611	323	450	657	788	427	556	587	502	788	513	312	418	645	498	493	628	758	359	664	610	631	642	746	425	331	516	664	770	397	640	404	701	632	471	770	529	764	612	712	500	0	379	498	719	377	757	684	748	622	483	710	650	532	672	537	789	619	626	458	432	
752	740	401	315	688	456	406	319	527	453	543	626	417	606	592	477	751	362	321	367	495	558	547	783	397	743	618	647	370	654	542	642	522	362	487	575	679	428	796	659	514	379	0	652	572	772	742	713	531	347	495	695	654	361	517	465	786	317	420	362	755	
783	482	504	320	548	623	794	640	430	338	320	373	505	697	587	387	618	335	707	732	789	320	361	491	530	551	338	580	420	699	565	793	427	598	490	798	539	392	662	476	535	498	652	0	690	692	309	496	351	429	727	456	495	492	359	581	797	350	582	723	414	
741	466	518	307	655	343	405	592	736	594	653	356	580	622	308	383	389	515	466	539	403	419	758	403	501	663	476	761	550	708	666	795	369	598	750	703	637	417	379	390	715	719	572	690	0	336	322	326	333	473	668	612	746	788	739	667	320	472	389	406	394	
396	721	649	421	770	490	495	316	449	495	630	303	369	765	322	581	351	664	509	359	465	428	409	430	612	761	505	751	533	635	511	346	328	619	345	329	428	657	655	492	529	377	772	692	336	0	711	359	799	543	488	652	789	554	306	757	319	468	491	470	556	
602	321	424	351	420	651	594	583	548	669	341	468	556	694	443	407	475	393	721	782	627	445	562	501	533	437	342	477	416	383	677	409	582	396	601	653	390	723	310	534	304	757	742	309	322	711	0	786	669	745	658	631	399	303	707	357	756	388	627	703	497	
762	717	402	404	605	624	520	374	484	380	679	424	767	708	476	582	427	340	376	666	570	652	401	558	465	350	358	371	573	759	649	664	304	477	424	490	312	523	447	445	427	684	713	496	326	359	786	0	304	479	385	537	516	376	729	412	579	484	609	443	430	
566	651	490	663	661	363	356	418	795	737	685	787	359	442	606	610	678	763	705	367	766	662	768	448	434	334	521	313	369	367	455	536	582	468	609	656	528	743	622	623	429	748	531	351	333	799	669	304	0	460	449	592	378	555	388	630	422	619	318	447	463	
365	704	750	371	472	385	641	392	749	552	603	659	752	471	326	784	686	771	401	527	773	451	765	727	518	685	694	492	607	703	746	562	435	319	628	685	453	422	681	587	513	622	347	429	473	543	745	479	460	0	364	618	446	606	408	347	581	740	734	753	757	
701	607	476	514	511	527	734	412	686	551	709	780	744	587	356	359	767	654	605	418	767	410	411	727	474	362	493	301	732	794	623	610	413	643	426	792	577	456	705	344	684	483	495	727	668	488	658	385	449	364	0	798	756	650	764	492	759	394	388	605	496	
773	389	686	474	751	778	367	789	467	659	727	435	639	646	451	413	437	567	718	393	774	751	536	762	305	376	666	596	509	500	572	508	413	315	754	391	629	455	405	309	728	710	695	456	612	652	631	537	592	618	798	0	727	431	537	453	713	760	399	794	592	
751	686	673	502	457	714	571	422	332	446	575	522	500	638	517	706	310	518	731	639	421	416	752	532	482	568	412	367	786	789	344	658	662	359	337	523	416	532	709	420	393	650	654	495	746	789	399	516	378	446	756	727	0	349	781	735	518	401	706	465	467	
457	394	625	416	399	739	433	601	460	469	434	549	321	562	376	623	601	659	566	559	657	435	587	348	587	762	643	576	686	447	403	541	399	329	328	559	732	789	606	371	712	532	361	492	788	554	303	376	555	606	650	431	349	0	741	653	363	661	622	781	513	
667	468	586	706	395	576	319	407	418	416	774	686	578	686	630	646	620	521	352	432	407	676	462	653	657	751	463	668	530	616	496	336	550	605	667	688	659	420	374	428	687	672	517	359	739	306	707	729	388	408	764	537	781	741	0	712	602	594	350	352	380	
689	734	340	534	465	453	765	598	309	478	407	442	644	610	301	519	491	648	372	317	610	573	740	537	433	400	365	537	731	635	707	460	653	377	636	520	797	489	603	417	421	537	465	581	667	757	357	412	630	347	492	453	735	653	712	0	393	513	555	622	568	
576	452	720	579	679	400	358	628	313	335	745	403	627	322	462	583	495	789	354	670	517	467	449	411	420	459	508	359	577	670	345	447	601	520	652	717	523	626	545	563	694	789	786	797	320	319	756	579	422	581	759	713	518	363	602	393	0	723	795	746	629	
311	640	730	439	769	743	497	716	654	458	356	780	623	726	647	748	442	384	468	446	710	305	564	691	768	472	304	481	539	333	671	526	516	689	398	729	400	332	751	431	307	619	317	350	472	468	388	484	619	740	394	760	401	661	594	513	723	0	700	635	684	
712	538	603	439	639	758	687	530	484	436	482	491	391	769	694	657	572	336	626	778	711	762	542	675	473	495	380	604	443	447	589	703	600	393	439	518	576	761	771	526	309	626	420	582	389	491	627	609	318	734	388	399	706	622	350	555	795	700	0	578	492	
799	773	704	471	433	622	380	799	362	583	341	677	732	573	496	480	731	618	535	762	772	648	486	364	446	578	759	669	483	721	319	440	310	336	462	403	344	549	585	760	713	458	362	723	406	470	703	443	447	753	605	794	465	781	352	622	746	635	578	0	519	
531	786	770	573	366	618	658	789	677	577	518	509	386	583	629	352	781	714	532	631	513	324	756	671	710	485	657	395	696	334	717	753	425	612	326	302	625	532	357	665	435	432	755	414	394	556	497	430	463	757	496	592	467	513	380	568	629	684	492	519	0	
etats
Id_Station	Poids W	Min (P)	WSPT	Priorité	
1	7	300	33,33	1	
2	1	300	33,33	2	
3	6	301	33,44	3	
4	9	302	33,56	4	
5	7	302	33,56	5	
6	5	303	33,67	6	
7	4	303	33,67	7	
8	5	305	33,89	8	
9	1	306	34,00	9	
10	7	309	34,33	10	
11	1	314	34,89	11	
12	6	300	37,50	12	
13	7	302	37,75	13	
14	1	304	38,00	14	
15	1	304	38,00	15	
16	1	306	38,25	16	
17	1	310	38,75	17	
18	9	336	42,00	18	
19	5	301	43,00	19	
20	4	302	43,14	20	
21	4	318	45,43	21	
22	6	320	45,71	22	
23	2	302	50,33	23	
24	5	303	50,50	24	
25	9	304	50,67	25	
26	9	306	51,00	26	
27	3	314	52,33	27	
28	4	318	53,00	28	
29	5	318	53,00	29	
30	8	301	60,20	30	
31	2	302	60,40	31	
32	1	304	60,80	32	
33	1	311	62,20	33	
34	2	304	76,00	34	
35	5	305	76,25	35	
36	7	320	80,00	36	
37	5	301	100,33	37	
38	7	302	100,67	38	
39	5	302	100,67	39	
40	5	303	101,00	40	
41	6	306	102,00	41	
42	1	308	102,67	42	
43	4	314	104,67	43	
44	7	303	151,50	44	
45	5	304	152,00	45	
46	9	305	152,50	46	
47	4	306	153,00	47	
48	1	324	162,00	48	
49	2	300	300,00	49	
50	1	300	300,00	50	
51	8	300	300,00	51	
52	8	301	301,00	52	
53	1	301	301,00	53	
54	9	302	302,00	54	
55	6	302	302,00	55	
56	7	302	302,00	56	
57	3	304	304,00	57	
58	3	304	304,00	58	
59	6	305	305,00	59	
60	7	313	313,00	60	

