distances
0	647	782	589	353	645	572	314	786	328	396	404	556	557	413	389	445	404	517	794	439	488	310	744	706	712	639	675	536	307	787	733	416	588	542	699	520	704	617	333	357	792	396	415	758	464	461	346	564	552	475	660	777	757	365	727	573	524	742	398	462	
647	0	597	410	312	545	613	625	678	739	680	407	465	740	448	304	370	399	408	766	344	485	710	423	390	628	441	539	426	796	446	601	473	601	400	418	343	759	534	560	776	686	340	477	560	397	502	347	339	639	725	494	436	694	787	334	686	497	529	349	409	
782	597	0	491	523	686	667	306	451	757	396	472	352	614	549	477	377	721	373	422	582	722	308	373	417	540	642	492	662	545	513	401	602	621	712	344	728	709	723	363	683	308	399	374	362	426	715	565	744	781	647	321	624	442	397	622	730	588	397	780	328	
589	410	491	0	752	540	732	507	440	558	376	587	742	304	711	764	493	521	688	335	303	580	607	794	523	372	457	634	579	559	584	366	532	345	797	394	770	387	771	453	397	391	620	485	355	532	384	356	433	552	365	451	521	771	342	328	699	518	375	371	600	
353	312	523	752	0	504	621	306	451	302	731	796	626	511	322	625	392	594	520	564	750	417	672	552	748	458	770	554	392	502	494	695	317	626	401	454	334	587	554	637	687	744	697	530	414	693	512	413	575	496	523	409	505	638	550	518	726	321	632	618	453	
645	545	686	540	504	0	383	377	623	490	680	594	682	359	366	538	660	590	691	361	345	397	387	707	435	688	715	516	343	692	649	604	496	599	349	603	550	645	699	559	528	783	625	743	350	319	424	473	356	606	631	370	772	683	793	436	542	661	796	793	600	
572	613	667	732	621	383	0	558	708	503	693	340	720	309	446	668	590	428	566	777	726	401	782	615	528	592	716	693	777	397	770	517	529	698	649	533	602	439	491	695	447	645	326	493	770	334	705	383	346	576	389	769	320	696	335	718	735	659	565	499	694	
314	625	306	507	306	377	558	0	714	588	303	733	350	300	518	373	748	475	496	324	442	691	687	708	608	720	501	314	359	451	564	502	366	318	459	736	325	518	694	706	434	628	708	645	450	574	652	483	551	326	693	332	301	331	759	415	439	502	694	773	315	
786	678	451	440	451	623	708	714	0	379	660	313	753	398	461	711	439	658	767	518	688	716	577	787	334	660	667	302	477	491	698	446	407	402	743	531	753	353	442	344	699	683	363	720	560	417	408	395	706	448	677	707	524	394	348	736	706	569	568	682	427	
328	739	757	558	302	490	503	588	379	0	511	593	693	402	332	395	617	721	641	787	590	647	719	306	767	438	657	327	503	602	587	336	768	334	680	642	517	762	352	508	713	641	722	687	653	486	623	399	609	651	464	652	681	631	458	395	346	683	627	638	364	
396	680	396	376	731	680	693	303	660	511	0	469	703	796	636	355	352	625	746	706	718	642	594	601	694	305	307	483	446	750	787	614	586	511	692	409	554	780	301	673	768	462	765	436	368	526	772	655	702	435	398	354	785	540	530	563	786	489	442	594	732	
404	407	472	587	796	594	340	733	313	593	469	0	515	315	536	616	327	357	422	542	498	540	579	389	764	661	418	463	579	534	774	795	744	399	627	303	694	708	520	587	370	608	653	363	680	766	773	452	616	584	375	556	590	308	718	409	614	566	482	747	754	
556	465	352	742	626	682	720	350	753	693	703	515	0	576	450	507	337	663	650	697	672	444	608	477	504	683	675	561	569	757	607	300	352	552	442	481	497	359	768	517	519	611	754	779	655	490	750	318	448	610	558	587	482	392	582	518	568	773	586	652	563	
557	740	614	304	511	359	309	300	398	402	796	315	576	0	308	788	306	325	473	644	597	516	398	378	533	534	543	337	312	622	394	686	772	556	642	765	557	679	629	687	509	527	723	493	471	481	330	735	769	717	749	414	427	305	738	551	409	748	717	521	783	
413	448	549	711	322	366	446	518	461	332	636	536	450	308	0	556	657	529	318	752	794	361	742	557	403	497	632	322	509	538	676	348	697	532	539	618	365	696	413	462	707	687	762	780	630	593	788	691	587	518	534	571	376	660	644	536	659	514	556	406	371	
389	304	477	764	625	538	668	373	711	395	355	616	507	788	556	0	756	464	324	649	799	473	543	449	448	659	774	703	696	628	424	707	742	529	380	771	560	516	528	384	793	382	475	323	492	331	392	632	528	373	317	460	776	349	769	524	492	632	531	469	500	
445	370	377	493	392	660	590	748	439	617	352	327	337	306	657	756	0	692	553	439	320	676	649	332	409	525	569	580	516	630	572	512	724	344	331	434	690	749	374	311	792	360	599	363	347	471	751	629	761	324	484	545	477	647	743	720	604	649	728	459	389	
404	399	721	521	594	590	428	475	658	721	625	357	663	325	529	464	692	0	496	349	730	411	597	592	487	638	608	323	569	774	690	653	711	533	362	743	480	338	648	467	688	616	774	652	566	721	755	456	646	755	529	794	394	670	398	549	301	525	355	682	742	
517	408	373	688	520	691	566	496	767	641	746	422	650	473	318	324	553	496	0	609	750	641	603	639	433	723	528	670	413	379	671	425	621	648	535	361	793	738	708	629	383	348	650	533	456	642	529	736	394	732	521	702	650	419	769	438	515	603	768	402	643	
794	766	422	335	564	361	777	324	518	787	706	542	697	644	752	649	439	349	609	0	692	354	510	696	323	762	315	583	742	487	311	454	333	336	420	366	326	699	722	343	528	422	486	662	625	532	687	382	665	624	656	376	772	463	491	385	739	329	707	742	399	
439	344	582	303	750	345	726	442	688	590	718	498	672	597	794	799	320	730	750	692	0	700	514	526	364	651	765	783	563	304	519	647	509	377	375	673	571	417	754	488	437	607	700	628	582	340	337	720	677	368	332	476	511	606	550	541	524	505	716	602	399	
488	485	722	580	417	397	401	691	716	647	642	540	444	516	361	473	676	411	641	354	700	0	300	499	483	554	511	756	368	638	325	741	724	326	578	617	457	346	477	621	334	615	798	715	769	517	677	315	520	557	342	755	358	441	518	534	391	624	655	597	715	
310	710	308	607	672	387	782	687	577	719	594	579	608	398	742	543	649	597	603	510	514	300	0	301	367	398	590	657	484	357	794	466	703	541	331	540	785	641	548	583	613	530	571	359	326	656	689	648	773	587	768	768	573	566	469	344	534	523	706	312	417	
744	423	373	794	552	707	615	708	787	306	601	389	477	378	557	449	332	592	639	696	526	499	301	0	409	771	591	679	372	643	655	517	396	534	467	665	699	544	639	641	461	502	728	350	759	551	300	517	372	342	772	525	449	442	547	403	799	555	638	312	463	
706	390	417	523	748	435	528	608	334	767	694	764	504	533	403	448	409	487	433	323	364	483	367	409	0	579	566	494	418	723	331	471	764	490	498	479	665	307	387	570	724	587	382	406	618	728	329	500	667	588	580	404	352	548	555	687	478	649	397	653	658	
712	628	540	372	458	688	592	720	660	438	305	661	683	534	497	659	525	638	723	762	651	554	398	771	579	0	537	594	545	416	527	751	594	474	437	683	553	564	349	595	555	780	313	643	346	781	670	475	475	414	764	675	483	494	440	768	595	416	314	388	522	
639	441	642	457	770	715	716	501	667	657	307	418	675	543	632	774	569	608	528	315	765	511	590	591	566	537	0	311	324	640	797	369	520	488	620	696	626	604	553	584	520	795	517	779	499	327	779	477	303	538	317	570	613	514	587	462	554	449	644	489	638	
675	539	492	634	554	516	693	314	302	327	483	463	561	337	322	703	580	323	670	583	783	756	657	679	494	594	311	0	330	370	374	313	625	512	601	445	749	741	502	625	537	739	611	526	435	673	595	342	739	506	786	611	398	427	526	563	322	762	575	371	306	
536	426	662	579	392	343	777	359	477	503	446	579	569	312	509	696	516	569	413	742	563	368	484	372	418	545	324	330	0	559	479	651	342	409	334	514	627	707	380	363	413	781	651	661	349	655	456	622	592	783	692	502	407	534	440	537	470	480	795	370	707	
307	796	545	559	502	692	397	451	491	602	750	534	757	622	538	628	630	774	379	487	304	638	357	643	723	416	640	370	559	0	694	407	543	370	437	475	726	526	537	668	312	437	524	567	632	513	337	709	565	421	506	321	710	397	399	750	311	366	534	343	421	
787	446	513	584	494	649	770	564	698	587	787	774	607	394	676	424	572	690	671	311	519	325	794	655	331	527	797	374	479	694	0	573	682	306	792	378	365	549	439	463	688	449	355	722	560	479	534	493	633	506	376	400	664	303	378	409	546	478	684	553	544	
733	601	401	366	695	604	517	502	446	336	614	795	300	686	348	707	512	653	425	454	647	741	466	517	471	751	369	313	651	407	573	0	475	624	418	718	304	458	692	732	589	560	621	737	451	779	749	430	718	567	494	501	416	479	597	648	739	653	571	481	605	
416	473	602	532	317	496	529	366	407	768	586	744	352	772	697	742	724	711	621	333	509	724	703	396	764	594	520	625	342	543	682	475	0	715	678	407	496	525	357	718	374	494	656	533	544	616	675	672	798	666	418	637	473	443	761	731	394	753	638	678	739	
588	601	621	345	626	599	698	318	402	334	511	399	552	556	532	529	344	533	648	336	377	326	541	534	490	474	488	512	409	370	306	624	715	0	486	315	733	745	744	553	428	615	578	564	794	798	467	645	563	722	620	368	393	335	471	433	709	353	782	625	404	
542	400	712	797	401	349	649	459	743	680	692	627	442	642	539	380	331	362	535	420	375	578	331	467	498	437	620	601	334	437	792	418	678	486	0	506	538	387	767	480	617	401	742	453	355	488	326	711	595	706	774	742	786	705	568	537	726	527	324	621	344	
699	418	344	394	454	603	533	736	531	642	409	303	481	765	618	771	434	743	361	366	673	617	540	665	479	683	696	445	514	475	378	718	407	315	506	0	721	674	526	645	520	532	678	682	661	591	682	688	423	550	431	572	553	602	627	304	710	548	504	533	481	
520	343	728	770	334	550	602	325	753	517	554	694	497	557	365	560	690	480	793	326	571	457	785	699	665	553	626	749	627	726	365	304	496	733	538	721	0	673	598	595	311	755	462	565	786	305	715	583	627	446	541	685	368	693	534	552	791	576	515	637	493	
704	759	709	387	587	645	439	518	353	762	780	708	359	679	696	516	749	338	738	699	417	346	641	544	307	564	604	741	707	526	549	458	525	745	387	674	673	0	730	619	418	606	471	323	410	692	519	618	398	599	453	654	483	301	570	543	673	427	755	713	507	
617	534	723	771	554	699	491	694	442	352	301	520	768	629	413	528	374	648	708	722	754	477	548	639	387	349	553	502	380	537	439	692	357	744	767	526	598	730	0	594	461	396	453	462	748	692	430	752	378	648	696	403	607	446	490	616	723	616	672	620	487	
333	560	363	453	637	559	695	706	344	508	673	587	517	687	462	384	311	467	629	343	488	621	583	641	570	595	584	625	363	668	463	732	718	553	480	645	595	619	594	0	383	687	447	761	328	423	376	794	463	731	400	300	729	723	534	503	423	745	751	418	750	
357	776	683	397	687	528	447	434	699	713	768	370	519	509	707	793	792	688	383	528	437	334	613	461	724	555	520	537	413	312	688	589	374	428	617	520	311	418	461	383	0	493	345	417	596	787	355	379	426	609	508	661	519	524	574	613	716	532	797	703	358	
792	686	308	391	744	783	645	628	683	641	462	608	611	527	687	382	360	616	348	422	607	615	530	502	587	780	795	739	781	437	449	560	494	615	401	532	755	606	396	687	493	0	583	323	564	399	683	734	532	325	423	783	586	544	675	325	710	795	335	534	450	
396	340	399	620	697	625	326	708	363	722	765	653	754	723	762	475	599	774	650	486	700	798	571	728	382	313	517	611	651	524	355	621	656	578	742	678	462	471	453	447	345	583	0	557	463	607	493	326	610	653	692	655	430	779	745	624	488	700	576	624	329	
415	477	374	485	530	743	493	645	720	687	436	363	779	493	780	323	363	652	533	662	628	715	359	350	406	643	779	526	661	567	722	737	533	564	453	682	565	323	462	761	417	323	557	0	527	680	307	767	362	484	453	430	432	707	594	537	430	667	341	684	599	
758	560	362	355	414	350	770	450	560	653	368	680	655	471	630	492	347	566	456	625	582	769	326	759	618	346	499	435	349	632	560	451	544	794	355	661	786	410	748	328	596	564	463	527	0	497	652	706	760	721	316	671	529	586	359	505	329	333	669	434	496	
464	397	426	532	693	319	334	574	417	486	526	766	490	481	593	331	471	721	642	532	340	517	656	551	728	781	327	673	655	513	479	779	616	798	488	591	305	692	692	423	787	399	607	680	497	0	541	349	524	589	555	752	725	434	328	358	784	514	694	336	683	
461	502	715	384	512	424	705	652	408	623	772	773	750	330	788	392	751	755	529	687	337	677	689	300	329	670	779	595	456	337	534	749	675	467	326	682	715	519	430	376	355	683	493	307	652	541	0	773	665	714	703	699	791	468	521	551	306	372	393	637	542	
346	347	565	356	413	473	383	483	395	399	655	452	318	735	691	632	629	456	736	382	720	315	648	517	500	475	477	342	622	709	493	430	672	645	711	688	583	618	752	794	379	734	326	767	706	349	773	0	743	683	553	396	387	418	350	582	511	308	381	793	482	
564	339	744	433	575	356	346	551	706	609	702	616	448	769	587	528	761	646	394	665	677	520	773	372	667	475	303	739	592	565	633	718	798	563	595	423	627	398	378	463	426	532	610	362	760	524	665	743	0	602	406	758	741	710	741	705	584	513	520	505	782	
552	639	781	552	496	606	576	326	448	651	435	584	610	717	518	373	324	755	732	624	368	557	587	342	588	414	538	506	783	421	506	567	666	722	706	550	446	599	648	731	609	325	653	484	721	589	714	683	602	0	594	341	535	510	623	797	606	683	702	700	305	
475	725	647	365	523	631	389	693	677	464	398	375	558	749	534	317	484	529	521	656	332	342	768	772	580	764	317	786	692	506	376	494	418	620	774	431	541	453	696	400	508	423	692	453	316	555	703	553	406	594	0	547	521	565	366	348	312	464	370	600	664	
660	494	321	451	409	370	769	332	707	652	354	556	587	414	571	460	545	794	702	376	476	755	768	525	404	675	570	611	502	321	400	501	637	368	742	572	685	654	403	300	661	783	655	430	671	752	699	396	758	341	547	0	678	557	672	721	508	682	575	673	651	
777	436	624	521	505	772	320	301	524	681	785	590	482	427	376	776	477	394	650	772	511	358	573	449	352	483	613	398	407	710	664	416	473	393	786	553	368	483	607	729	519	586	430	432	529	725	791	387	741	535	521	678	0	333	458	518	545	489	722	780	751	
757	694	442	771	638	683	696	331	394	631	540	308	392	305	660	349	647	670	419	463	606	441	566	442	548	494	514	427	534	397	303	479	443	335	705	602	693	301	446	723	524	544	779	707	586	434	468	418	710	510	565	557	333	0	335	354	784	632	758	784	471	
365	787	397	342	550	793	335	759	348	458	530	718	582	738	644	769	743	398	769	491	550	518	469	547	555	440	587	526	440	399	378	597	761	471	568	627	534	570	490	534	574	675	745	594	359	328	521	350	741	623	366	672	458	335	0	304	452	339	482	735	383	
727	334	622	328	518	436	718	415	736	395	563	409	518	551	536	524	720	549	438	385	541	534	344	403	687	768	462	563	537	750	409	648	731	433	537	304	552	543	616	503	613	325	624	537	505	358	551	582	705	797	348	721	518	354	304	0	561	649	491	743	603	
573	686	730	699	726	542	735	439	706	346	786	614	568	409	659	492	604	301	515	739	524	391	534	799	478	595	554	322	470	311	546	739	394	709	726	710	791	673	723	423	716	710	488	430	329	784	306	511	584	606	312	508	545	784	452	561	0	516	630	325	318	
524	497	588	518	321	661	659	502	569	683	489	566	773	748	514	632	649	525	603	329	505	624	523	555	649	416	449	762	480	366	478	653	753	353	527	548	576	427	616	745	532	795	700	667	333	514	372	308	513	683	464	682	489	632	339	649	516	0	645	326	407	
742	529	397	375	632	796	565	694	568	627	442	482	586	717	556	531	728	355	768	707	716	655	706	638	397	314	644	575	795	534	684	571	638	782	324	504	515	755	672	751	797	335	576	341	669	694	393	381	520	702	370	575	722	758	482	491	630	645	0	461	419	
398	349	780	371	618	793	499	773	682	638	594	747	652	521	406	469	459	682	402	742	602	597	312	312	653	388	489	371	370	343	553	481	678	625	621	533	637	713	620	418	703	534	624	684	434	336	637	793	505	700	600	673	780	784	735	743	325	326	461	0	357	
462	409	328	600	453	600	694	315	427	364	732	754	563	783	371	500	389	742	643	399	399	715	417	463	658	522	638	306	707	421	544	605	739	404	344	481	493	507	487	750	358	450	329	599	496	683	542	482	782	305	664	651	751	471	383	603	318	407	419	357	0	
etats
Id_Station	Poids W	Min (P)	WSPT	Priorité	
1	3	300	33,33	1	
2	6	301	33,44	2	
3	4	330	36,67	3	
4	6	300	37,50	4	
5	9	301	37,63	5	
6	7	341	37,89	6	
7	1	310	38,75	7	
8	8	311	38,88	8	
9	8	314	39,25	9	
10	7	300	42,86	10	
11	8	300	42,86	11	
12	1	301	43,00	12	
13	3	302	43,14	13	
14	6	306	43,71	14	
15	1	311	44,43	15	
16	2	300	50,00	16	
17	9	300	50,00	17	
18	4	300	50,00	18	
19	9	313	52,17	19	
20	1	321	53,50	20	
21	7	337	56,17	21	
22	2	300	60,00	22	
23	3	301	60,20	23	
24	9	311	62,20	24	
25	7	320	64,00	25	
26	7	331	66,20	26	
27	2	301	75,25	27	
28	3	307	76,75	28	
29	1	314	78,50	29	
30	1	325	81,25	30	
31	3	300	100,00	31	
32	1	301	100,33	32	
33	1	304	101,33	33	
34	7	305	101,67	34	
35	2	308	102,67	35	
36	1	314	104,67	36	
37	4	319	106,33	37	
38	1	328	109,33	38	
39	8	300	150,00	39	
40	8	300	150,00	40	
41	2	301	150,50	41	
42	1	302	151,00	42	
43	8	304	152,00	43	
44	3	304	152,00	44	
45	6	305	152,50	45	
46	7	309	154,50	46	
47	8	310	155,00	47	
48	6	310	155,00	48	
49	1	314	157,00	49	
50	9	325	162,50	50	
51	5	302	302,00	51	
52	5	302	302,00	52	
53	5	302	302,00	53	
54	3	304	304,00	54	
55	3	309	309,00	55	
56	9	310	310,00	56	
57	3	315	315,00	57	
58	3	318	318,00	58	
59	4	318	318,00	59	
60	1	320	320,00	60	

