distances
0	666	773	497	317	336	512	302	440	576	669	390	446	472	650	684	459	595	393	406	746	687	487	486	377	753	728	742	388	516	663	305	453	649	438	705	518	578	322	400	650	661	585	712	306	431	453	668	504	327	628	339	572	689	438	526	389	483	413	708	795	
666	0	329	739	300	548	549	625	567	419	379	691	426	747	779	749	793	714	637	650	458	585	693	705	507	359	701	382	784	686	428	358	651	463	537	518	708	657	648	404	321	686	483	682	668	470	747	566	455	375	377	408	618	404	701	416	782	633	626	584	556	
773	329	0	772	649	655	458	463	329	641	359	356	799	784	637	739	422	439	382	550	713	783	457	478	769	475	370	579	696	585	789	323	335	759	580	785	344	461	485	671	533	438	537	332	543	781	447	488	797	709	541	626	791	358	786	757	311	640	784	651	569	
497	739	772	0	400	520	738	684	434	442	353	795	399	443	534	798	634	541	352	432	453	540	671	387	564	696	679	545	599	368	445	348	537	767	429	792	325	570	524	745	499	509	375	587	334	560	370	625	526	581	316	776	762	463	665	395	388	451	370	483	773	
317	300	649	400	0	376	599	706	706	599	671	546	515	422	644	737	479	487	653	350	490	337	556	443	607	401	543	312	343	763	400	449	437	548	483	582	378	457	322	370	667	746	468	594	427	770	319	770	562	485	775	336	485	455	540	773	574	489	683	573	665	
336	548	655	520	376	0	488	376	371	718	777	562	376	373	581	354	745	388	428	761	360	623	697	496	520	677	516	772	758	539	648	777	453	717	557	752	725	642	436	739	674	337	339	486	367	757	574	733	430	728	378	409	722	605	426	610	422	617	441	329	552	
512	549	458	738	599	488	0	498	636	535	643	510	712	677	610	331	455	397	315	623	542	710	577	421	364	568	691	746	351	370	472	721	421	303	559	461	561	676	677	579	355	608	528	441	540	418	329	731	563	515	712	598	396	606	622	657	394	756	685	538	657	
302	625	463	684	706	376	498	0	332	590	309	474	573	786	559	403	473	481	503	577	318	332	363	584	783	721	783	570	676	481	485	643	386	755	744	744	565	630	339	542	516	516	452	671	478	462	775	316	446	440	779	400	408	471	528	740	375	404	769	331	574	
440	567	329	434	706	371	636	332	0	451	458	641	747	538	414	645	780	505	401	447	634	638	448	733	303	590	477	400	585	532	419	334	787	665	619	517	300	319	330	451	360	786	510	330	619	753	648	584	382	439	349	753	667	338	641	351	591	347	431	651	544	
576	419	641	442	599	718	535	590	451	0	329	731	682	313	373	749	796	776	444	426	469	752	786	407	715	482	503	726	649	664	661	747	691	486	798	589	619	741	629	406	799	418	476	313	718	698	489	395	485	752	746	569	591	594	466	544	475	758	512	376	747	
669	379	359	353	671	777	643	309	458	329	0	458	675	772	630	662	457	526	465	329	688	335	612	633	353	666	425	778	593	638	355	409	739	577	345	466	472	668	349	659	787	392	524	389	558	509	603	648	708	731	518	609	456	502	776	560	392	442	543	423	460	
390	691	356	795	546	562	510	474	641	731	458	0	692	348	643	550	489	767	456	648	396	798	559	562	381	368	462	615	669	703	385	577	305	703	635	361	457	535	777	464	419	470	729	353	627	740	437	698	379	477	756	470	512	508	490	360	376	639	444	587	638	
446	426	799	399	515	376	712	573	747	682	675	692	0	643	410	581	467	573	398	620	324	330	322	351	368	433	426	487	637	741	443	468	686	639	361	633	468	712	792	444	714	766	704	451	544	795	519	596	672	459	690	380	666	477	714	455	527	507	723	611	312	
472	747	784	443	422	373	677	786	538	313	772	348	643	0	762	348	640	340	619	474	584	542	614	305	540	404	542	630	701	461	503	657	623	532	448	771	589	329	352	612	458	513	678	325	646	333	411	309	760	462	679	340	670	748	697	774	340	603	774	686	411	
650	779	637	534	644	581	610	559	414	373	630	643	410	762	0	489	717	706	717	395	614	743	741	557	454	411	357	685	732	591	757	618	435	760	334	704	722	522	738	532	682	405	621	743	618	359	628	517	459	331	468	668	676	323	459	640	768	605	399	511	739	
684	749	739	798	737	354	331	403	645	749	662	550	581	348	489	0	708	606	432	785	565	335	542	399	304	380	627	740	516	785	335	464	639	432	742	478	654	347	376	651	479	667	308	478	627	407	773	648	423	333	409	581	635	651	339	343	628	483	547	527	758	
459	793	422	634	479	745	455	473	780	796	457	489	467	640	717	708	0	530	532	726	561	402	386	513	391	724	614	719	722	704	554	443	599	757	643	471	359	588	542	704	569	501	692	578	523	689	610	698	569	755	580	732	456	305	634	661	384	680	553	731	405	
595	714	439	541	487	388	397	481	505	776	526	767	573	340	706	606	530	0	303	605	444	713	657	327	386	687	713	490	683	466	570	566	604	470	793	738	714	331	358	445	794	397	610	466	524	436	579	698	764	779	418	432	560	670	462	452	357	771	713	532	792	
393	637	382	352	653	428	315	503	401	444	465	456	398	619	717	432	532	303	0	417	334	410	431	363	696	640	547	596	532	691	715	705	510	676	360	465	388	606	553	579	471	373	550	640	636	562	708	375	608	624	749	569	677	744	555	640	637	504	582	685	557	
406	650	550	432	350	761	623	577	447	426	329	648	620	474	395	785	726	605	417	0	495	503	411	305	678	640	582	608	536	396	710	704	555	599	534	674	720	570	761	422	463	557	678	484	424	649	423	751	738	356	686	490	514	362	746	698	338	399	473	792	367	
746	458	713	453	490	360	542	318	634	469	688	396	324	584	614	565	561	444	334	495	0	337	329	410	421	379	786	520	498	611	634	405	405	786	469	503	534	557	618	400	411	481	705	647	415	553	697	584	797	616	718	647	419	685	649	680	580	358	396	589	556	
687	585	783	540	337	623	710	332	638	752	335	798	330	542	743	335	402	713	410	503	337	0	713	354	768	319	762	328	450	674	394	545	472	609	545	671	779	411	488	733	395	409	398	413	304	758	787	547	466	370	413	416	533	790	760	676	702	384	637	662	619	
487	693	457	671	556	697	577	363	448	786	612	559	322	614	741	542	386	657	431	411	329	713	0	422	345	301	300	758	538	480	334	342	506	387	768	496	681	537	669	423	481	351	632	464	407	627	692	371	483	537	529	662	523	415	701	440	765	359	579	549	741	
486	705	478	387	443	496	421	584	733	407	633	562	351	305	557	399	513	327	363	305	410	354	422	0	420	776	335	576	382	453	648	442	310	307	334	407	447	644	413	425	512	707	321	465	304	654	695	465	376	309	699	343	342	474	753	507	479	460	521	751	534	
377	507	769	564	607	520	364	783	303	715	353	381	368	540	454	304	391	386	696	678	421	768	345	420	0	422	565	660	473	792	644	734	302	593	542	657	604	395	502	533	506	729	527	370	574	518	731	722	707	653	524	626	339	397	577	330	488	552	390	336	408	
753	359	475	696	401	677	568	721	590	482	666	368	433	404	411	380	724	687	640	640	379	319	301	776	422	0	561	480	401	740	624	575	785	470	510	774	411	377	522	559	382	688	705	720	493	400	559	537	770	625	723	436	461	391	486	463	637	708	415	546	702	
728	701	370	679	543	516	691	783	477	503	425	462	426	542	357	627	614	713	547	582	786	762	300	335	565	561	0	434	409	508	534	448	778	514	555	528	455	456	589	355	411	469	691	677	718	658	791	420	403	355	475	478	567	760	616	452	711	361	759	306	618	
742	382	579	545	312	772	746	570	400	726	778	615	487	630	685	740	719	490	596	608	520	328	758	576	660	480	434	0	424	434	409	507	555	418	469	673	485	425	789	677	709	697	646	786	597	551	705	744	527	382	722	383	394	657	563	577	703	573	519	783	650	
388	784	696	599	343	758	351	676	585	649	593	669	637	701	732	516	722	683	532	536	498	450	538	382	473	401	409	424	0	339	640	445	664	770	702	694	322	668	651	787	710	428	590	381	450	427	381	483	687	623	692	512	724	378	544	666	605	609	500	427	400	
516	686	585	368	763	539	370	481	532	664	638	703	741	461	591	785	704	466	691	396	611	674	480	453	792	740	508	434	339	0	355	794	413	376	387	442	539	444	673	360	357	642	775	729	640	684	724	553	354	740	402	515	404	607	386	651	412	651	427	486	634	
663	428	789	445	400	648	472	485	419	661	355	385	443	503	757	335	554	570	715	710	634	394	334	648	644	624	534	409	640	355	0	393	684	632	729	453	647	548	659	428	546	734	379	674	375	331	441	499	758	585	627	733	485	447	507	486	387	310	688	538	445	
305	358	323	348	449	777	721	643	334	747	409	577	468	657	618	464	443	566	705	704	405	545	342	442	734	575	448	507	445	794	393	0	306	514	401	639	717	735	719	395	416	446	363	389	762	373	582	471	644	577	381	570	537	488	566	450	748	302	759	652	454	
453	651	335	537	437	453	421	386	787	691	739	305	686	623	435	639	599	604	510	555	405	472	506	310	302	785	778	555	664	413	684	306	0	328	446	786	618	502	634	508	489	517	548	379	776	509	753	313	426	404	788	667	685	424	481	576	711	538	710	428	305	
649	463	759	767	548	717	303	755	665	486	577	703	639	532	760	432	757	470	676	599	786	609	387	307	593	470	514	418	770	376	632	514	328	0	386	561	407	625	519	656	795	670	374	488	670	755	782	381	760	332	636	546	764	700	702	439	623	651	688	308	583	
438	537	580	429	483	557	559	744	619	798	345	635	361	448	334	742	643	793	360	534	469	545	768	334	542	510	555	469	702	387	729	401	446	386	0	391	782	724	373	408	401	701	786	465	520	741	637	380	353	743	468	584	777	735	493	776	780	779	567	404	485	
705	518	785	792	582	752	461	744	517	589	466	361	633	771	704	478	471	738	465	674	503	671	496	407	657	774	528	673	694	442	453	639	786	561	391	0	744	738	317	617	381	617	341	725	719	741	326	469	769	699	645	651	584	507	410	707	529	380	317	384	684	
518	708	344	325	378	725	561	565	300	619	472	457	468	589	722	654	359	714	388	720	534	779	681	447	604	411	455	485	322	539	647	717	618	407	782	744	0	484	673	663	535	544	541	746	528	721	638	741	458	535	486	768	700	310	729	533	700	460	368	798	503	
578	657	461	570	457	642	676	630	319	741	668	535	712	329	522	347	588	331	606	570	557	411	537	644	395	377	456	425	668	444	548	735	502	625	724	738	484	0	444	644	423	454	656	697	386	531	699	392	502	679	532	789	339	534	319	467	698	379	764	451	709	
322	648	485	524	322	436	677	339	330	629	349	777	792	352	738	376	542	358	553	761	618	488	669	413	502	522	589	789	651	673	659	719	634	519	373	317	673	444	0	750	702	795	636	475	625	776	330	670	701	551	385	470	524	748	729	758	362	533	587	788	789	
400	404	671	745	370	739	579	542	451	406	659	464	444	612	532	651	704	445	579	422	400	733	423	425	533	559	355	677	787	360	428	395	508	656	408	617	663	644	750	0	749	320	553	667	643	728	562	698	672	413	309	560	525	328	602	561	695	322	731	763	462	
650	321	533	499	667	674	355	516	360	799	787	419	714	458	682	479	569	794	471	463	411	395	481	512	506	382	411	709	710	357	546	416	489	795	401	381	535	423	702	749	0	498	751	606	640	359	706	736	338	717	466	607	730	676	770	640	381	596	790	511	517	
661	686	438	509	746	337	608	516	786	418	392	470	766	513	405	667	501	397	373	557	481	409	351	707	729	688	469	697	428	642	734	446	517	670	701	617	544	454	795	320	498	0	349	586	792	792	684	700	632	353	411	778	354	466	653	789	338	342	366	709	357	
585	483	537	375	468	339	528	452	510	476	524	729	704	678	621	308	692	610	550	678	705	398	632	321	527	705	691	646	590	775	379	363	548	374	786	341	541	656	636	553	751	349	0	652	513	769	471	387	666	312	495	529	316	477	767	368	719	391	745	430	329	
712	682	332	587	594	486	441	671	330	313	389	353	451	325	743	478	578	466	640	484	647	413	464	465	370	720	677	786	381	729	674	389	379	488	465	725	746	697	475	667	606	586	652	0	788	381	564	309	588	536	485	408	637	432	426	788	676	466	383	540	459	
306	668	543	334	427	367	540	478	619	718	558	627	544	646	618	627	523	524	636	424	415	304	407	304	574	493	718	597	450	640	375	762	776	670	520	719	528	386	625	643	640	792	513	788	0	725	626	512	654	713	410	787	463	495	717	673	407	717	726	490	569	
431	470	781	560	770	757	418	462	753	698	509	740	795	333	359	407	689	436	562	649	553	758	627	654	518	400	658	551	427	684	331	373	509	755	741	741	721	531	776	728	359	792	769	381	725	0	744	545	689	696	397	737	653	390	592	373	439	568	367	633	514	
453	747	447	370	319	574	329	775	648	489	603	437	519	411	628	773	610	579	708	423	697	787	692	695	731	559	791	705	381	724	441	582	753	782	637	326	638	699	330	562	706	684	471	564	626	744	0	757	532	766	733	575	366	385	771	306	789	706	621	733	420	
668	566	488	625	770	733	731	316	584	395	648	698	596	309	517	648	698	698	375	751	584	547	371	465	722	537	420	744	483	553	499	471	313	381	380	469	741	392	670	698	736	700	387	309	512	545	757	0	650	755	681	357	528	464	447	328	365	795	314	441	633	
504	455	797	526	562	430	563	446	382	485	708	379	672	760	459	423	569	764	608	738	797	466	483	376	707	770	403	527	687	354	758	644	426	760	353	769	458	502	701	672	338	632	666	588	654	689	532	650	0	648	633	319	609	523	486	703	601	343	478	340	621	
327	375	709	581	485	728	515	440	439	752	731	477	459	462	331	333	755	779	624	356	616	370	537	309	653	625	355	382	623	740	585	577	404	332	743	699	535	679	551	413	717	353	312	536	713	696	766	755	648	0	610	735	452	355	528	484	454	763	520	310	328	
628	377	541	316	775	378	712	779	349	746	518	756	690	679	468	409	580	418	749	686	718	413	529	699	524	723	475	722	692	402	627	381	788	636	468	645	486	532	385	309	466	411	495	485	410	397	733	681	633	610	0	713	363	685	635	664	463	556	753	615	523	
339	408	626	776	336	409	598	400	753	569	609	470	380	340	668	581	732	432	569	490	647	416	662	343	626	436	478	383	512	515	733	570	667	546	584	651	768	789	470	560	607	778	529	408	787	737	575	357	319	735	713	0	758	486	525	327	564	597	613	647	429	
572	618	791	762	485	722	396	408	667	591	456	512	666	670	676	635	456	560	677	514	419	533	523	342	339	461	567	394	724	404	485	537	685	764	777	584	700	339	524	525	730	354	316	637	463	653	366	528	609	452	363	758	0	731	574	562	339	618	608	723	542	
689	404	358	463	455	605	606	471	338	594	502	508	477	748	323	651	305	670	744	362	685	790	415	474	397	391	760	657	378	607	447	488	424	700	735	507	310	534	748	328	676	466	477	432	495	390	385	464	523	355	685	486	731	0	719	428	422	390	460	586	390	
438	701	786	665	540	426	622	528	641	466	776	490	714	697	459	339	634	462	555	746	649	760	701	753	577	486	616	563	544	386	507	566	481	702	493	410	729	319	729	602	770	653	767	426	717	592	771	447	486	528	635	525	574	719	0	525	679	669	650	668	374	
526	416	757	395	773	610	657	740	351	544	560	360	455	774	640	343	661	452	640	698	680	676	440	507	330	463	452	577	666	651	486	450	576	439	776	707	533	467	758	561	640	789	368	788	673	373	306	328	703	484	664	327	562	428	525	0	742	581	650	733	378	
389	782	311	388	574	422	394	375	591	475	392	376	527	340	768	628	384	357	637	338	580	702	765	479	488	637	711	703	605	412	387	748	711	623	780	529	700	698	362	695	381	338	719	676	407	439	789	365	601	454	463	564	339	422	679	742	0	511	779	573	591	
483	633	640	451	489	617	756	404	347	758	442	639	507	603	605	483	680	771	504	399	358	384	359	460	552	708	361	573	609	651	310	302	538	651	779	380	460	379	533	322	596	342	391	466	717	568	706	795	343	763	556	597	618	390	669	581	511	0	339	761	349	
413	626	784	370	683	441	685	769	431	512	543	444	723	774	399	547	553	713	582	473	396	637	579	521	390	415	759	519	500	427	688	759	710	688	567	317	368	764	587	731	790	366	745	383	726	367	621	314	478	520	753	613	608	460	650	650	779	339	0	752	601	
708	584	651	483	573	329	538	331	651	376	423	587	611	686	511	527	731	532	685	792	589	662	549	751	336	546	306	783	427	486	538	652	428	308	404	384	798	451	788	763	511	709	430	540	490	633	733	441	340	310	615	647	723	586	668	733	573	761	752	0	441	
795	556	569	773	665	552	657	574	544	747	460	638	312	411	739	758	405	792	557	367	556	619	741	534	408	702	618	650	400	634	445	454	305	583	485	684	503	709	789	462	517	357	329	459	569	514	420	633	621	328	523	429	542	390	374	378	591	349	601	441	0	
etats
Id_Station	Poids W	Min (P)	WSPT	Priorité	
1	6	300	33,33	1	
2	2	302	33,56	2	
3	9	303	33,67	3	
4	6	304	33,78	4	
5	3	304	33,78	5	
6	1	308	34,22	6	
7	9	310	34,44	7	
8	3	316	35,11	8	
9	1	300	37,50	9	
10	7	301	37,63	10	
11	7	301	37,63	11	
12	1	306	38,25	12	
13	1	307	38,38	13	
14	6	307	38,38	14	
15	2	309	38,63	15	
16	9	311	38,88	16	
17	7	300	42,86	17	
18	3	300	42,86	18	
19	5	301	43,00	19	
20	9	302	43,14	20	
21	1	305	43,57	21	
22	6	307	43,86	22	
23	7	311	44,43	23	
24	3	313	44,71	24	
25	9	324	46,29	25	
26	6	300	50,00	26	
27	1	300	50,00	27	
28	4	301	50,17	28	
29	9	307	51,17	29	
30	2	307	51,17	30	
31	7	319	53,17	31	
32	2	300	60,00	32	
33	3	305	61,00	33	
34	1	307	61,40	34	
35	8	309	61,80	35	
36	5	313	62,60	36	
37	1	314	62,80	37	
38	8	300	75,00	38	
39	9	303	75,75	39	
40	2	304	76,00	40	
41	4	307	76,75	41	
42	2	313	78,25	42	
43	9	316	79,00	43	
44	1	332	83,00	44	
45	5	301	100,33	45	
46	9	312	104,00	46	
47	3	300	150,00	47	
48	3	303	151,50	48	
49	6	310	155,00	49	
50	2	315	157,50	50	
51	3	316	158,00	51	
52	1	322	161,00	52	
53	9	301	301,00	53	
54	3	301	301,00	54	
55	8	302	302,00	55	
56	6	306	306,00	56	
57	7	307	307,00	57	
58	1	309	309,00	58	
59	8	312	312,00	59	
60	7	314	314,00	60	

