distances
0	493	479	692	364	435	394	798	653	666	335	591	538	613	495	503	513	544	560	341	511	590	520	487	590	428	417	367	383	340	605	464	402	760	318	306	518	781	780	703	662	
493	0	446	537	524	504	679	488	397	704	792	552	580	665	744	473	769	531	471	637	716	383	720	589	636	717	563	796	544	635	612	776	496	436	309	424	445	366	444	685	479	
479	446	0	344	687	738	604	427	591	504	666	583	456	748	784	305	427	309	789	440	411	727	377	313	310	625	689	329	360	322	437	556	731	369	580	403	472	663	701	486	434	
692	537	344	0	534	306	678	327	504	536	799	621	791	781	454	758	412	373	584	493	400	373	422	489	524	510	799	738	657	705	463	537	750	493	620	766	335	473	407	655	780	
364	524	687	534	0	584	565	310	308	535	578	614	797	426	728	473	480	640	435	380	612	783	709	349	454	548	796	723	786	774	383	799	442	463	604	644	621	593	596	581	479	
435	504	738	306	584	0	698	459	697	365	502	663	625	715	464	788	790	323	556	413	320	764	383	450	650	421	785	342	531	400	743	651	458	742	603	553	599	796	489	580	539	
394	679	604	678	565	698	0	553	345	799	496	306	613	370	305	549	536	743	455	354	368	477	721	640	564	692	718	584	369	644	646	535	500	728	402	524	752	425	484	563	312	
798	488	427	327	310	459	553	0	308	590	429	680	599	596	415	752	618	322	735	337	716	340	677	435	675	366	778	571	599	367	649	643	666	770	454	380	484	783	587	459	433	
653	397	591	504	308	697	345	308	0	587	796	652	716	306	566	491	440	458	377	528	777	432	768	778	532	743	748	551	505	458	389	594	319	718	639	621	540	376	468	470	424	
666	704	504	536	535	365	799	590	587	0	436	508	708	311	392	745	669	313	330	301	783	755	475	716	615	544	760	545	419	478	623	374	493	399	431	628	472	734	325	739	399	
335	792	666	799	578	502	496	429	796	436	0	416	306	683	569	775	761	701	548	773	562	787	580	435	796	578	586	736	774	626	638	616	413	747	748	360	477	614	602	306	762	
591	552	583	621	614	663	306	680	652	508	416	0	693	664	408	466	530	356	335	735	486	497	353	380	542	451	344	726	391	418	393	404	673	632	539	525	418	652	303	797	388	
538	580	456	791	797	625	613	599	716	708	306	693	0	647	316	658	309	687	636	636	373	424	685	682	461	514	365	356	416	357	736	315	750	433	536	464	636	312	470	653	380	
613	665	748	781	426	715	370	596	306	311	683	664	647	0	432	779	517	583	697	781	615	659	613	593	364	525	376	799	583	355	498	539	632	524	572	588	322	391	389	791	782	
495	744	784	454	728	464	305	415	566	392	569	408	316	432	0	318	785	431	507	399	458	693	371	516	733	706	394	765	556	574	325	368	314	710	686	319	445	530	424	426	786	
503	473	305	758	473	788	549	752	491	745	775	466	658	779	318	0	730	680	723	753	634	305	425	756	323	726	559	745	788	778	541	662	693	316	785	488	667	328	304	693	744	
513	769	427	412	480	790	536	618	440	669	761	530	309	517	785	730	0	690	659	644	726	367	747	337	518	433	661	363	501	412	328	656	792	676	530	722	485	689	428	448	768	
544	531	309	373	640	323	743	322	458	313	701	356	687	583	431	680	690	0	470	790	382	694	640	490	477	502	432	405	393	518	334	689	495	328	363	709	386	450	523	621	670	
560	471	789	584	435	556	455	735	377	330	548	335	636	697	507	723	659	470	0	714	604	473	433	583	365	437	558	302	457	697	686	748	393	314	369	619	670	692	405	687	490	
341	637	440	493	380	413	354	337	528	301	773	735	636	781	399	753	644	790	714	0	488	740	365	601	584	567	713	495	501	433	320	649	607	777	549	662	712	514	772	649	350	
511	716	411	400	612	320	368	716	777	783	562	486	373	615	458	634	726	382	604	488	0	703	762	629	328	536	645	359	350	717	422	612	703	403	685	434	775	433	636	538	315	
590	383	727	373	783	764	477	340	432	755	787	497	424	659	693	305	367	694	473	740	703	0	337	700	330	309	419	346	515	442	531	778	552	728	613	770	782	461	438	569	459	
520	720	377	422	709	383	721	677	768	475	580	353	685	613	371	425	747	640	433	365	762	337	0	615	590	364	672	534	467	495	705	456	538	444	443	683	313	574	332	332	646	
487	589	313	489	349	450	640	435	778	716	435	380	682	593	516	756	337	490	583	601	629	700	615	0	340	614	719	570	772	391	566	310	679	730	403	334	727	351	621	385	518	
590	636	310	524	454	650	564	675	532	615	796	542	461	364	733	323	518	477	365	584	328	330	590	340	0	431	628	785	347	708	574	475	692	671	467	354	760	381	348	652	564	
428	717	625	510	548	421	692	366	743	544	578	451	514	525	706	726	433	502	437	567	536	309	364	614	431	0	412	779	340	744	461	742	644	628	613	542	679	544	755	409	393	
417	563	689	799	796	785	718	778	748	760	586	344	365	376	394	559	661	432	558	713	645	419	672	719	628	412	0	626	700	759	363	793	329	729	314	453	513	624	436	345	333	
367	796	329	738	723	342	584	571	551	545	736	726	356	799	765	745	363	405	302	495	359	346	534	570	785	779	626	0	653	484	561	720	537	388	750	690	424	326	506	625	456	
383	544	360	657	786	531	369	599	505	419	774	391	416	583	556	788	501	393	457	501	350	515	467	772	347	340	700	653	0	392	662	485	788	401	516	673	470	630	491	642	711	
340	635	322	705	774	400	644	367	458	478	626	418	357	355	574	778	412	518	697	433	717	442	495	391	708	744	759	484	392	0	543	582	670	774	552	446	407	689	410	615	736	
605	612	437	463	383	743	646	649	389	623	638	393	736	498	325	541	328	334	686	320	422	531	705	566	574	461	363	561	662	543	0	513	711	518	443	620	388	744	470	795	741	
464	776	556	537	799	651	535	643	594	374	616	404	315	539	368	662	656	689	748	649	612	778	456	310	475	742	793	720	485	582	513	0	433	552	389	326	793	783	716	682	313	
402	496	731	750	442	458	500	666	319	493	413	673	750	632	314	693	792	495	393	607	703	552	538	679	692	644	329	537	788	670	711	433	0	365	506	613	404	482	395	791	396	
760	436	369	493	463	742	728	770	718	399	747	632	433	524	710	316	676	328	314	777	403	728	444	730	671	628	729	388	401	774	518	552	365	0	781	562	409	434	533	470	580	
318	309	580	620	604	603	402	454	639	431	748	539	536	572	686	785	530	363	369	549	685	613	443	403	467	613	314	750	516	552	443	389	506	781	0	789	689	739	475	496	704	
306	424	403	766	644	553	524	380	621	628	360	525	464	588	319	488	722	709	619	662	434	770	683	334	354	542	453	690	673	446	620	326	613	562	789	0	321	326	454	401	531	
518	445	472	335	621	599	752	484	540	472	477	418	636	322	445	667	485	386	670	712	775	782	313	727	760	679	513	424	470	407	388	793	404	409	689	321	0	645	396	658	722	
781	366	663	473	593	796	425	783	376	734	614	652	312	391	530	328	689	450	692	514	433	461	574	351	381	544	624	326	630	689	744	783	482	434	739	326	645	0	470	337	646	
780	444	701	407	596	489	484	587	468	325	602	303	470	389	424	304	428	523	405	772	636	438	332	621	348	755	436	506	491	410	470	716	395	533	475	454	396	470	0	348	602	
703	685	486	655	581	580	563	459	470	739	306	797	653	791	426	693	448	621	687	649	538	569	332	385	652	409	345	625	642	615	795	682	791	470	496	401	658	337	348	0	673	
662	479	434	780	479	539	312	433	424	399	762	388	380	782	786	744	768	670	490	350	315	459	646	518	564	393	333	456	711	736	741	313	396	580	704	531	722	646	602	673	0	
etats
Id_Station	Poids W	Min (P)	WSPT	Priorité	
1	1				
2	5				
3	1				
4	2				
5	8				
6	7				
7	3				
8	1				
9	2				
10	3				
11	6				
12	1				
13	1				
14	1				
15	7				
16	2				
17	6				
18	4				
19	8				
20	5				
21	6				
22	3				
23	7				
24	8				
25	3				
26	8				
27	3				
28	6				
29	2				
30	5				
31	4				
32	4				
33	4				
34	6				
35	1				
36	6				
37	1				
38	5				
39	2				
40	8				
