distances
0	556	635	621	529	692	403	779	430	677	516	696	658	362	444	388	784	438	541	353	578	530	328	397	645	351	321	402	343	382	521	369	443	338	438	451	572	374	554	706	510	
556	0	447	417	672	752	745	767	772	351	434	590	554	473	699	728	589	497	707	760	789	743	712	750	533	795	758	727	589	526	715	554	416	636	538	751	463	715	335	412	660	
635	447	0	756	488	644	734	725	719	629	726	320	599	733	330	523	467	746	459	749	737	409	696	661	473	720	659	649	483	462	705	336	319	528	349	364	317	515	614	528	475	
621	417	756	0	546	451	402	438	351	467	508	693	428	397	367	565	650	478	356	350	381	740	745	453	388	561	407	765	382	686	796	316	421	404	388	640	391	325	417	739	656	
529	672	488	546	0	350	346	443	647	566	731	434	461	416	389	343	544	326	500	416	554	694	407	337	641	620	387	441	755	694	464	737	691	603	759	457	476	539	537	488	615	
692	752	644	451	350	0	427	366	356	606	488	694	665	407	660	459	300	538	439	612	768	552	328	616	411	570	462	370	389	416	645	452	594	453	708	639	414	702	400	386	663	
403	745	734	402	346	427	0	632	787	640	633	542	760	679	478	511	547	588	417	476	601	539	353	698	315	333	455	462	379	700	551	769	357	697	499	658	682	451	378	446	713	
779	767	725	438	443	366	632	0	673	722	523	423	481	633	791	462	791	385	712	652	694	377	666	413	775	779	385	767	788	661	300	335	358	731	557	589	719	605	378	638	609	
430	772	719	351	647	356	787	673	0	414	348	532	387	511	657	798	473	535	727	785	428	671	513	337	710	514	548	350	310	569	499	385	434	657	431	360	467	694	789	661	628	
677	351	629	467	566	606	640	722	414	0	382	360	630	350	387	653	625	728	745	702	786	521	522	797	342	741	587	422	397	366	691	504	399	455	555	497	363	383	679	322	767	
516	434	726	508	731	488	633	523	348	382	0	766	570	707	549	576	376	638	370	603	471	642	574	318	345	740	777	301	730	793	637	545	777	543	578	421	729	756	424	543	733	
696	590	320	693	434	694	542	423	532	360	766	0	493	372	538	791	641	767	456	433	702	448	798	768	301	586	620	706	341	646	545	732	572	660	501	429	318	391	428	585	603	
658	554	599	428	461	665	760	481	387	630	570	493	0	710	419	468	340	314	558	424	566	584	374	396	417	587	440	362	709	734	799	742	703	391	515	468	654	606	461	525	722	
362	473	733	397	416	407	679	633	511	350	707	372	710	0	417	391	530	340	775	704	335	337	596	752	608	402	672	339	559	402	461	791	684	589	315	678	641	651	433	307	389	
444	699	330	367	389	660	478	791	657	387	549	538	419	417	0	677	520	701	554	436	534	459	610	412	637	463	544	461	590	749	614	637	711	330	615	359	420	481	304	741	473	
388	728	523	565	343	459	511	462	798	653	576	791	468	391	677	0	354	658	657	396	694	525	671	369	676	322	542	642	650	364	300	423	587	569	538	301	511	688	506	391	354	
784	589	467	650	544	300	547	791	473	625	376	641	340	530	520	354	0	361	507	511	498	628	714	650	538	381	366	540	314	744	446	458	419	708	350	370	349	620	541	384	775	
438	497	746	478	326	538	588	385	535	728	638	767	314	340	701	658	361	0	336	446	675	759	338	444	718	796	326	353	569	529	541	778	669	540	767	445	313	554	312	357	593	
541	707	459	356	500	439	417	712	727	745	370	456	558	775	554	657	507	336	0	660	540	410	480	723	559	599	744	635	579	657	587	734	448	700	357	382	436	647	779	380	466	
353	760	749	350	416	612	476	652	785	702	603	433	424	704	436	396	511	446	660	0	679	601	606	418	484	335	614	360	540	732	464	473	349	704	332	661	747	530	420	395	645	
578	789	737	381	554	768	601	694	428	786	471	702	566	335	534	694	498	675	540	679	0	365	735	527	575	728	678	595	493	580	623	464	701	546	427	306	326	413	638	344	498	
530	743	409	740	694	552	539	377	671	521	642	448	584	337	459	525	628	759	410	601	365	0	341	308	410	477	449	685	512	319	463	487	467	527	383	705	685	792	685	419	532	
328	712	696	745	407	328	353	666	513	522	574	798	374	596	610	671	714	338	480	606	735	341	0	741	427	696	400	704	305	344	339	392	345	456	519	329	549	458	496	575	520	
397	750	661	453	337	616	698	413	337	797	318	768	396	752	412	369	650	444	723	418	527	308	741	0	376	638	621	493	373	474	536	434	688	304	625	430	328	636	389	655	659	
645	533	473	388	641	411	315	775	710	342	345	301	417	608	637	676	538	718	559	484	575	410	427	376	0	344	521	305	722	588	792	753	351	596	714	776	510	447	350	308	531	
351	795	720	561	620	570	333	779	514	741	740	586	587	402	463	322	381	796	599	335	728	477	696	638	344	0	537	454	781	483	509	594	308	534	315	682	620	386	375	458	464	
321	758	659	407	387	462	455	385	548	587	777	620	440	672	544	542	366	326	744	614	678	449	400	621	521	537	0	603	566	325	480	494	591	748	418	534	546	702	795	629	660	
402	727	649	765	441	370	462	767	350	422	301	706	362	339	461	642	540	353	635	360	595	685	704	493	305	454	603	0	632	700	414	670	698	370	683	508	505	598	605	714	593	
343	589	483	382	755	389	379	788	310	397	730	341	709	559	590	650	314	569	579	540	493	512	305	373	722	781	566	632	0	781	754	621	661	765	755	428	766	593	719	781	353	
382	526	462	686	694	416	700	661	569	366	793	646	734	402	749	364	744	529	657	732	580	319	344	474	588	483	325	700	781	0	789	428	503	372	713	574	572	436	752	586	657	
521	715	705	796	464	645	551	300	499	691	637	545	799	461	614	300	446	541	587	464	623	463	339	536	792	509	480	414	754	789	0	565	449	523	580	547	570	486	446	768	533	
369	554	336	316	737	452	769	335	385	504	545	732	742	791	637	423	458	778	734	473	464	487	392	434	753	594	494	670	621	428	565	0	711	781	450	595	795	634	459	667	644	
443	416	319	421	691	594	357	358	434	399	777	572	703	684	711	587	419	669	448	349	701	467	345	688	351	308	591	698	661	503	449	711	0	385	708	533	356	370	385	625	509	
338	636	528	404	603	453	697	731	657	455	543	660	391	589	330	569	708	540	700	704	546	527	456	304	596	534	748	370	765	372	523	781	385	0	355	352	592	636	584	316	723	
438	538	349	388	759	708	499	557	431	555	578	501	515	315	615	538	350	767	357	332	427	383	519	625	714	315	418	683	755	713	580	450	708	355	0	398	694	551	418	598	627	
451	751	364	640	457	639	658	589	360	497	421	429	468	678	359	301	370	445	382	661	306	705	329	430	776	682	534	508	428	574	547	595	533	352	398	0	713	305	367	585	347	
572	463	317	391	476	414	682	719	467	363	729	318	654	641	420	511	349	313	436	747	326	685	549	328	510	620	546	505	766	572	570	795	356	592	694	713	0	354	637	701	385	
374	715	515	325	539	702	451	605	694	383	756	391	606	651	481	688	620	554	647	530	413	792	458	636	447	386	702	598	593	436	486	634	370	636	551	305	354	0	603	332	421	
554	335	614	417	537	400	378	378	789	679	424	428	461	433	304	506	541	312	779	420	638	685	496	389	350	375	795	605	719	752	446	459	385	584	418	367	637	603	0	481	757	
706	412	528	739	488	386	446	638	661	322	543	585	525	307	741	391	384	357	380	395	344	419	575	655	308	458	629	714	781	586	768	667	625	316	598	585	701	332	481	0	326	
510	660	475	656	615	663	713	609	628	767	733	603	722	389	473	354	775	593	466	645	498	532	520	659	531	464	660	593	353	657	533	644	509	723	627	347	385	421	757	326	0	
etats
Id_Station	Poids W	Min (P)	WSPT	Priorité	
1	3				
2	7				
3	1				
4	6				
5	7				
6	9				
7	2				
8	4				
9	7				
10	7				
11	8				
12	6				
13	3				
14	5				
15	1				
16	9				
17	5				
18	7				
19	6				
20	3				
21	7				
22	5				
23	5				
24	6				
25	4				
26	4				
27	8				
28	9				
29	5				
30	7				
31	1				
32	3				
33	1				
34	4				
35	1				
36	1				
37	1				
38	9				
39	9				
40	2				
