distances
0	458	684	615	777	703	403	787	677	744	456	763	619	533	760	643	384	738	549	611	661	755	456	336	328	377	738	305	619	512	782	667	319	712	507	364	643	559	517	792	751	
458	0	469	383	469	457	476	340	526	380	583	582	478	363	564	517	590	699	331	549	399	579	458	490	494	444	455	406	747	521	546	450	328	621	709	471	691	323	340	637	360	
684	469	0	581	341	395	622	467	386	583	328	691	770	541	408	569	352	434	353	672	591	776	752	767	418	659	401	371	508	607	554	479	329	338	400	647	659	647	392	479	360	
615	383	581	0	454	784	678	393	611	734	341	415	575	597	755	420	724	464	480	752	660	629	323	389	491	669	314	312	349	724	479	499	775	302	433	438	441	760	465	762	328	
777	469	341	454	0	481	342	457	353	521	311	683	543	402	662	747	430	437	358	619	403	447	740	627	570	556	578	329	487	640	677	771	617	397	544	325	631	300	391	401	439	
703	457	395	784	481	0	620	799	700	435	311	580	515	507	326	632	504	339	711	303	769	734	632	741	767	587	453	696	703	446	314	493	769	367	576	342	625	494	431	741	570	
403	476	622	678	342	620	0	604	396	500	796	433	653	446	506	728	410	449	538	476	479	366	631	312	368	531	495	511	354	588	593	628	563	444	571	417	567	436	573	755	545	
787	340	467	393	457	799	604	0	335	369	454	515	589	532	389	501	607	634	550	340	555	653	748	418	455	614	456	646	560	725	663	420	748	412	387	698	307	300	648	736	404	
677	526	386	611	353	700	396	335	0	396	678	487	365	462	453	646	611	593	741	637	439	551	385	572	426	569	431	437	492	671	742	536	399	414	347	679	797	584	616	571	792	
744	380	583	734	521	435	500	369	396	0	696	760	404	768	465	669	701	642	519	790	476	752	606	452	311	634	501	674	650	433	612	403	446	400	558	465	794	620	775	595	776	
456	583	328	341	311	311	796	454	678	696	0	735	586	570	462	641	413	602	364	390	504	738	419	677	643	738	544	564	618	691	650	414	370	330	345	760	707	661	519	718	490	
763	582	691	415	683	580	433	515	487	760	735	0	722	710	573	587	490	309	520	664	794	401	745	766	451	694	663	424	588	502	698	372	359	487	694	549	617	481	587	789	610	
619	478	770	575	543	515	653	589	365	404	586	722	0	655	303	409	512	769	763	697	346	618	368	713	304	637	514	346	545	392	746	419	700	661	673	387	356	450	706	563	404	
533	363	541	597	402	507	446	532	462	768	570	710	655	0	383	774	437	445	747	719	410	432	600	534	671	505	499	583	557	783	581	486	793	734	791	402	620	674	650	603	663	
760	564	408	755	662	326	506	389	453	465	462	573	303	383	0	768	568	605	517	790	649	625	527	465	457	342	428	457	441	752	711	625	486	580	740	707	360	353	769	725	523	
643	517	569	420	747	632	728	501	646	669	641	587	409	774	768	0	361	463	669	546	755	416	529	751	769	563	782	701	541	663	511	500	682	469	376	493	732	357	398	776	460	
384	590	352	724	430	504	410	607	611	701	413	490	512	437	568	361	0	612	548	354	454	551	626	736	400	689	311	743	573	363	380	504	547	782	760	675	666	586	629	588	503	
738	699	434	464	437	339	449	634	593	642	602	309	769	445	605	463	612	0	375	377	375	464	413	484	318	583	756	745	733	437	778	389	615	677	408	353	654	680	340	474	781	
549	331	353	480	358	711	538	550	741	519	364	520	763	747	517	669	548	375	0	572	604	659	526	335	693	333	436	698	553	535	403	489	330	358	542	545	310	300	464	758	305	
611	549	672	752	619	303	476	340	637	790	390	664	697	719	790	546	354	377	572	0	668	386	730	632	600	478	383	735	691	398	730	394	583	398	724	377	638	699	616	758	652	
661	399	591	660	403	769	479	555	439	476	504	794	346	410	649	755	454	375	604	668	0	548	507	574	751	329	779	433	471	518	679	781	558	475	538	754	736	441	768	756	711	
755	579	776	629	447	734	366	653	551	752	738	401	618	432	625	416	551	464	659	386	548	0	434	357	407	365	595	656	600	592	307	580	594	348	664	393	394	436	534	475	558	
456	458	752	323	740	632	631	748	385	606	419	745	368	600	527	529	626	413	526	730	507	434	0	586	509	341	444	474	577	680	701	391	441	724	755	711	540	470	665	715	448	
336	490	767	389	627	741	312	418	572	452	677	766	713	534	465	751	736	484	335	632	574	357	586	0	512	706	677	742	687	576	324	528	494	623	552	775	705	577	323	578	471	
328	494	418	491	570	767	368	455	426	311	643	451	304	671	457	769	400	318	693	600	751	407	509	512	0	703	476	440	661	423	333	656	396	703	681	405	656	425	308	721	528	
377	444	659	669	556	587	531	614	569	634	738	694	637	505	342	563	689	583	333	478	329	365	341	706	703	0	736	398	753	454	742	723	308	405	428	693	648	565	418	703	653	
738	455	401	314	578	453	495	456	431	501	544	663	514	499	428	782	311	756	436	383	779	595	444	677	476	736	0	315	360	318	754	597	395	684	595	551	764	322	368	703	609	
305	406	371	312	329	696	511	646	437	674	564	424	346	583	457	701	743	745	698	735	433	656	474	742	440	398	315	0	479	392	451	666	577	386	546	366	759	499	550	510	353	
619	747	508	349	487	703	354	560	492	650	618	588	545	557	441	541	573	733	553	691	471	600	577	687	661	753	360	479	0	717	368	752	586	457	762	491	723	606	349	325	541	
512	521	607	724	640	446	588	725	671	433	691	502	392	783	752	663	363	437	535	398	518	592	680	576	423	454	318	392	717	0	452	521	445	707	426	469	603	705	305	467	575	
782	546	554	479	677	314	593	663	742	612	650	698	746	581	711	511	380	778	403	730	679	307	701	324	333	742	754	451	368	452	0	795	311	416	486	799	341	642	384	713	449	
667	450	479	499	771	493	628	420	536	403	414	372	419	486	625	500	504	389	489	394	781	580	391	528	656	723	597	666	752	521	795	0	488	618	600	580	352	702	632	483	697	
319	328	329	775	617	769	563	748	399	446	370	359	700	793	486	682	547	615	330	583	558	594	441	494	396	308	395	577	586	445	311	488	0	523	564	670	675	600	610	504	445	
712	621	338	302	397	367	444	412	414	400	330	487	661	734	580	469	782	677	358	398	475	348	724	623	703	405	684	386	457	707	416	618	523	0	463	573	371	640	686	794	478	
507	709	400	433	544	576	571	387	347	558	345	694	673	791	740	376	760	408	542	724	538	664	755	552	681	428	595	546	762	426	486	600	564	463	0	406	407	477	422	517	655	
364	471	647	438	325	342	417	698	679	465	760	549	387	402	707	493	675	353	545	377	754	393	711	775	405	693	551	366	491	469	799	580	670	573	406	0	673	767	472	562	668	
643	691	659	441	631	625	567	307	797	794	707	617	356	620	360	732	666	654	310	638	736	394	540	705	656	648	764	759	723	603	341	352	675	371	407	673	0	467	758	342	777	
559	323	647	760	300	494	436	300	584	620	661	481	450	674	353	357	586	680	300	699	441	436	470	577	425	565	322	499	606	705	642	702	600	640	477	767	467	0	539	507	364	
517	340	392	465	391	431	573	648	616	775	519	587	706	650	769	398	629	340	464	616	768	534	665	323	308	418	368	550	349	305	384	632	610	686	422	472	758	539	0	506	564	
792	637	479	762	401	741	755	736	571	595	718	789	563	603	725	776	588	474	758	758	756	475	715	578	721	703	703	510	325	467	713	483	504	794	517	562	342	507	506	0	451	
751	360	360	328	439	570	545	404	792	776	490	610	404	663	523	460	503	781	305	652	711	558	448	471	528	653	609	353	541	575	449	697	445	478	655	668	777	364	564	451	0	
etats
Id_Station	Poids W	Min (P)	WSPT	Priorité	
1	2				
2	3				
3	2				
4	6				
5	4				
6	1				
7	1				
8	9				
9	6				
10	1				
11	2				
12	7				
13	3				
14	6				
15	3				
16	2				
17	1				
18	9				
19	8				
20	2				
21	1				
22	1				
23	2				
24	8				
25	2				
26	3				
27	7				
28	2				
29	3				
30	5				
31	7				
32	3				
33	1				
34	1				
35	5				
36	7				
37	1				
38	1				
39	8				
40	4				

