distances
0	610	545	529	648	485	588	658	700	439	320	550	731	369	546	404	660	618	625	767	545	768	603	580	401	461	357	606	784	669	673	583	614	364	752	701	439	408	687	400	375	
610	0	407	434	573	376	607	682	302	387	405	433	789	363	789	668	793	371	424	485	550	723	351	481	332	758	768	415	428	483	537	511	414	784	436	485	710	628	680	412	638	
545	407	0	458	513	314	410	323	473	641	390	558	372	760	500	732	376	504	448	612	392	754	325	702	619	566	725	362	758	700	386	483	799	678	541	635	653	507	495	429	337	
529	434	458	0	573	344	410	507	716	750	582	699	735	507	593	643	571	359	747	709	530	413	395	394	646	302	354	571	398	354	301	785	301	304	681	389	764	746	623	323	347	
648	573	513	573	0	646	694	446	780	590	415	587	695	700	576	700	632	451	646	745	604	553	313	735	498	623	780	479	307	699	459	400	473	419	787	730	641	509	492	626	350	
485	376	314	344	646	0	455	444	552	450	329	571	701	779	448	618	592	576	547	629	640	304	552	362	777	425	658	556	303	469	723	615	562	388	666	345	382	742	451	429	447	
588	607	410	410	694	455	0	357	343	614	663	344	383	340	312	582	445	756	769	332	428	672	691	692	677	382	689	312	426	697	542	557	380	466	684	322	411	489	570	732	764	
658	682	323	507	446	444	357	0	418	796	493	624	326	553	541	687	332	645	575	510	391	372	750	745	468	311	486	361	465	304	369	511	782	475	350	368	457	740	376	358	732	
700	302	473	716	780	552	343	418	0	470	582	731	529	372	390	582	705	432	752	673	513	548	775	734	540	491	560	528	691	306	323	659	648	454	563	411	786	649	611	483	308	
439	387	641	750	590	450	614	796	470	0	471	370	438	773	422	452	722	481	367	413	365	795	720	765	693	549	442	360	355	334	704	316	638	798	753	517	493	431	552	464	497	
320	405	390	582	415	329	663	493	582	471	0	574	402	557	723	659	582	785	439	329	598	548	577	753	646	784	417	567	420	352	338	707	623	313	541	321	313	350	443	334	750	
550	433	558	699	587	571	344	624	731	370	574	0	728	672	331	380	479	322	376	392	558	669	683	617	615	322	656	497	651	676	616	561	584	690	613	678	347	786	439	613	622	
731	789	372	735	695	701	383	326	529	438	402	728	0	711	397	377	498	474	615	755	494	469	416	399	479	613	602	593	398	516	679	433	723	310	664	784	670	579	560	320	727	
369	363	760	507	700	779	340	553	372	773	557	672	711	0	687	640	310	562	428	608	440	659	689	713	451	753	560	300	791	724	647	634	436	342	792	700	458	476	795	314	643	
546	789	500	593	576	448	312	541	390	422	723	331	397	687	0	757	451	689	705	641	543	608	487	667	759	301	448	797	379	311	519	590	604	735	529	379	719	392	550	352	732	
404	668	732	643	700	618	582	687	582	452	659	380	377	640	757	0	621	771	770	762	319	605	755	636	578	349	448	465	466	302	644	490	460	450	484	752	792	423	528	668	651	
660	793	376	571	632	592	445	332	705	722	582	479	498	310	451	621	0	766	563	567	463	528	455	525	444	696	578	377	651	384	732	483	463	540	389	503	763	709	373	388	344	
618	371	504	359	451	576	756	645	432	481	785	322	474	562	689	771	766	0	756	749	473	794	355	630	340	436	732	402	594	432	401	454	778	319	761	361	626	322	592	584	567	
625	424	448	747	646	547	769	575	752	367	439	376	615	428	705	770	563	756	0	637	342	775	645	432	359	692	557	441	363	530	573	750	589	616	321	522	730	498	777	367	617	
767	485	612	709	745	629	332	510	673	413	329	392	755	608	641	762	567	749	637	0	339	458	346	799	375	536	685	743	687	475	326	575	591	396	431	750	455	360	454	346	530	
545	550	392	530	604	640	428	391	513	365	598	558	494	440	543	319	463	473	342	339	0	702	628	349	717	404	474	341	460	398	670	554	601	667	492	603	735	379	454	301	455	
768	723	754	413	553	304	672	372	548	795	548	669	469	659	608	605	528	794	775	458	702	0	610	715	314	521	751	629	794	590	515	573	701	793	726	368	789	313	518	674	699	
603	351	325	395	313	552	691	750	775	720	577	683	416	689	487	755	455	355	645	346	628	610	0	601	648	474	621	456	518	525	703	749	431	700	573	435	351	630	391	382	479	
580	481	702	394	735	362	692	745	734	765	753	617	399	713	667	636	525	630	432	799	349	715	601	0	635	496	763	778	682	359	740	671	389	405	626	362	790	775	402	564	741	
401	332	619	646	498	777	677	468	540	693	646	615	479	451	759	578	444	340	359	375	717	314	648	635	0	550	791	540	672	677	324	466	394	640	300	555	401	452	635	449	343	
461	758	566	302	623	425	382	311	491	549	784	322	613	753	301	349	696	436	692	536	404	521	474	496	550	0	771	458	474	362	793	690	337	665	778	350	479	611	759	578	517	
357	768	725	354	780	658	689	486	560	442	417	656	602	560	448	448	578	732	557	685	474	751	621	763	791	771	0	307	473	437	693	458	665	400	451	652	611	395	594	715	389	
606	415	362	571	479	556	312	361	528	360	567	497	593	300	797	465	377	402	441	743	341	629	456	778	540	458	307	0	331	388	796	325	716	479	308	686	630	319	312	732	533	
784	428	758	398	307	303	426	465	691	355	420	651	398	791	379	466	651	594	363	687	460	794	518	682	672	474	473	331	0	753	432	511	450	384	445	327	334	300	527	654	729	
669	483	700	354	699	469	697	304	306	334	352	676	516	724	311	302	384	432	530	475	398	590	525	359	677	362	437	388	753	0	780	485	325	537	746	718	656	538	636	442	330	
673	537	386	301	459	723	542	369	323	704	338	616	679	647	519	644	732	401	573	326	670	515	703	740	324	793	693	796	432	780	0	419	467	394	591	661	432	448	537	743	429	
583	511	483	785	400	615	557	511	659	316	707	561	433	634	590	490	483	454	750	575	554	573	749	671	466	690	458	325	511	485	419	0	566	631	323	379	342	525	796	741	637	
614	414	799	301	473	562	380	782	648	638	623	584	723	436	604	460	463	778	589	591	601	701	431	389	394	337	665	716	450	325	467	566	0	738	459	315	772	403	634	773	622	
364	784	678	304	419	388	466	475	454	798	313	690	310	342	735	450	540	319	616	396	667	793	700	405	640	665	400	479	384	537	394	631	738	0	359	769	505	765	372	720	695	
752	436	541	681	787	666	684	350	563	753	541	613	664	792	529	484	389	761	321	431	492	726	573	626	300	778	451	308	445	746	591	323	459	359	0	423	479	778	407	775	726	
701	485	635	389	730	345	322	368	411	517	321	678	784	700	379	752	503	361	522	750	603	368	435	362	555	350	652	686	327	718	661	379	315	769	423	0	311	631	495	622	772	
439	710	653	764	641	382	411	457	786	493	313	347	670	458	719	792	763	626	730	455	735	789	351	790	401	479	611	630	334	656	432	342	772	505	479	311	0	327	791	746	367	
408	628	507	746	509	742	489	740	649	431	350	786	579	476	392	423	709	322	498	360	379	313	630	775	452	611	395	319	300	538	448	525	403	765	778	631	327	0	426	505	493	
687	680	495	623	492	451	570	376	611	552	443	439	560	795	550	528	373	592	777	454	454	518	391	402	635	759	594	312	527	636	537	796	634	372	407	495	791	426	0	617	322	
400	412	429	323	626	429	732	358	483	464	334	613	320	314	352	668	388	584	367	346	301	674	382	564	449	578	715	732	654	442	743	741	773	720	775	622	746	505	617	0	498	
375	638	337	347	350	447	764	732	308	497	750	622	727	643	732	651	344	567	617	530	455	699	479	741	343	517	389	533	729	330	429	637	622	695	726	772	367	493	322	498	0	
etats
Id_Station	Poids W	Min (P)	WSPT	Priorité	
1	7				
2	5				
3	1				
4	9				
5	5				
6	1				
7	4				
8	9				
9	2				
10	8				
11	1				
12	5				
13	1				
14	5				
15	2				
16	1				
17	1				
18	1				
19	3				
20	1				
21	7				
22	5				
23	9				
24	7				
25	1				
26	2				
27	7				
28	5				
29	8				
30	7				
31	1				
32	3				
33	1				
34	1				
35	9				
36	2				
37	1				
38	5				
39	3				
40	7				
