distances
0	659	777	573	684	727	586	306	670	610	515	591	701	609	453	615	608	406	718	513	726	322	552	367	361	561	361	583	504	704	681	732	595	673	373	455	358	340	391	586	631	
659	0	451	451	350	646	439	352	698	798	712	579	501	545	431	319	523	638	768	381	676	460	719	300	426	538	395	393	716	641	705	705	672	520	375	622	558	407	716	507	590	
777	451	0	724	670	754	438	535	551	798	381	585	457	432	759	640	460	671	758	377	752	593	641	566	664	394	426	320	756	777	660	631	423	764	651	581	325	508	737	657	601	
573	451	724	0	538	384	716	745	678	625	406	323	433	673	543	318	649	654	790	693	325	352	707	402	645	482	300	367	549	597	722	590	569	593	629	500	439	731	485	730	382	
684	350	670	538	0	629	497	390	667	572	438	722	485	520	769	555	362	443	608	465	550	386	698	369	655	511	743	428	375	362	705	302	773	435	628	423	519	598	685	583	423	
727	646	754	384	629	0	394	763	318	418	790	626	533	418	630	346	574	756	511	510	378	525	548	775	567	347	652	532	531	737	565	667	791	419	746	731	371	501	434	509	321	
586	439	438	716	497	394	0	364	494	491	736	568	758	571	600	599	546	684	500	565	623	471	486	470	785	516	592	704	606	426	778	418	538	683	725	714	623	714	332	581	606	
306	352	535	745	390	763	364	0	501	450	547	416	342	483	725	686	414	624	646	352	526	367	436	471	757	765	558	773	472	378	611	734	799	644	556	787	770	434	509	337	366	
670	698	551	678	667	318	494	501	0	736	638	708	521	690	610	327	547	563	605	657	593	724	372	611	629	429	312	735	702	387	695	606	798	458	562	538	700	781	354	377	621	
610	798	798	625	572	418	491	450	736	0	666	599	307	512	476	528	591	705	554	538	318	680	781	683	311	668	749	774	566	769	682	759	411	605	436	700	556	746	572	781	676	
515	712	381	406	438	790	736	547	638	666	0	402	378	660	421	419	765	376	698	742	447	706	762	706	756	341	584	436	706	629	777	665	549	653	725	767	507	548	530	460	580	
591	579	585	323	722	626	568	416	708	599	402	0	738	644	683	771	740	322	588	666	433	621	493	373	729	666	441	386	669	308	323	458	796	767	680	500	427	614	513	409	455	
701	501	457	433	485	533	758	342	521	307	378	738	0	394	786	594	777	792	603	751	695	480	455	681	571	778	648	378	449	397	525	532	509	602	793	630	447	434	729	331	497	
609	545	432	673	520	418	571	483	690	512	660	644	394	0	373	708	617	711	515	530	546	747	507	375	787	307	353	485	732	662	675	538	429	506	592	616	523	777	708	585	551	
453	431	759	543	769	630	600	725	610	476	421	683	786	373	0	569	672	530	387	507	760	734	724	348	361	665	457	450	454	444	612	575	757	795	389	698	358	682	548	604	353	
615	319	640	318	555	346	599	686	327	528	419	771	594	708	569	0	463	765	587	503	731	786	400	487	621	592	601	543	733	366	469	316	687	433	462	677	383	569	717	579	582	
608	523	460	649	362	574	546	414	547	591	765	740	777	617	672	463	0	752	357	586	656	417	665	610	350	554	633	571	442	544	608	349	693	653	658	666	561	564	576	526	744	
406	638	671	654	443	756	684	624	563	705	376	322	792	711	530	765	752	0	589	538	414	412	786	555	413	476	608	573	699	333	355	666	679	465	571	657	665	667	356	443	581	
718	768	758	790	608	511	500	646	605	554	698	588	603	515	387	587	357	589	0	492	440	357	598	572	448	487	595	428	575	343	788	604	617	379	442	722	499	699	594	351	657	
513	381	377	693	465	510	565	352	657	538	742	666	751	530	507	503	586	538	492	0	383	321	799	643	695	452	329	350	762	370	659	404	483	375	748	587	442	517	683	372	744	
726	676	752	325	550	378	623	526	593	318	447	433	695	546	760	731	656	414	440	383	0	618	665	403	349	730	474	662	391	442	612	404	351	448	628	521	539	731	452	781	478	
322	460	593	352	386	525	471	367	724	680	706	621	480	747	734	786	417	412	357	321	618	0	375	719	338	535	329	768	484	497	469	690	606	538	347	706	606	746	722	369	449	
552	719	641	707	698	548	486	436	372	781	762	493	455	507	724	400	665	786	598	799	665	375	0	368	410	395	602	669	482	636	629	474	591	788	757	650	542	593	646	479	778	
367	300	566	402	369	775	470	471	611	683	706	373	681	375	348	487	610	555	572	643	403	719	368	0	593	753	348	680	376	302	586	592	604	560	746	644	409	658	484	385	565	
361	426	664	645	655	567	785	757	629	311	756	729	571	787	361	621	350	413	448	695	349	338	410	593	0	488	479	463	545	628	396	715	518	410	650	540	754	636	422	617	366	
561	538	394	482	511	347	516	765	429	668	341	666	778	307	665	592	554	476	487	452	730	535	395	753	488	0	371	776	723	729	573	649	357	446	706	689	441	631	429	616	313	
361	395	426	300	743	652	592	558	312	749	584	441	648	353	457	601	633	608	595	329	474	329	602	348	479	371	0	736	557	383	465	722	410	640	312	402	679	720	584	482	384	
583	393	320	367	428	532	704	773	735	774	436	386	378	485	450	543	571	573	428	350	662	768	669	680	463	776	736	0	721	450	498	354	399	794	335	683	394	428	580	531	328	
504	716	756	549	375	531	606	472	702	566	706	669	449	732	454	733	442	699	575	762	391	484	482	376	545	723	557	721	0	441	302	791	774	536	456	671	742	417	324	703	439	
704	641	777	597	362	737	426	378	387	769	629	308	397	662	444	366	544	333	343	370	442	497	636	302	628	729	383	450	441	0	408	726	730	702	649	345	606	524	712	527	682	
681	705	660	722	705	565	778	611	695	682	777	323	525	675	612	469	608	355	788	659	612	469	629	586	396	573	465	498	302	408	0	797	516	509	478	332	570	383	543	741	563	
732	705	631	590	302	667	418	734	606	759	665	458	532	538	575	316	349	666	604	404	404	690	474	592	715	649	722	354	791	726	797	0	391	521	307	717	760	435	398	338	434	
595	672	423	569	773	791	538	799	798	411	549	796	509	429	757	687	693	679	617	483	351	606	591	604	518	357	410	399	774	730	516	391	0	528	544	387	517	308	596	586	325	
673	520	764	593	435	419	683	644	458	605	653	767	602	506	795	433	653	465	379	375	448	538	788	560	410	446	640	794	536	702	509	521	528	0	659	376	596	434	398	404	695	
373	375	651	629	628	746	725	556	562	436	725	680	793	592	389	462	658	571	442	748	628	347	757	746	650	706	312	335	456	649	478	307	544	659	0	363	469	405	558	515	758	
455	622	581	500	423	731	714	787	538	700	767	500	630	616	698	677	666	657	722	587	521	706	650	644	540	689	402	683	671	345	332	717	387	376	363	0	789	768	691	569	567	
358	558	325	439	519	371	623	770	700	556	507	427	447	523	358	383	561	665	499	442	539	606	542	409	754	441	679	394	742	606	570	760	517	596	469	789	0	694	564	436	607	
340	407	508	731	598	501	714	434	781	746	548	614	434	777	682	569	564	667	699	517	731	746	593	658	636	631	720	428	417	524	383	435	308	434	405	768	694	0	500	675	784	
391	716	737	485	685	434	332	509	354	572	530	513	729	708	548	717	576	356	594	683	452	722	646	484	422	429	584	580	324	712	543	398	596	398	558	691	564	500	0	303	381	
586	507	657	730	583	509	581	337	377	781	460	409	331	585	604	579	526	443	351	372	781	369	479	385	617	616	482	531	703	527	741	338	586	404	515	569	436	675	303	0	663	
631	590	601	382	423	321	606	366	621	676	580	455	497	551	353	582	744	581	657	744	478	449	778	565	366	313	384	328	439	682	563	434	325	695	758	567	607	784	381	663	0	
etats
Id_Station	Poids W	Min (P)	WSPT	Priorité	
1	3				
2	4				
3	3				
4	5				
5	4				
6	5				
7	7				
8	8				
9	7				
10	8				
11	1				
12	7				
13	4				
14	3				
15	3				
16	4				
17	1				
18	2				
19	8				
20	4				
21	2				
22	3				
23	6				
24	5				
25	1				
26	1				
27	3				
28	8				
29	4				
30	8				
31	8				
32	1				
33	6				
34	7				
35	6				
36	2				
37	1				
38	5				
39	5				
40	1				
 