distances
0	437	772	583	457	431	484	605	771	452	594	366	727	349	453	503	406	572	476	525	736	576	503	473	361	545	348	578	374	717	757	620	502	737	772	449	642	678	357	517	711	
437	0	469	450	762	378	404	341	746	387	665	781	311	766	686	324	348	347	374	428	329	590	331	544	512	378	665	618	661	434	421	447	712	543	549	463	783	332	522	767	675	
772	469	0	746	400	636	729	634	689	656	627	652	330	402	392	694	386	628	665	772	639	763	390	556	516	629	494	795	361	329	585	525	383	770	355	394	364	516	366	638	501	
583	450	746	0	782	301	615	373	729	621	687	400	413	415	451	487	544	449	611	482	567	627	577	594	790	798	580	539	657	369	603	415	535	563	772	605	399	415	690	416	340	
457	762	400	782	0	563	446	760	443	758	760	643	752	369	471	743	335	464	599	302	364	534	318	415	586	630	776	766	440	719	683	449	734	395	529	325	732	659	781	365	621	
431	378	636	301	563	0	320	373	422	408	454	771	496	404	704	388	512	361	609	601	776	722	648	552	474	547	642	592	467	657	334	496	606	660	670	473	361	417	758	646	305	
484	404	729	615	446	320	0	591	416	312	528	783	576	331	418	409	720	499	328	683	423	587	339	451	495	519	596	513	786	686	674	398	784	515	717	553	668	564	686	469	407	
605	341	634	373	760	373	591	0	325	308	701	568	362	569	784	794	596	788	430	414	435	666	786	793	744	332	602	735	532	663	339	647	757	391	640	495	577	318	320	483	714	
771	746	689	729	443	422	416	325	0	753	645	342	556	442	316	361	759	512	722	686	638	325	398	512	671	743	736	420	447	586	435	568	765	664	797	692	759	329	375	661	791	
452	387	656	621	758	408	312	308	753	0	515	599	546	427	657	377	726	494	357	681	721	544	746	457	355	699	617	518	515	424	734	567	490	613	440	723	797	734	450	671	697	
594	665	627	687	760	454	528	701	645	515	0	701	577	763	563	318	426	365	344	662	474	326	601	656	629	531	567	421	508	322	352	316	340	453	560	459	734	716	457	671	422	
366	781	652	400	643	771	783	568	342	599	701	0	571	413	394	537	764	426	406	779	392	535	405	417	589	783	736	483	610	548	666	361	628	406	415	620	441	622	595	527	735	
727	311	330	413	752	496	576	362	556	546	577	571	0	624	655	403	555	659	319	686	751	792	692	330	681	411	660	475	685	546	300	776	609	339	497	790	361	603	378	314	320	
349	766	402	415	369	404	331	569	442	427	763	413	624	0	688	343	408	350	670	471	644	596	357	639	407	465	639	440	300	399	538	490	504	427	797	746	478	551	622	347	735	
453	686	392	451	471	704	418	784	316	657	563	394	655	688	0	536	358	594	373	328	610	413	538	418	567	494	453	620	701	574	339	430	420	640	478	479	545	588	752	660	565	
503	324	694	487	743	388	409	794	361	377	318	537	403	343	536	0	534	692	520	606	580	516	515	345	623	779	510	428	546	762	676	722	376	318	507	779	772	663	605	303	639	
406	348	386	544	335	512	720	596	759	726	426	764	555	408	358	534	0	404	597	387	475	747	351	718	381	691	695	431	380	333	366	707	428	775	338	728	416	674	360	691	485	
572	347	628	449	464	361	499	788	512	494	365	426	659	350	594	692	404	0	352	722	339	384	400	778	541	584	306	540	620	341	437	690	489	753	464	457	656	563	437	586	494	
476	374	665	611	599	609	328	430	722	357	344	406	319	670	373	520	597	352	0	473	342	422	762	463	457	498	656	701	528	442	604	615	598	461	563	386	742	782	582	742	777	
525	428	772	482	302	601	683	414	686	681	662	779	686	471	328	606	387	722	473	0	567	765	605	557	790	353	774	648	641	664	771	703	413	409	673	704	435	440	552	563	787	
736	329	639	567	364	776	423	435	638	721	474	392	751	644	610	580	475	339	342	567	0	528	791	574	379	322	702	333	683	701	482	770	555	556	609	502	449	391	471	501	532	
576	590	763	627	534	722	587	666	325	544	326	535	792	596	413	516	747	384	422	765	528	0	700	677	522	506	552	529	792	532	799	700	455	685	562	381	707	767	361	376	330	
503	331	390	577	318	648	339	786	398	746	601	405	692	357	538	515	351	400	762	605	791	700	0	384	518	320	542	383	318	417	629	425	551	701	581	697	450	608	540	525	783	
473	544	556	594	415	552	451	793	512	457	656	417	330	639	418	345	718	778	463	557	574	677	384	0	748	746	424	701	512	663	607	364	790	438	434	769	554	463	521	666	606	
361	512	516	790	586	474	495	744	671	355	629	589	681	407	567	623	381	541	457	790	379	522	518	748	0	581	584	732	732	785	796	566	305	538	643	406	347	665	793	675	448	
545	378	629	798	630	547	519	332	743	699	531	783	411	465	494	779	691	584	498	353	322	506	320	746	581	0	348	722	765	511	547	419	648	357	485	641	779	491	487	684	342	
348	665	494	580	776	642	596	602	736	617	567	736	660	639	453	510	695	306	656	774	702	552	542	424	584	348	0	583	425	701	350	600	358	762	463	787	760	470	550	586	691	
578	618	795	539	766	592	513	735	420	518	421	483	475	440	620	428	431	540	701	648	333	529	383	701	732	722	583	0	622	525	380	627	646	385	525	510	446	722	500	537	648	
374	661	361	657	440	467	786	532	447	515	508	610	685	300	701	546	380	620	528	641	683	792	318	512	732	765	425	622	0	426	444	303	314	569	597	614	616	792	425	312	635	
717	434	329	369	719	657	686	663	586	424	322	548	546	399	574	762	333	341	442	664	701	532	417	663	785	511	701	525	426	0	784	313	345	654	636	522	359	680	759	336	483	
757	421	585	603	683	334	674	339	435	734	352	666	300	538	339	676	366	437	604	771	482	799	629	607	796	547	350	380	444	784	0	406	683	527	623	728	608	733	484	575	663	
620	447	525	415	449	496	398	647	568	567	316	361	776	490	430	722	707	690	615	703	770	700	425	364	566	419	600	627	303	313	406	0	778	780	545	398	771	709	382	317	429	
502	712	383	535	734	606	784	757	765	490	340	628	609	504	420	376	428	489	598	413	555	455	551	790	305	648	358	646	314	345	683	778	0	651	458	689	613	732	516	412	310	
737	543	770	563	395	660	515	391	664	613	453	406	339	427	640	318	775	753	461	409	556	685	701	438	538	357	762	385	569	654	527	780	651	0	525	578	652	751	538	725	532	
772	549	355	772	529	670	717	640	797	440	560	415	497	797	478	507	338	464	563	673	609	562	581	434	643	485	463	525	597	636	623	545	458	525	0	421	628	757	395	599	641	
449	463	394	605	325	473	553	495	692	723	459	620	790	746	479	779	728	457	386	704	502	381	697	769	406	641	787	510	614	522	728	398	689	578	421	0	731	671	506	363	382	
642	783	364	399	732	361	668	577	759	797	734	441	361	478	545	772	416	656	742	435	449	707	450	554	347	779	760	446	616	359	608	771	613	652	628	731	0	374	625	598	645	
678	332	516	415	659	417	564	318	329	734	716	622	603	551	588	663	674	563	782	440	391	767	608	463	665	491	470	722	792	680	733	709	732	751	757	671	374	0	657	680	417	
357	522	366	690	781	758	686	320	375	450	457	595	378	622	752	605	360	437	582	552	471	361	540	521	793	487	550	500	425	759	484	382	516	538	395	506	625	657	0	740	378	
517	767	638	416	365	646	469	483	661	671	671	527	314	347	660	303	691	586	742	563	501	376	525	666	675	684	586	537	312	336	575	317	412	725	599	363	598	680	740	0	615	
711	675	501	340	621	305	407	714	791	697	422	735	320	735	565	639	485	494	777	787	532	330	783	606	448	342	691	648	635	483	663	429	310	532	641	382	645	417	378	615	0	
etats
Id_Station	Poids W	Min (P)	WSPT	Priorité	
1	7	300	37,50	1	
2	5	304	38,00	2	
3	8	317	39,63	3	
4	6	309	44,14	4	
5	9	314	44,86	5	
6	5	316	45,14	6	
7	6	321	45,86	7	
8	6	338	48,29	8	
9	1	356	50,86	9	
10	3	313	52,17	10	
11	2	304	60,80	11	
12	1	305	61,00	12	
13	4	313	62,60	13	
14	9	315	63,00	14	
15	8	301	75,25	15	
16	2	312	78,00	16	
17	1	314	78,50	17	
18	4	317	79,25	18	
19	5	318	79,50	19	
20	2	329	82,25	20	
21	6	354	88,50	21	
22	1	303	101,00	22	
23	6	304	101,33	23	
24	3	313	104,33	24	
25	2	315	105,00	25	
26	1	319	106,33	26	
27	6	304	152,00	27	
28	1	305	152,50	28	
29	8	318	159,00	29	
30	9	300	300,00	30	
31	4	303	303,00	31	
32	1	304	304,00	32	
33	5	312	312,00	33	
34	9	312	312,00	34	
35	9	314	314,00	35	
36	9	316	316,00	36	
37	4	316	316,00	37	
38	6	322	322,00	38	
39	6	332	332,00	39	
40	8	345	345,00	40	

