distances
0	698	493	594	793	658	675	677	743	660	306	427	425	348	415	572	665	640	353	435	528	367	726	467	497	305	328	407	636	338	799	787	629	463	757	738	509	316	379	663	572	
698	0	448	654	471	388	368	388	788	332	400	615	484	426	514	645	537	419	554	326	538	360	688	612	431	348	513	474	355	309	722	432	702	405	373	406	347	470	723	476	728	
493	448	0	434	311	326	689	554	429	467	731	788	539	620	677	388	378	565	415	559	686	311	585	413	307	473	659	312	558	784	792	520	366	474	303	657	540	566	343	680	465	
594	654	434	0	729	494	773	669	445	559	762	757	358	502	677	794	704	312	489	439	666	599	467	318	380	697	646	621	385	669	509	458	614	624	639	490	416	581	323	774	412	
793	471	311	729	0	785	419	399	545	525	513	572	442	674	330	635	695	560	462	775	348	423	641	411	484	534	445	684	467	628	535	349	404	516	753	583	640	384	432	591	542	
658	388	326	494	785	0	760	515	365	433	678	488	656	621	535	339	516	409	724	373	440	441	620	461	336	721	349	750	558	575	492	354	390	371	403	586	584	419	631	623	691	
675	368	689	773	419	760	0	653	615	588	433	468	405	733	432	688	717	437	435	572	735	458	418	680	484	755	495	369	399	303	631	578	624	583	619	533	367	625	435	533	705	
677	388	554	669	399	515	653	0	429	712	496	752	339	484	752	367	637	383	325	505	662	329	431	612	431	517	542	787	437	353	384	621	300	561	491	365	347	630	580	799	553	
743	788	429	445	545	365	615	429	0	552	476	410	443	367	380	675	748	337	691	705	605	591	437	363	368	630	304	471	576	426	730	708	391	699	614	796	788	643	508	727	690	
660	332	467	559	525	433	588	712	552	0	422	537	758	380	361	481	404	601	587	709	509	644	457	763	547	651	654	368	446	781	707	402	677	696	325	618	486	464	612	657	728	
306	400	731	762	513	678	433	496	476	422	0	556	571	620	362	445	395	769	706	493	681	634	409	493	676	386	726	625	382	477	373	600	570	583	793	371	576	343	737	764	505	
427	615	788	757	572	488	468	752	410	537	556	0	540	313	542	374	598	453	443	421	593	491	388	572	415	738	533	724	362	469	589	400	380	379	431	698	664	458	358	631	695	
425	484	539	358	442	656	405	339	443	758	571	540	0	797	759	656	734	355	603	316	552	341	545	412	345	519	607	421	637	381	472	587	451	307	731	325	603	629	319	434	792	
348	426	620	502	674	621	733	484	367	380	620	313	797	0	523	788	750	331	777	680	605	372	748	340	406	770	477	625	369	658	782	431	645	633	623	684	628	676	490	519	383	
415	514	677	677	330	535	432	752	380	361	362	542	759	523	0	735	599	351	342	711	373	634	419	449	637	517	431	359	658	369	557	532	418	350	352	455	308	733	495	567	571	
572	645	388	794	635	339	688	367	675	481	445	374	656	788	735	0	442	539	763	649	504	727	390	570	616	325	364	417	686	714	420	318	513	379	605	719	529	693	380	475	421	
665	537	378	704	695	516	717	637	748	404	395	598	734	750	599	442	0	614	506	491	670	586	323	687	796	423	559	576	343	764	707	607	508	446	771	429	302	514	777	645	745	
640	419	565	312	560	409	437	383	337	601	769	453	355	331	351	539	614	0	697	381	728	769	366	615	514	507	466	449	589	302	319	393	720	439	472	735	408	582	320	639	757	
353	554	415	489	462	724	435	325	691	587	706	443	603	777	342	763	506	697	0	592	419	348	533	368	780	565	614	490	670	763	508	436	636	729	561	381	777	766	383	644	761	
435	326	559	439	775	373	572	505	705	709	493	421	316	680	711	649	491	381	592	0	533	693	656	362	519	752	466	656	399	467	399	379	769	330	405	509	567	603	524	372	424	
528	538	686	666	348	440	735	662	605	509	681	593	552	605	373	504	670	728	419	533	0	458	795	412	796	524	759	308	610	387	321	709	628	429	333	755	339	371	398	639	439	
367	360	311	599	423	441	458	329	591	644	634	491	341	372	634	727	586	769	348	693	458	0	415	521	537	378	318	510	544	359	414	581	672	574	541	766	482	368	719	309	411	
726	688	585	467	641	620	418	431	437	457	409	388	545	748	419	390	323	366	533	656	795	415	0	600	427	687	427	603	531	711	720	586	760	423	400	319	354	329	596	605	368	
467	612	413	318	411	461	680	612	363	763	493	572	412	340	449	570	687	615	368	362	412	521	600	0	424	301	684	744	791	469	415	718	601	764	617	766	541	415	796	544	480	
497	431	307	380	484	336	484	431	368	547	676	415	345	406	637	616	796	514	780	519	796	537	427	424	0	378	440	475	560	412	300	323	757	779	563	657	476	433	501	469	369	
305	348	473	697	534	721	755	517	630	651	386	738	519	770	517	325	423	507	565	752	524	378	687	301	378	0	528	404	614	545	474	726	570	310	473	686	761	350	764	567	465	
328	513	659	646	445	349	495	542	304	654	726	533	607	477	431	364	559	466	614	466	759	318	427	684	440	528	0	531	783	331	753	549	333	615	400	610	721	336	730	439	425	
407	474	312	621	684	750	369	787	471	368	625	724	421	625	359	417	576	449	490	656	308	510	603	744	475	404	531	0	451	375	714	621	687	348	542	556	319	349	594	744	773	
636	355	558	385	467	558	399	437	576	446	382	362	637	369	658	686	343	589	670	399	610	544	531	791	560	614	783	451	0	415	347	550	389	762	467	319	539	540	493	365	678	
338	309	784	669	628	575	303	353	426	781	477	469	381	658	369	714	764	302	763	467	387	359	711	469	412	545	331	375	415	0	319	794	420	337	703	643	772	782	774	792	416	
799	722	792	509	535	492	631	384	730	707	373	589	472	782	557	420	707	319	508	399	321	414	720	415	300	474	753	714	347	319	0	397	777	390	398	652	782	759	439	725	382	
787	432	520	458	349	354	578	621	708	402	600	400	587	431	532	318	607	393	436	379	709	581	586	718	323	726	549	621	550	794	397	0	633	753	658	759	527	419	336	740	505	
629	702	366	614	404	390	624	300	391	677	570	380	451	645	418	513	508	720	636	769	628	672	760	601	757	570	333	687	389	420	777	633	0	500	798	610	336	753	701	419	318	
463	405	474	624	516	371	583	561	699	696	583	379	307	633	350	379	446	439	729	330	429	574	423	764	779	310	615	348	762	337	390	753	500	0	399	665	502	632	651	409	551	
757	373	303	639	753	403	619	491	614	325	793	431	731	623	352	605	771	472	561	405	333	541	400	617	563	473	400	542	467	703	398	658	798	399	0	413	459	391	310	703	480	
738	406	657	490	583	586	533	365	796	618	371	698	325	684	455	719	429	735	381	509	755	766	319	766	657	686	610	556	319	643	652	759	610	665	413	0	305	414	499	624	634	
509	347	540	416	640	584	367	347	788	486	576	664	603	628	308	529	302	408	777	567	339	482	354	541	476	761	721	319	539	772	782	527	336	502	459	305	0	442	510	617	697	
316	470	566	581	384	419	625	630	643	464	343	458	629	676	733	693	514	582	766	603	371	368	329	415	433	350	336	349	540	782	759	419	753	632	391	414	442	0	525	562	796	
379	723	343	323	432	631	435	580	508	612	737	358	319	490	495	380	777	320	383	524	398	719	596	796	501	764	730	594	493	774	439	336	701	651	310	499	510	525	0	341	691	
663	476	680	774	591	623	533	799	727	657	764	631	434	519	567	475	645	639	644	372	639	309	605	544	469	567	439	744	365	792	725	740	419	409	703	624	617	562	341	0	513	
572	728	465	412	542	691	705	553	690	728	505	695	792	383	571	421	745	757	761	424	439	411	368	480	369	465	425	773	678	416	382	505	318	551	480	634	697	796	691	513	0	
etats
Id_Station	Poids W	Min (P)	WSPT	Priorité	
1	5	307	34,11	1	
2	2	309	34,33	2	
3	6	319	35,44	3	
4	1	319	35,44	4	
5	5	300	37,50	5	
6	3	327	40,88	6	
7	6	333	41,63	7	
8	9	302	43,14	8	
9	5	303	43,29	9	
10	5	311	44,43	10	
11	4	311	44,43	11	
12	9	300	50,00	12	
13	9	303	50,50	13	
14	7	309	51,50	14	
15	4	317	52,83	15	
16	6	319	53,17	16	
17	1	300	60,00	17	
18	6	300	60,00	18	
19	6	302	60,40	19	
20	4	370	61,67	20	
21	8	300	75,00	21	
22	7	302	75,50	22	
23	1	308	77,00	23	
24	1	342	85,50	24	
25	1	360	90,00	25	
26	8	300	100,00	26	
27	1	300	150,00	27	
28	1	302	151,00	28	
29	2	308	154,00	29	
30	8	315	157,50	30	
31	2	326	163,00	31	
32	4	300	300,00	32	
33	8	301	301,00	33	
34	3	302	302,00	34	
35	7	306	306,00	35	
36	5	308	308,00	36	
37	5	318	318,00	37	
38	5	325	325,00	38	
39	3	331	331,00	39	
40	5	335	335,00	40	

