distances
0	472	331	344	730	376	741	623	798	306	478	732	497	735	647	541	627	724	483	470	754	794	797	602	421	782	593	791	505	580	473	499	358	771	335	426	341	733	722	555	571	
472	0	312	329	660	472	575	378	743	746	520	665	711	717	392	488	583	494	684	681	652	334	350	355	757	573	503	389	586	455	777	713	383	454	313	787	667	633	329	728	592	
331	312	0	517	520	541	777	535	350	744	607	737	331	431	596	727	606	540	752	360	758	761	314	526	455	651	585	485	343	385	622	733	544	511	592	793	753	571	730	570	566	
344	329	517	0	451	798	732	304	483	577	699	474	770	558	537	372	551	595	708	729	728	574	669	613	793	572	561	425	504	769	488	750	542	724	415	548	782	549	417	550	590	
730	660	520	451	0	728	393	369	751	677	304	779	754	725	783	387	582	459	678	682	714	726	789	558	491	748	511	770	780	346	413	740	453	567	364	416	499	606	564	349	744	
376	472	541	798	728	0	662	508	753	356	656	490	622	339	473	446	564	381	523	374	591	347	680	726	538	772	737	388	591	707	313	570	392	311	517	320	484	640	740	482	695	
741	575	777	732	393	662	0	673	769	529	703	484	455	606	702	684	614	621	727	661	321	385	651	698	455	431	428	797	302	470	605	764	692	554	386	478	635	410	340	707	329	
623	378	535	304	369	508	673	0	738	413	523	381	564	748	354	529	740	733	352	340	326	796	444	550	309	447	683	610	381	377	707	748	695	742	452	633	574	461	433	698	359	
798	743	350	483	751	753	769	738	0	681	713	770	618	461	372	424	627	356	423	370	477	463	431	620	678	446	416	590	620	468	313	311	644	460	654	389	634	750	394	338	793	
306	746	744	577	677	356	529	413	681	0	379	346	413	478	730	464	349	343	338	478	392	308	582	330	497	394	663	447	779	335	483	421	673	697	762	375	387	461	625	553	536	
478	520	607	699	304	656	703	523	713	379	0	478	527	734	731	582	770	431	368	737	667	776	761	307	716	738	633	690	790	734	794	358	366	489	464	472	616	648	777	351	530	
732	665	737	474	779	490	484	381	770	346	478	0	653	556	325	737	382	641	616	489	341	364	354	531	434	650	431	587	689	683	653	538	481	436	503	468	472	532	342	541	529	
497	711	331	770	754	622	455	564	618	413	527	653	0	441	546	594	547	641	363	363	484	424	425	692	324	591	691	659	487	729	303	624	772	388	423	452	571	494	408	352	652	
735	717	431	558	725	339	606	748	461	478	734	556	441	0	471	503	704	395	619	555	736	307	521	663	358	734	335	712	789	505	644	565	683	652	482	796	662	360	328	712	444	
647	392	596	537	783	473	702	354	372	730	731	325	546	471	0	634	616	405	448	642	408	416	678	688	599	552	786	789	352	621	423	415	622	566	627	684	525	491	566	749	578	
541	488	727	372	387	446	684	529	424	464	582	737	594	503	634	0	555	607	453	363	525	676	487	626	373	314	665	727	674	402	389	349	672	309	693	726	556	798	384	677	400	
627	583	606	551	582	564	614	740	627	349	770	382	547	704	616	555	0	782	667	784	785	733	714	533	396	709	583	441	620	311	714	437	553	718	717	650	353	302	716	618	577	
724	494	540	595	459	381	621	733	356	343	431	641	641	395	405	607	782	0	734	538	463	563	343	502	582	491	361	538	386	593	517	631	352	406	357	338	477	603	353	484	315	
483	684	752	708	678	523	727	352	423	338	368	616	363	619	448	453	667	734	0	606	581	389	643	470	357	618	757	446	463	799	319	666	699	507	319	737	788	335	688	510	601	
470	681	360	729	682	374	661	340	370	478	737	489	363	555	642	363	784	538	606	0	771	329	586	758	717	489	448	581	443	648	446	475	350	774	442	484	726	608	435	491	573	
754	652	758	728	714	591	321	326	477	392	667	341	484	736	408	525	785	463	581	771	0	600	770	355	659	450	314	550	496	478	410	436	750	338	373	332	766	499	796	418	481	
794	334	761	574	726	347	385	796	463	308	776	364	424	307	416	676	733	563	389	329	600	0	613	533	356	669	377	384	530	666	389	728	551	421	508	524	532	691	344	771	552	
797	350	314	669	789	680	651	444	431	582	761	354	425	521	678	487	714	343	643	586	770	613	0	405	650	716	517	352	729	415	704	407	329	638	411	533	545	472	562	656	734	
602	355	526	613	558	726	698	550	620	330	307	531	692	663	688	626	533	502	470	758	355	533	405	0	492	493	653	426	376	420	353	385	757	711	473	401	602	780	791	333	348	
421	757	455	793	491	538	455	309	678	497	716	434	324	358	599	373	396	582	357	717	659	356	650	492	0	435	618	693	373	468	687	506	373	765	676	366	578	436	420	619	354	
782	573	651	572	748	772	431	447	446	394	738	650	591	734	552	314	709	491	618	489	450	669	716	493	435	0	533	663	402	501	788	642	537	690	588	769	314	364	333	698	581	
593	503	585	561	511	737	428	683	416	663	633	431	691	335	786	665	583	361	757	448	314	377	517	653	618	533	0	745	784	798	610	519	316	785	425	659	430	709	714	328	783	
791	389	485	425	770	388	797	610	590	447	690	587	659	712	789	727	441	538	446	581	550	384	352	426	693	663	745	0	334	398	450	341	708	456	761	612	465	367	714	430	663	
505	586	343	504	780	591	302	381	620	779	790	689	487	789	352	674	620	386	463	443	496	530	729	376	373	402	784	334	0	662	483	523	725	573	665	544	706	592	689	763	408	
580	455	385	769	346	707	470	377	468	335	734	683	729	505	621	402	311	593	799	648	478	666	415	420	468	501	798	398	662	0	358	335	502	589	364	336	328	457	513	707	311	
473	777	622	488	413	313	605	707	313	483	794	653	303	644	423	389	714	517	319	446	410	389	704	353	687	788	610	450	483	358	0	326	617	395	300	306	343	795	310	780	483	
499	713	733	750	740	570	764	748	311	421	358	538	624	565	415	349	437	631	666	475	436	728	407	385	506	642	519	341	523	335	326	0	705	600	539	418	523	380	754	629	389	
358	383	544	542	453	392	692	695	644	673	366	481	772	683	622	672	553	352	699	350	750	551	329	757	373	537	316	708	725	502	617	705	0	532	600	782	411	376	610	780	789	
771	454	511	724	567	311	554	742	460	697	489	436	388	652	566	309	718	406	507	774	338	421	638	711	765	690	785	456	573	589	395	600	532	0	797	303	761	327	784	577	515	
335	313	592	415	364	517	386	452	654	762	464	503	423	482	627	693	717	357	319	442	373	508	411	473	676	588	425	761	665	364	300	539	600	797	0	622	666	725	514	300	397	
426	787	793	548	416	320	478	633	389	375	472	468	452	796	684	726	650	338	737	484	332	524	533	401	366	769	659	612	544	336	306	418	782	303	622	0	766	383	614	374	331	
341	667	753	782	499	484	635	574	634	387	616	472	571	662	525	556	353	477	788	726	766	532	545	602	578	314	430	465	706	328	343	523	411	761	666	766	0	660	776	389	792	
733	633	571	549	606	640	410	461	750	461	648	532	494	360	491	798	302	603	335	608	499	691	472	780	436	364	709	367	592	457	795	380	376	327	725	383	660	0	764	669	781	
722	329	730	417	564	740	340	433	394	625	777	342	408	328	566	384	716	353	688	435	796	344	562	791	420	333	714	714	689	513	310	754	610	784	514	614	776	764	0	502	550	
555	728	570	550	349	482	707	698	338	553	351	541	352	712	749	677	618	484	510	491	418	771	656	333	619	698	328	430	763	707	780	629	780	577	300	374	389	669	502	0	414	
571	592	566	590	744	695	329	359	793	536	530	529	652	444	578	400	577	315	601	573	481	552	734	348	354	581	783	663	408	311	483	389	789	515	397	331	792	781	550	414	0	
etats
Id_Station	Poids W	Min (P)	WSPT	Priorité	
1	4	301	33,44	1	
2	7	303	33,67	2	
3	3	325	36,11	3	
4	5	303	37,88	4	
5	5	305	38,13	5	
6	7	305	38,13	6	
7	2	307	38,38	7	
8	4	312	39,00	8	
9	8	316	39,50	9	
10	5	316	39,50	10	
11	2	319	39,88	11	
12	3	323	40,38	12	
13	9	303	43,29	13	
14	1	306	43,71	14	
15	4	331	47,29	15	
16	6	301	50,17	16	
17	9	301	50,17	17	
18	1	302	50,33	18	
19	7	306	51,00	19	
20	3	306	51,00	20	
21	1	312	52,00	21	
22	7	350	58,33	22	
23	4	313	62,60	23	
24	5	335	67,00	24	
25	8	372	74,40	25	
26	5	304	76,00	26	
27	6	314	78,50	27	
28	8	305	101,67	28	
29	2	307	102,33	29	
30	4	313	104,33	30	
31	2	316	105,33	31	
32	9	302	151,00	32	
33	2	310	155,00	33	
34	2	314	157,00	34	
35	6	301	301,00	35	
36	9	302	302,00	36	
37	5	304	304,00	37	
38	6	307	307,00	38	
39	1	315	315,00	39	
40	8	316	316,00	40	

