distances
0	540	387	703	725	450	696	559	553	642	462	590	567	330	630	698	447	354	658	385	631	301	742	518	398	576	513	628	419	656	339	586	387	536	692	508	539	385	406	553	630	
540	0	680	337	516	709	388	398	351	397	635	603	454	760	689	447	519	569	733	462	673	716	754	603	631	666	686	567	652	589	570	429	425	673	628	329	717	478	510	576	596	
387	680	0	401	547	317	439	324	767	533	581	792	466	472	769	646	366	574	398	319	713	388	332	548	757	765	582	747	782	556	304	392	797	492	680	457	758	796	314	327	550	
703	337	401	0	696	449	323	372	504	733	502	542	466	668	772	625	440	610	622	340	313	381	570	787	784	655	397	458	315	776	419	371	446	498	406	598	540	706	476	383	693	
725	516	547	696	0	458	747	618	371	322	428	564	415	444	496	612	338	463	561	743	728	413	595	748	436	444	685	534	485	731	738	753	323	722	373	717	476	792	469	399	619	
450	709	317	449	458	0	762	508	587	305	783	319	761	707	389	356	316	747	462	495	715	767	450	723	576	554	706	699	421	767	445	395	749	321	390	623	433	679	698	630	681	
696	388	439	323	747	762	0	579	394	722	551	479	771	554	334	652	660	545	643	532	552	560	639	718	760	351	371	796	729	684	316	567	433	336	607	334	741	763	374	426	378	
559	398	324	372	618	508	579	0	393	706	469	448	723	633	727	379	538	725	682	617	428	599	510	598	312	664	490	402	444	732	655	754	716	710	729	435	551	571	643	313	641	
553	351	767	504	371	587	394	393	0	468	323	589	345	699	661	544	412	445	787	437	583	688	320	303	327	375	691	657	493	381	547	767	447	331	325	686	692	682	512	317	370	
642	397	533	733	322	305	722	706	468	0	472	535	798	718	730	445	360	355	318	693	782	796	795	692	304	438	593	474	479	775	665	537	651	689	629	346	455	704	777	747	608	
462	635	581	502	428	783	551	469	323	472	0	769	563	739	648	635	570	581	720	618	635	328	409	760	628	384	372	340	455	761	375	583	602	594	642	758	796	562	735	309	607	
590	603	792	542	564	319	479	448	589	535	769	0	562	435	419	422	552	654	369	611	749	512	662	529	503	700	517	495	607	577	553	627	662	503	664	488	680	647	604	428	794	
567	454	466	466	415	761	771	723	345	798	563	562	0	363	343	663	439	743	491	577	708	364	401	768	559	557	650	576	628	547	443	685	791	464	689	338	659	387	649	645	705	
330	760	472	668	444	707	554	633	699	718	739	435	363	0	552	453	538	691	387	568	419	591	745	713	751	518	735	466	493	335	460	502	723	323	367	787	697	486	315	458	446	
630	689	769	772	496	389	334	727	661	730	648	419	343	552	0	583	645	564	515	402	351	458	650	401	746	487	797	647	523	410	312	550	312	721	416	667	480	313	673	384	588	
698	447	646	625	612	356	652	379	544	445	635	422	663	453	583	0	632	728	507	541	678	791	596	468	403	727	655	524	454	470	537	582	520	763	519	505	661	586	666	500	529	
447	519	366	440	338	316	660	538	412	360	570	552	439	538	645	632	0	420	488	436	359	761	638	529	442	340	740	610	515	619	756	448	609	565	798	566	594	591	398	500	758	
354	569	574	610	463	747	545	725	445	355	581	654	743	691	564	728	420	0	537	743	553	698	381	625	403	684	347	319	740	744	450	650	640	354	461	419	673	373	316	785	798	
658	733	398	622	561	462	643	682	787	318	720	369	491	387	515	507	488	537	0	321	624	424	539	690	535	677	484	640	450	568	537	706	792	570	314	327	799	547	688	513	525	
385	462	319	340	743	495	532	617	437	693	618	611	577	568	402	541	436	743	321	0	334	641	385	526	409	431	385	606	525	587	456	455	769	429	505	396	332	359	373	300	559	
631	673	713	313	728	715	552	428	583	782	635	749	708	419	351	678	359	553	624	334	0	339	565	556	468	407	441	585	738	623	532	489	591	576	489	508	617	439	479	556	422	
301	716	388	381	413	767	560	599	688	796	328	512	364	591	458	791	761	698	424	641	339	0	304	551	750	305	340	786	769	318	558	633	399	415	640	515	487	635	720	584	599	
742	754	332	570	595	450	639	510	320	795	409	662	401	745	650	596	638	381	539	385	565	304	0	511	771	427	615	589	464	781	603	721	596	373	558	670	761	581	339	466	616	
518	603	548	787	748	723	718	598	303	692	760	529	768	713	401	468	529	625	690	526	556	551	511	0	478	351	495	670	553	678	656	384	541	759	686	368	427	608	373	379	392	
398	631	757	784	436	576	760	312	327	304	628	503	559	751	746	403	442	403	535	409	468	750	771	478	0	697	615	656	584	476	422	572	527	385	377	376	354	442	619	479	515	
576	666	765	655	444	554	351	664	375	438	384	700	557	518	487	727	340	684	677	431	407	305	427	351	697	0	759	345	383	554	604	539	411	324	496	618	560	408	463	490	556	
513	686	582	397	685	706	371	490	691	593	372	517	650	735	797	655	740	347	484	385	441	340	615	495	615	759	0	677	385	606	690	403	636	317	780	432	339	797	764	589	785	
628	567	747	458	534	699	796	402	657	474	340	495	576	466	647	524	610	319	640	606	585	786	589	670	656	345	677	0	384	508	381	654	682	780	318	730	771	606	672	637	542	
419	652	782	315	485	421	729	444	493	479	455	607	628	493	523	454	515	740	450	525	738	769	464	553	584	383	385	384	0	398	426	627	674	524	423	471	772	462	477	732	403	
656	589	556	776	731	767	684	732	381	775	761	577	547	335	410	470	619	744	568	587	623	318	781	678	476	554	606	508	398	0	766	621	620	408	628	727	533	475	439	499	779	
339	570	304	419	738	445	316	655	547	665	375	553	443	460	312	537	756	450	537	456	532	558	603	656	422	604	690	381	426	766	0	384	414	678	314	321	389	459	430	707	776	
586	429	392	371	753	395	567	754	767	537	583	627	685	502	550	582	448	650	706	455	489	633	721	384	572	539	403	654	627	621	384	0	388	668	412	761	463	489	345	541	739	
387	425	797	446	323	749	433	716	447	651	602	662	791	723	312	520	609	640	792	769	591	399	596	541	527	411	636	682	674	620	414	388	0	587	573	610	743	330	431	392	491	
536	673	492	498	722	321	336	710	331	689	594	503	464	323	721	763	565	354	570	429	576	415	373	759	385	324	317	780	524	408	678	668	587	0	611	711	706	662	704	563	676	
692	628	680	406	373	390	607	729	325	629	642	664	689	367	416	519	798	461	314	505	489	640	558	686	377	496	780	318	423	628	314	412	573	611	0	332	423	510	493	408	356	
508	329	457	598	717	623	334	435	686	346	758	488	338	787	667	505	566	419	327	396	508	515	670	368	376	618	432	730	471	727	321	761	610	711	332	0	410	492	618	438	742	
539	717	758	540	476	433	741	551	692	455	796	680	659	697	480	661	594	673	799	332	617	487	761	427	354	560	339	771	772	533	389	463	743	706	423	410	0	664	396	571	568	
385	478	796	706	792	679	763	571	682	704	562	647	387	486	313	586	591	373	547	359	439	635	581	608	442	408	797	606	462	475	459	489	330	662	510	492	664	0	799	426	497	
406	510	314	476	469	698	374	643	512	777	735	604	649	315	673	666	398	316	688	373	479	720	339	373	619	463	764	672	477	439	430	345	431	704	493	618	396	799	0	452	624	
553	576	327	383	399	630	426	313	317	747	309	428	645	458	384	500	500	785	513	300	556	584	466	379	479	490	589	637	732	499	707	541	392	563	408	438	571	426	452	0	354	
630	596	550	693	619	681	378	641	370	608	607	794	705	446	588	529	758	798	525	559	422	599	616	392	515	556	785	542	403	779	776	739	491	676	356	742	568	497	624	354	0	
etats
Id_Station	Poids W	Min (P)	WSPT	Priorité	
1	4	306	34,00	1	
2	8	303	37,88	2	
3	3	305	38,13	3	
4	1	309	38,63	4	
5	5	325	40,63	5	
6	1	338	42,25	6	
7	1	303	43,29	7	
8	1	305	43,57	8	
9	3	303	50,50	9	
10	7	304	50,67	10	
11	3	304	50,67	11	
12	7	305	50,83	12	
13	3	306	51,00	13	
14	4	307	51,17	14	
15	7	322	53,67	15	
16	7	300	60,00	16	
17	1	303	60,60	17	
18	1	303	60,60	18	
19	1	318	63,60	19	
20	6	303	75,75	20	
21	4	312	78,00	21	
22	1	313	78,25	22	
23	3	303	101,00	23	
24	2	304	101,33	24	
25	2	301	150,50	25	
26	8	303	151,50	26	
27	4	306	153,00	27	
28	5	315	157,50	28	
29	2	336	168,00	29	
30	5	300	300,00	30	
31	1	301	301,00	31	
32	1	301	301,00	32	
33	4	302	302,00	33	
34	7	303	303,00	34	
35	7	306	306,00	35	
36	1	311	311,00	36	
37	5	312	312,00	37	
38	4	312	312,00	38	
39	8	319	319,00	39	
40	4	325	325,00	40	

