distances
0	451	496	408	673	680	570	306	410	732	353	450	705	449	653	560	681	336	516	722	423	638	539	741	321	784	370	310	757	635	721	397	437	613	711	576	303	595	665	399	635	
451	0	384	526	350	775	630	538	498	329	746	577	416	585	380	526	316	692	778	504	610	666	741	412	354	329	749	588	480	564	783	420	382	464	454	649	793	697	640	733	515	
496	384	0	674	485	422	585	603	726	676	343	796	660	416	624	644	345	323	608	559	555	315	477	432	374	452	652	398	686	736	329	552	615	381	694	672	574	552	675	325	331	
408	526	674	0	787	733	479	715	329	309	319	416	596	567	693	623	558	561	781	385	523	403	628	767	636	546	399	639	306	320	652	613	389	655	371	628	320	390	473	517	604	
673	350	485	787	0	383	363	434	733	508	436	684	733	425	583	757	372	549	328	469	795	702	511	681	794	755	312	575	514	422	362	383	488	326	429	734	692	762	668	580	625	
680	775	422	733	383	0	798	323	321	693	484	384	571	749	621	742	705	401	544	770	333	432	429	494	696	393	443	572	484	319	652	645	327	530	611	686	672	740	736	776	790	
570	630	585	479	363	798	0	357	477	535	313	521	645	707	493	751	333	383	484	648	727	421	497	736	626	710	562	406	623	374	356	314	336	391	370	418	337	642	393	567	476	
306	538	603	715	434	323	357	0	420	353	594	585	632	734	431	694	665	438	781	754	793	753	790	682	586	360	696	601	579	351	367	318	685	410	598	478	391	595	648	623	539	
410	498	726	329	733	321	477	420	0	541	584	536	775	337	621	577	452	514	321	572	558	721	431	646	563	516	425	746	422	575	316	613	389	502	549	583	327	349	515	637	430	
732	329	676	309	508	693	535	353	541	0	486	691	747	498	325	401	474	583	499	327	342	582	412	510	612	423	587	604	307	455	636	302	790	549	570	724	393	373	509	354	419	
353	746	343	319	436	484	313	594	584	486	0	517	544	437	519	372	322	445	610	426	692	601	704	652	513	363	376	611	757	702	553	653	603	515	650	687	596	467	655	790	563	
450	577	796	416	684	384	521	585	536	691	517	0	640	721	667	735	325	609	600	495	303	460	331	525	353	458	540	721	753	735	619	304	702	348	544	681	675	360	707	637	474	
705	416	660	596	733	571	645	632	775	747	544	640	0	307	752	557	559	630	322	357	541	418	346	647	588	653	795	373	657	767	641	654	434	359	587	790	458	774	681	586	694	
449	585	416	567	425	749	707	734	337	498	437	721	307	0	774	781	437	781	561	552	430	717	451	373	352	513	559	315	463	632	709	505	798	713	398	553	417	377	768	775	437	
653	380	624	693	583	621	493	431	621	325	519	667	752	774	0	389	379	301	475	557	357	749	778	679	334	605	347	580	791	346	435	401	471	701	644	569	690	657	760	313	711	
560	526	644	623	757	742	751	694	577	401	372	735	557	781	389	0	521	397	574	735	733	573	798	374	702	606	542	631	691	635	401	385	566	677	784	437	411	396	552	779	491	
681	316	345	558	372	705	333	665	452	474	322	325	559	437	379	521	0	513	593	534	504	531	554	578	605	759	305	601	757	551	349	779	644	615	590	657	772	507	392	345	351	
336	692	323	561	549	401	383	438	514	583	445	609	630	781	301	397	513	0	467	582	391	303	536	750	605	665	337	789	735	588	762	620	356	480	656	648	380	698	359	501	539	
516	778	608	781	328	544	484	781	321	499	610	600	322	561	475	574	593	467	0	567	654	557	388	475	316	324	335	601	790	582	496	495	541	645	547	619	379	543	780	400	444	
722	504	559	385	469	770	648	754	572	327	426	495	357	552	557	735	534	582	567	0	372	307	787	447	584	464	535	685	335	331	701	783	510	640	694	657	356	664	496	527	339	
423	610	555	523	795	333	727	793	558	342	692	303	541	430	357	733	504	391	654	372	0	403	762	645	370	690	562	750	651	496	480	647	595	420	447	305	755	539	489	769	426	
638	666	315	403	702	432	421	753	721	582	601	460	418	717	749	573	531	303	557	307	403	0	539	429	637	629	401	480	377	622	647	301	778	693	563	589	749	401	404	474	782	
539	741	477	628	511	429	497	790	431	412	704	331	346	451	778	798	554	536	388	787	762	539	0	638	452	543	663	514	718	661	475	633	478	448	442	673	626	616	777	661	535	
741	412	432	767	681	494	736	682	646	510	652	525	647	373	679	374	578	750	475	447	645	429	638	0	709	721	407	411	700	718	711	682	362	362	354	325	705	341	720	535	799	
321	354	374	636	794	696	626	586	563	612	513	353	588	352	334	702	605	605	316	584	370	637	452	709	0	703	584	533	752	638	614	329	524	577	356	351	795	618	419	561	720	
784	329	452	546	755	393	710	360	516	423	363	458	653	513	605	606	759	665	324	464	690	629	543	721	703	0	693	756	738	538	683	712	432	514	494	371	528	484	314	747	323	
370	749	652	399	312	443	562	696	425	587	376	540	795	559	347	542	305	337	335	535	562	401	663	407	584	693	0	791	754	556	486	467	420	791	350	605	690	422	673	556	561	
310	588	398	639	575	572	406	601	746	604	611	721	373	315	580	631	601	789	601	685	750	480	514	411	533	756	791	0	452	768	489	477	359	487	593	612	664	411	502	320	537	
757	480	686	306	514	484	623	579	422	307	757	753	657	463	791	691	757	735	790	335	651	377	718	700	752	738	754	452	0	641	306	524	304	666	407	664	527	470	704	367	448	
635	564	736	320	422	319	374	351	575	455	702	735	767	632	346	635	551	588	582	331	496	622	661	718	638	538	556	768	641	0	595	713	312	727	665	531	784	338	452	327	504	
721	783	329	652	362	652	356	367	316	636	553	619	641	709	435	401	349	762	496	701	480	647	475	711	614	683	486	489	306	595	0	691	473	688	788	778	489	646	759	691	392	
397	420	552	613	383	645	314	318	613	302	653	304	654	505	401	385	779	620	495	783	647	301	633	682	329	712	467	477	524	713	691	0	440	788	568	571	643	409	523	516	361	
437	382	615	389	488	327	336	685	389	790	603	702	434	798	471	566	644	356	541	510	595	778	478	362	524	432	420	359	304	312	473	440	0	721	588	462	611	335	774	589	650	
613	464	381	655	326	530	391	410	502	549	515	348	359	713	701	677	615	480	645	640	420	693	448	362	577	514	791	487	666	727	688	788	721	0	688	419	719	471	530	302	674	
711	454	694	371	429	611	370	598	549	570	650	544	587	398	644	784	590	656	547	694	447	563	442	354	356	494	350	593	407	665	788	568	588	688	0	506	749	469	646	480	663	
576	649	672	628	734	686	418	478	583	724	687	681	790	553	569	437	657	648	619	657	305	589	673	325	351	371	605	612	664	531	778	571	462	419	506	0	441	614	644	351	773	
303	793	574	320	692	672	337	391	327	393	596	675	458	417	690	411	772	380	379	356	755	749	626	705	795	528	690	664	527	784	489	643	611	719	749	441	0	577	693	562	598	
595	697	552	390	762	740	642	595	349	373	467	360	774	377	657	396	507	698	543	664	539	401	616	341	618	484	422	411	470	338	646	409	335	471	469	614	577	0	446	629	600	
665	640	675	473	668	736	393	648	515	509	655	707	681	768	760	552	392	359	780	496	489	404	777	720	419	314	673	502	704	452	759	523	774	530	646	644	693	446	0	770	419	
399	733	325	517	580	776	567	623	637	354	790	637	586	775	313	779	345	501	400	527	769	474	661	535	561	747	556	320	367	327	691	516	589	302	480	351	562	629	770	0	543	
635	515	331	604	625	790	476	539	430	419	563	474	694	437	711	491	351	539	444	339	426	782	535	799	720	323	561	537	448	504	392	361	650	674	663	773	598	600	419	543	0	
etats
Id_Station	Poids W	Min (P)	WSPT	Priorité	
1	8				
2	1				
3	7				
4	6				
5	8				
6	5				
7	6				
8	1				
9	6				
10	3				
11	7				
12	8				
13	1				
14	6				
15	5				
16	8				
17	1				
18	8				
19	3				
20	8				
21	6				
22	7				
23	9				
24	3				
25	4				
26	8				
27	2				
28	4				
29	8				
30	6				
31	9				
32	1				
33	1				
34	6				
35	3				
36	9				
37	5				
38	2				
39	2				
40	8				

