distances
0	442	653	311	455	444	699	619	604	690	469	423	338	344	675	762	767	590	406	428	484	404	493	417	505	662	623	430	570	756	494	358	764	654	456	688	599	700	438	724	438	
442	0	400	582	618	601	542	335	723	425	746	794	638	644	342	738	456	715	346	696	422	749	558	725	382	640	356	483	740	659	469	560	400	666	382	377	716	566	699	550	702	
653	400	0	390	616	738	688	570	300	726	446	597	486	718	643	414	715	488	725	794	436	759	766	440	461	525	547	663	496	474	388	656	705	464	763	350	578	547	397	303	307	
311	582	390	0	438	717	678	662	704	731	559	738	399	345	513	429	627	359	312	419	515	567	725	379	369	698	438	497	666	744	676	760	614	744	730	396	457	711	517	473	334	
455	618	616	438	0	630	480	529	677	430	501	585	466	431	537	638	771	614	703	783	756	519	438	638	375	787	513	480	666	659	392	504	370	488	556	393	691	558	439	704	559	
444	601	738	717	630	0	772	467	699	630	597	302	773	613	331	320	387	374	452	660	685	622	478	713	509	777	697	411	478	784	649	478	463	496	795	369	607	498	552	756	718	
699	542	688	678	480	772	0	638	637	614	636	453	786	590	554	495	785	433	431	392	772	653	697	564	568	438	777	319	752	557	774	319	590	669	771	326	640	580	698	560	377	
619	335	570	662	529	467	638	0	348	389	764	584	379	761	571	338	486	333	497	739	714	400	791	796	348	644	406	552	521	436	492	678	799	535	633	674	557	659	721	555	376	
604	723	300	704	677	699	637	348	0	566	371	562	340	774	409	484	744	742	371	517	639	512	319	437	527	727	540	664	707	415	394	482	669	748	410	598	752	734	446	567	358	
690	425	726	731	430	630	614	389	566	0	324	357	437	648	524	507	656	322	774	550	318	583	670	668	686	596	598	793	693	367	742	472	601	762	490	335	552	444	528	474	352	
469	746	446	559	501	597	636	764	371	324	0	765	641	634	465	608	370	301	573	548	317	412	549	681	392	601	347	779	323	779	405	769	543	399	765	588	727	302	339	542	691	
423	794	597	738	585	302	453	584	562	357	765	0	703	467	363	661	653	554	523	309	520	795	310	339	486	563	652	734	710	456	730	396	508	728	514	390	490	397	682	654	757	
338	638	486	399	466	773	786	379	340	437	641	703	0	366	675	662	448	713	377	559	616	505	556	534	768	434	433	333	747	606	703	393	315	358	366	319	459	715	750	729	481	
344	644	718	345	431	613	590	761	774	648	634	467	366	0	646	796	479	769	782	687	628	580	407	701	733	644	741	742	746	563	485	327	477	689	355	538	618	796	610	353	437	
675	342	643	513	537	331	554	571	409	524	465	363	675	646	0	635	792	467	382	510	402	712	333	385	505	445	300	757	769	586	758	364	766	673	412	441	429	784	796	462	776	
762	738	414	429	638	320	495	338	484	507	608	661	662	796	635	0	697	736	505	689	684	701	306	477	481	375	775	792	774	490	322	414	609	703	763	670	794	769	571	322	443	
767	456	715	627	771	387	785	486	744	656	370	653	448	479	792	697	0	622	449	566	793	624	647	573	654	508	768	363	399	557	382	342	617	754	565	692	439	433	593	633	785	
590	715	488	359	614	374	433	333	742	322	301	554	713	769	467	736	622	0	378	485	362	360	300	474	661	755	355	368	539	497	485	348	404	351	376	477	446	459	556	471	787	
406	346	725	312	703	452	431	497	371	774	573	523	377	782	382	505	449	378	0	314	470	595	497	641	622	382	303	532	386	604	342	785	318	486	393	677	787	591	773	307	499	
428	696	794	419	783	660	392	739	517	550	548	309	559	687	510	689	566	485	314	0	643	661	696	496	478	780	304	551	302	575	550	333	455	566	444	332	531	462	456	615	460	
484	422	436	515	756	685	772	714	639	318	317	520	616	628	402	684	793	362	470	643	0	472	574	508	448	482	470	471	613	713	494	754	706	427	606	681	634	481	710	361	336	
404	749	759	567	519	622	653	400	512	583	412	795	505	580	712	701	624	360	595	661	472	0	540	594	699	524	504	607	526	528	721	757	698	364	535	393	554	397	422	643	387	
493	558	766	725	438	478	697	791	319	670	549	310	556	407	333	306	647	300	497	696	574	540	0	685	544	567	530	720	349	571	790	597	727	586	311	415	443	693	652	721	489	
417	725	440	379	638	713	564	796	437	668	681	339	534	701	385	477	573	474	641	496	508	594	685	0	679	653	616	771	324	457	649	502	373	424	383	654	681	647	308	794	605	
505	382	461	369	375	509	568	348	527	686	392	486	768	733	505	481	654	661	622	478	448	699	544	679	0	719	743	535	672	687	762	527	520	503	554	512	686	331	560	396	682	
662	640	525	698	787	777	438	644	727	596	601	563	434	644	445	375	508	755	382	780	482	524	567	653	719	0	351	769	463	681	591	640	486	337	624	300	696	485	791	512	497	
623	356	547	438	513	697	777	406	540	598	347	652	433	741	300	775	768	355	303	304	470	504	530	616	743	351	0	649	566	611	532	479	601	571	734	758	476	558	369	701	523	
430	483	663	497	480	411	319	552	664	793	779	734	333	742	757	792	363	368	532	551	471	607	720	771	535	769	649	0	384	499	400	330	494	340	631	733	601	572	405	495	611	
570	740	496	666	666	478	752	521	707	693	323	710	747	746	769	774	399	539	386	302	613	526	349	324	672	463	566	384	0	325	430	444	688	558	660	534	392	643	656	422	655	
756	659	474	744	659	784	557	436	415	367	779	456	606	563	586	490	557	497	604	575	713	528	571	457	687	681	611	499	325	0	492	745	488	624	526	678	337	570	485	701	713	
494	469	388	676	392	649	774	492	394	742	405	730	703	485	758	322	382	485	342	550	494	721	790	649	762	591	532	400	430	492	0	736	549	309	637	755	531	568	751	311	621	
358	560	656	760	504	478	319	678	482	472	769	396	393	327	364	414	342	348	785	333	754	757	597	502	527	640	479	330	444	745	736	0	484	763	795	466	462	722	326	327	411	
764	400	705	614	370	463	590	799	669	601	543	508	315	477	766	609	617	404	318	455	706	698	727	373	520	486	601	494	688	488	549	484	0	499	502	308	388	456	648	451	324	
654	666	464	744	488	496	669	535	748	762	399	728	358	689	673	703	754	351	486	566	427	364	586	424	503	337	571	340	558	624	309	763	499	0	359	740	714	637	554	510	687	
456	382	763	730	556	795	771	633	410	490	765	514	366	355	412	763	565	376	393	444	606	535	311	383	554	624	734	631	660	526	637	795	502	359	0	736	779	671	389	351	417	
688	377	350	396	393	369	326	674	598	335	588	390	319	538	441	670	692	477	677	332	681	393	415	654	512	300	758	733	534	678	755	466	308	740	736	0	726	673	501	633	405	
599	716	578	457	691	607	640	557	752	552	727	490	459	618	429	794	439	446	787	531	634	554	443	681	686	696	476	601	392	337	531	462	388	714	779	726	0	562	347	326	583	
700	566	547	711	558	498	580	659	734	444	302	397	715	796	784	769	433	459	591	462	481	397	693	647	331	485	558	572	643	570	568	722	456	637	671	673	562	0	490	453	558	
438	699	397	517	439	552	698	721	446	528	339	682	750	610	796	571	593	556	773	456	710	422	652	308	560	791	369	405	656	485	751	326	648	554	389	501	347	490	0	706	565	
724	550	303	473	704	756	560	555	567	474	542	654	729	353	462	322	633	471	307	615	361	643	721	794	396	512	701	495	422	701	311	327	451	510	351	633	326	453	706	0	355	
438	702	307	334	559	718	377	376	358	352	691	757	481	437	776	443	785	787	499	460	336	387	489	605	682	497	523	611	655	713	621	411	324	687	417	405	583	558	565	355	0	
etats
Id_Station	Poids W	Min (P)	WSPT	Priorité	
1	1	300	33,33	1	
2	2	301	33,44	2	
3	7	316	35,11	3	
4	6	325	36,11	4	
5	5	338	37,56	5	
6	6	301	37,63	6	
7	8	303	37,88	7	
8	6	305	38,13	8	
9	1	347	38,56	9	
10	1	313	39,13	10	
11	1	311	44,43	11	
12	2	302	50,33	12	
13	8	303	50,50	13	
14	4	308	51,33	14	
15	1	316	52,67	15	
16	4	320	53,33	16	
17	3	325	54,17	17	
18	7	330	55,00	18	
19	2	333	55,50	19	
20	6	302	60,40	20	
21	4	312	62,40	21	
22	8	318	63,60	22	
23	4	329	65,80	23	
24	1	300	75,00	24	
25	5	303	75,75	25	
26	1	318	79,50	26	
27	9	319	79,75	27	
28	7	305	101,67	28	
29	1	316	105,33	29	
30	9	320	160,00	30	
31	9	322	161,00	31	
32	1	333	166,50	32	
33	6	342	171,00	33	
34	7	300	300,00	34	
35	5	300	300,00	35	
36	2	305	305,00	36	
37	4	306	306,00	37	
38	2	306	306,00	38	
39	6	308	308,00	39	
40	9	318	318,00	40	

