distances
0	431	718	744	566	303	632	742	418	748	523	486	726	721	355	378	672	588	705	631	550	462	399	367	742	356	409	755	472	766	546	408	519	480	346	592	516	653	522	682	485	
431	0	599	499	507	434	410	531	440	727	584	508	485	752	425	417	792	776	730	450	640	336	703	634	425	461	773	364	565	347	492	622	693	578	736	485	300	542	317	327	470	
718	599	0	751	520	353	321	372	739	738	321	608	564	732	604	458	652	696	568	513	322	635	709	429	321	733	527	773	382	363	562	787	679	329	632	593	462	620	582	626	460	
744	499	751	0	698	677	647	567	352	333	488	748	486	451	790	719	536	350	787	326	680	442	636	422	376	324	499	323	365	600	368	484	713	539	793	665	781	766	375	401	460	
566	507	520	698	0	758	559	597	661	343	605	448	490	449	612	777	376	591	607	497	545	539	339	590	698	314	645	793	393	561	355	464	454	595	743	545	550	390	748	673	505	
303	434	353	677	758	0	325	537	525	400	762	499	732	483	413	342	357	781	437	302	404	474	372	633	536	413	451	750	440	333	483	371	745	760	552	678	515	310	352	514	721	
632	410	321	647	559	325	0	697	649	616	423	420	622	411	666	714	345	631	533	437	731	547	494	322	502	658	374	369	444	586	657	532	714	759	383	676	398	745	567	322	622	
742	531	372	567	597	537	697	0	396	744	539	390	694	380	595	787	508	375	780	736	534	648	570	719	675	786	505	578	371	504	402	674	322	388	711	678	587	476	642	602	425	
418	440	739	352	661	525	649	396	0	358	787	438	608	632	611	569	316	613	599	376	547	734	612	547	707	765	621	685	595	435	317	722	792	558	573	518	695	525	578	589	343	
748	727	738	333	343	400	616	744	358	0	760	778	307	591	750	574	447	588	694	782	611	602	521	761	798	769	494	490	308	783	374	573	476	360	639	562	605	716	503	467	796	
523	584	321	488	605	762	423	539	787	760	0	462	392	425	473	353	720	510	464	750	595	684	750	619	631	704	647	451	422	592	345	382	761	786	342	479	782	749	701	331	456	
486	508	608	748	448	499	420	390	438	778	462	0	703	399	513	497	608	786	736	400	384	322	460	654	550	466	568	498	636	322	340	358	518	360	552	753	781	397	417	518	566	
726	485	564	486	490	732	622	694	608	307	392	703	0	303	397	427	424	793	548	780	423	411	667	406	442	471	524	310	704	675	604	589	730	434	523	319	630	776	594	511	490	
721	752	732	451	449	483	411	380	632	591	425	399	303	0	776	677	485	720	701	725	655	611	460	422	588	513	605	695	679	378	428	488	737	551	718	301	561	403	705	477	509	
355	425	604	790	612	413	666	595	611	750	473	513	397	776	0	670	664	720	484	385	555	602	342	788	326	658	328	587	479	419	637	520	693	371	476	426	759	711	322	346	431	
378	417	458	719	777	342	714	787	569	574	353	497	427	677	670	0	531	484	496	740	682	576	374	431	476	393	614	546	449	601	330	658	646	537	615	704	744	657	617	629	502	
672	792	652	536	376	357	345	508	316	447	720	608	424	485	664	531	0	456	446	734	374	662	380	622	552	487	494	433	747	492	606	558	619	622	416	537	339	723	782	529	418	
588	776	696	350	591	781	631	375	613	588	510	786	793	720	720	484	456	0	560	385	575	666	432	527	353	365	762	516	407	657	544	430	465	733	728	447	454	363	340	592	529	
705	730	568	787	607	437	533	780	599	694	464	736	548	701	484	496	446	560	0	619	791	608	361	493	426	724	538	621	639	799	435	524	393	695	771	614	713	358	671	685	679	
631	450	513	326	497	302	437	736	376	782	750	400	780	725	385	740	734	385	619	0	749	372	516	754	763	759	685	584	376	608	368	389	397	323	554	710	734	477	709	577	751	
550	640	322	680	545	404	731	534	547	611	595	384	423	655	555	682	374	575	791	749	0	351	763	678	741	403	755	631	681	356	762	594	385	706	385	343	413	512	424	611	507	
462	336	635	442	539	474	547	648	734	602	684	322	411	611	602	576	662	666	608	372	351	0	582	543	558	452	748	755	490	707	657	720	421	653	791	538	379	340	342	724	487	
399	703	709	636	339	372	494	570	612	521	750	460	667	460	342	374	380	432	361	516	763	582	0	421	353	707	701	356	491	524	717	562	722	394	422	690	349	749	530	791	648	
367	634	429	422	590	633	322	719	547	761	619	654	406	422	788	431	622	527	493	754	678	543	421	0	303	336	325	702	657	399	337	319	572	330	385	747	404	708	529	595	401	
742	425	321	376	698	536	502	675	707	798	631	550	442	588	326	476	552	353	426	763	741	558	353	303	0	373	406	699	688	430	584	531	599	661	321	575	621	516	449	662	556	
356	461	733	324	314	413	658	786	765	769	704	466	471	513	658	393	487	365	724	759	403	452	707	336	373	0	346	335	715	524	481	574	395	444	430	605	740	748	478	361	661	
409	773	527	499	645	451	374	505	621	494	647	568	524	605	328	614	494	762	538	685	755	748	701	325	406	346	0	788	588	525	363	473	732	578	761	728	740	359	421	794	305	
755	364	773	323	793	750	369	578	685	490	451	498	310	695	587	546	433	516	621	584	631	755	356	702	699	335	788	0	306	583	392	438	600	419	411	400	797	565	316	630	428	
472	565	382	365	393	440	444	371	595	308	422	636	704	679	479	449	747	407	639	376	681	490	491	657	688	715	588	306	0	493	673	323	350	512	324	494	769	615	789	358	465	
766	347	363	600	561	333	586	504	435	783	592	322	675	378	419	601	492	657	799	608	356	707	524	399	430	524	525	583	493	0	676	428	423	742	444	431	668	361	389	494	451	
546	492	562	368	355	483	657	402	317	374	345	340	604	428	637	330	606	544	435	368	762	657	717	337	584	481	363	392	673	676	0	614	578	393	787	450	311	734	341	569	592	
408	622	787	484	464	371	532	674	722	573	382	358	589	488	520	658	558	430	524	389	594	720	562	319	531	574	473	438	323	428	614	0	365	327	618	622	728	348	625	609	688	
519	693	679	713	454	745	714	322	792	476	761	518	730	737	693	646	619	465	393	397	385	421	722	572	599	395	732	600	350	423	578	365	0	363	435	560	607	399	552	621	357	
480	578	329	539	595	760	759	388	558	360	786	360	434	551	371	537	622	733	695	323	706	653	394	330	661	444	578	419	512	742	393	327	363	0	786	311	575	474	675	634	704	
346	736	632	793	743	552	383	711	573	639	342	552	523	718	476	615	416	728	771	554	385	791	422	385	321	430	761	411	324	444	787	618	435	786	0	765	745	484	612	303	756	
592	485	593	665	545	678	676	678	518	562	479	753	319	301	426	704	537	447	614	710	343	538	690	747	575	605	728	400	494	431	450	622	560	311	765	0	393	301	434	738	712	
516	300	462	781	550	515	398	587	695	605	782	781	630	561	759	744	339	454	713	734	413	379	349	404	621	740	740	797	769	668	311	728	607	575	745	393	0	799	317	656	534	
653	542	620	766	390	310	745	476	525	716	749	397	776	403	711	657	723	363	358	477	512	340	749	708	516	748	359	565	615	361	734	348	399	474	484	301	799	0	672	557	720	
522	317	582	375	748	352	567	642	578	503	701	417	594	705	322	617	782	340	671	709	424	342	530	529	449	478	421	316	789	389	341	625	552	675	612	434	317	672	0	448	540	
682	327	626	401	673	514	322	602	589	467	331	518	511	477	346	629	529	592	685	577	611	724	791	595	662	361	794	630	358	494	569	609	621	634	303	738	656	557	448	0	662	
485	470	460	460	505	721	622	425	343	796	456	566	490	509	431	502	418	529	679	751	507	487	648	401	556	661	305	428	465	451	592	688	357	704	756	712	534	720	540	662	0	
etats
Id_Station	Poids W	Min (P)	WSPT	Priorité	
1	1	305	33,89	1	
2	5	334	37,11	2	
3	1	302	37,75	3	
4	4	302	37,75	4	
5	8	305	38,13	5	
6	1	309	38,63	6	
7	8	325	40,63	7	
8	2	301	43,00	8	
9	5	323	46,14	9	
10	1	350	50,00	10	
11	1	304	50,67	11	
12	2	314	52,33	12	
13	3	301	60,20	13	
14	6	301	60,20	14	
15	8	303	60,60	15	
16	1	314	62,80	16	
17	5	323	64,60	17	
18	6	300	75,00	18	
19	2	302	75,50	19	
20	3	307	76,75	20	
21	3	318	79,50	21	
22	1	319	79,75	22	
23	2	320	80,00	23	
24	8	323	80,75	24	
25	3	323	80,75	25	
26	7	301	100,33	26	
27	5	304	101,33	27	
28	3	309	103,00	28	
29	5	314	104,67	29	
30	6	300	150,00	30	
31	1	301	150,50	31	
32	8	304	152,00	32	
33	9	352	176,00	33	
34	5	300	300,00	34	
35	7	302	302,00	35	
36	1	304	304,00	36	
37	4	305	305,00	37	
38	2	313	313,00	38	
39	5	328	328,00	39	
40	7	343	343,00	40	

