distances
0	453	460	681	368	581	648	395	537	364	775	515	628	515	372	603	356	708	749	558	561	571	305	698	709	422	605	407	676	494	753	669	377	648	334	531	303	551	432	775	727	
453	0	484	651	584	468	347	341	575	380	315	772	621	521	399	714	532	552	680	428	570	457	642	716	640	588	528	582	702	583	696	472	618	732	665	450	665	779	330	482	609	
460	484	0	737	507	454	797	355	689	705	702	503	475	778	524	774	523	526	624	479	420	713	497	776	512	664	715	443	443	562	517	746	484	711	720	758	486	416	779	353	736	
681	651	737	0	692	370	749	427	469	782	652	378	624	755	325	470	667	491	621	519	786	439	357	436	461	679	348	719	715	758	363	778	675	616	355	527	704	471	451	323	366	
368	584	507	692	0	467	367	549	474	618	416	634	321	352	349	338	498	454	522	301	653	511	358	382	617	770	304	720	693	543	487	642	568	342	666	414	710	543	733	543	781	
581	468	454	370	467	0	447	384	369	751	529	720	552	543	449	341	496	488	742	468	717	507	796	537	593	392	656	504	307	433	768	493	381	628	333	562	476	698	783	716	643	
648	347	797	749	367	447	0	402	339	525	621	597	595	480	719	334	447	763	312	731	736	403	593	678	557	633	744	763	727	787	394	522	471	410	658	617	351	376	425	410	444	
395	341	355	427	549	384	402	0	341	456	486	312	576	473	613	442	600	772	454	413	588	584	640	452	450	577	449	678	459	768	431	680	382	389	665	673	646	612	491	541	676	
537	575	689	469	474	369	339	341	0	619	795	502	302	493	318	620	592	331	610	411	686	368	690	447	583	796	566	737	502	566	362	716	524	489	793	494	748	373	545	650	425	
364	380	705	782	618	751	525	456	619	0	595	651	784	418	762	626	680	391	717	727	636	777	649	661	419	309	792	349	409	610	581	407	589	339	628	542	367	570	314	497	379	
775	315	702	652	416	529	621	486	795	595	0	498	713	490	683	326	754	503	356	655	346	578	427	508	707	749	323	388	415	599	524	698	798	355	434	329	735	517	382	726	327	
515	772	503	378	634	720	597	312	502	651	498	0	536	604	663	477	777	778	652	384	763	786	509	619	714	506	342	359	659	695	771	397	537	746	769	796	399	393	508	615	704	
628	621	475	624	321	552	595	576	302	784	713	536	0	473	381	759	799	622	582	726	695	760	332	300	325	375	643	533	531	342	306	347	547	493	440	617	590	616	519	378	612	
515	521	778	755	352	543	480	473	493	418	490	604	473	0	517	349	627	368	606	681	509	360	615	428	537	767	488	403	662	795	300	706	366	660	637	500	660	762	753	458	570	
372	399	524	325	349	449	719	613	318	762	683	663	381	517	0	323	756	586	587	518	579	408	768	427	529	587	304	483	436	600	797	542	346	380	301	518	544	775	727	700	784	
603	714	774	470	338	341	334	442	620	626	326	477	759	349	323	0	798	509	451	400	651	785	422	665	464	330	365	351	657	739	724	503	380	549	648	387	782	533	370	333	447	
356	532	523	667	498	496	447	600	592	680	754	777	799	627	756	798	0	612	320	673	753	743	446	754	751	428	626	686	790	382	735	795	408	421	305	699	540	698	668	757	671	
708	552	526	491	454	488	763	772	331	391	503	778	622	368	586	509	612	0	528	604	708	520	759	341	300	349	405	587	675	747	357	761	400	623	741	442	424	322	555	764	447	
749	680	624	621	522	742	312	454	610	717	356	652	582	606	587	451	320	528	0	706	538	332	736	730	471	422	737	378	565	469	608	760	719	723	543	734	456	723	723	380	360	
558	428	479	519	301	468	731	413	411	727	655	384	726	681	518	400	673	604	706	0	590	453	786	503	652	403	516	624	630	682	371	674	722	411	606	782	759	359	718	583	722	
561	570	420	786	653	717	736	588	686	636	346	763	695	509	579	651	753	708	538	590	0	377	667	529	745	407	644	301	554	484	532	376	680	748	347	305	520	373	413	606	493	
571	457	713	439	511	507	403	584	368	777	578	786	760	360	408	785	743	520	332	453	377	0	660	795	673	764	736	331	457	494	737	553	743	772	314	300	558	516	681	460	593	
305	642	497	357	358	796	593	640	690	649	427	509	332	615	768	422	446	759	736	786	667	660	0	780	705	434	579	785	678	552	682	334	661	638	695	766	422	565	324	773	573	
698	716	776	436	382	537	678	452	447	661	508	619	300	428	427	665	754	341	730	503	529	795	780	0	326	489	314	796	358	729	482	307	392	696	345	661	601	326	768	680	652	
709	640	512	461	617	593	557	450	583	419	707	714	325	537	529	464	751	300	471	652	745	673	705	326	0	735	438	304	765	758	367	635	484	395	787	790	433	655	467	357	385	
422	588	664	679	770	392	633	577	796	309	749	506	375	767	587	330	428	349	422	403	407	764	434	489	735	0	303	616	793	458	701	379	408	649	579	799	579	374	578	619	692	
605	528	715	348	304	656	744	449	566	792	323	342	643	488	304	365	626	405	737	516	644	736	579	314	438	303	0	383	329	779	582	750	437	641	348	798	345	535	483	633	722	
407	582	443	719	720	504	763	678	737	349	388	359	533	403	483	351	686	587	378	624	301	331	785	796	304	616	383	0	409	473	391	313	381	797	356	300	320	470	756	445	361	
676	702	443	715	693	307	727	459	502	409	415	659	531	662	436	657	790	675	565	630	554	457	678	358	765	793	329	409	0	782	493	453	327	737	738	729	410	341	301	763	652	
494	583	562	758	543	433	787	768	566	610	599	695	342	795	600	739	382	747	469	682	484	494	552	729	758	458	779	473	782	0	538	617	633	515	590	719	747	744	486	758	312	
753	696	517	363	487	768	394	431	362	581	524	771	306	300	797	724	735	357	608	371	532	737	682	482	367	701	582	391	493	538	0	671	412	764	443	501	409	767	355	703	506	
669	472	746	778	642	493	522	680	716	407	698	397	347	706	542	503	795	761	760	674	376	553	334	307	635	379	750	313	453	617	671	0	754	519	382	310	506	595	335	637	743	
377	618	484	675	568	381	471	382	524	589	798	537	547	366	346	380	408	400	719	722	680	743	661	392	484	408	437	381	327	633	412	754	0	555	368	514	512	411	674	326	312	
648	732	711	616	342	628	410	389	489	339	355	746	493	660	380	549	421	623	723	411	748	772	638	696	395	649	641	797	737	515	764	519	555	0	658	500	498	643	515	548	546	
334	665	720	355	666	333	658	665	793	628	434	769	440	637	301	648	305	741	543	606	347	314	695	345	787	579	348	356	738	590	443	382	368	658	0	775	651	398	573	580	640	
531	450	758	527	414	562	617	673	494	542	329	796	617	500	518	387	699	442	734	782	305	300	766	661	790	799	798	300	729	719	501	310	514	500	775	0	709	717	574	305	323	
303	665	486	704	710	476	351	646	748	367	735	399	590	660	544	782	540	424	456	759	520	558	422	601	433	579	345	320	410	747	409	506	512	498	651	709	0	711	662	573	693	
551	779	416	471	543	698	376	612	373	570	517	393	616	762	775	533	698	322	723	359	373	516	565	326	655	374	535	470	341	744	767	595	411	643	398	717	711	0	650	727	726	
432	330	779	451	733	783	425	491	545	314	382	508	519	753	727	370	668	555	723	718	413	681	324	768	467	578	483	756	301	486	355	335	674	515	573	574	662	650	0	354	597	
775	482	353	323	543	716	410	541	650	497	726	615	378	458	700	333	757	764	380	583	606	460	773	680	357	619	633	445	763	758	703	637	326	548	580	305	573	727	354	0	322	
727	609	736	366	781	643	444	676	425	379	327	704	612	570	784	447	671	447	360	722	493	593	573	652	385	692	722	361	652	312	506	743	312	546	640	323	693	726	597	322	0	
etats
Id_Station	Poids W	Min (P)	WSPT	Priorité	
1	9	304	33,78	1	
2	6	307	34,11	2	
3	2	313	34,78	3	
4	4	300	37,50	4	
5	7	304	38,00	5	
6	9	307	38,38	6	
7	2	309	38,63	7	
8	1	305	43,57	8	
9	9	308	44,00	9	
10	1	319	45,57	10	
11	7	300	50,00	11	
12	9	302	50,33	12	
13	8	312	52,00	13	
14	1	316	52,67	14	
15	1	325	54,17	15	
16	8	302	60,40	16	
17	2	306	61,20	17	
18	9	309	61,80	18	
19	8	310	62,00	19	
20	3	316	63,20	20	
21	1	318	63,60	21	
22	6	325	65,00	22	
23	2	326	65,20	23	
24	4	300	75,00	24	
25	7	308	77,00	25	
26	1	313	78,25	26	
27	2	318	79,50	27	
28	3	303	101,00	28	
29	4	303	101,00	29	
30	1	309	103,00	30	
31	4	302	151,00	31	
32	5	303	151,50	32	
33	1	318	159,00	33	
34	9	300	300,00	34	
35	7	301	301,00	35	
36	2	301	301,00	36	
37	6	302	302,00	37	
38	1	308	308,00	38	
39	1	311	311,00	39	
40	8	319	319,00	40	

