distances
0	512	644	336	749	386	449	514	455	755	788	667	557	853	875	412	311	774	348	778	743	508	765	402	395	804	567	689	758	354	358	604	435	658	528	439	775	613	737	674	387	
512	0	658	837	671	322	868	808	724	729	321	690	860	323	786	799	871	758	724	867	852	698	840	792	554	593	681	639	418	626	743	867	409	711	546	781	842	321	539	602	531	
644	658	0	511	663	412	447	818	477	713	767	719	886	323	563	554	355	821	809	753	314	736	747	728	766	877	729	678	795	395	674	487	885	587	421	510	638	846	653	429	647	
336	837	511	0	489	850	508	305	826	705	691	521	523	481	417	660	431	627	610	518	768	317	883	750	321	817	479	399	753	785	642	708	705	817	894	480	653	362	731	481	511	
749	671	663	489	0	435	372	632	656	477	368	620	570	537	738	344	840	484	359	862	742	829	496	768	572	308	345	306	659	840	789	788	692	461	497	355	836	521	890	612	734	
386	322	412	850	435	0	610	593	870	679	761	557	547	406	880	393	702	809	786	444	786	619	700	819	680	676	688	309	799	428	819	893	327	561	319	736	387	613	450	763	637	
449	868	447	508	372	610	0	659	895	752	658	703	491	788	674	683	731	455	559	562	303	617	801	348	536	452	589	363	700	847	609	684	477	826	456	866	349	860	636	443	891	
514	808	818	305	632	593	659	0	722	400	454	467	796	870	437	773	892	898	387	411	604	403	803	799	544	595	380	785	510	726	329	838	769	618	431	763	620	711	379	739	898	
455	724	477	826	656	870	895	722	0	469	330	832	685	657	337	333	537	345	579	588	566	703	329	826	479	485	416	570	362	385	362	762	319	645	797	374	731	313	880	562	548	
755	729	713	705	477	679	752	400	469	0	646	406	631	409	488	581	729	385	655	734	517	544	527	308	811	648	482	524	763	398	433	725	672	830	310	571	848	495	595	575	854	
788	321	767	691	368	761	658	454	330	646	0	833	687	740	634	774	821	777	502	336	892	850	655	775	525	820	527	796	644	669	365	429	452	604	562	660	380	792	879	663	354	
667	690	719	521	620	557	703	467	832	406	833	0	471	633	385	416	465	672	309	623	417	529	742	538	827	887	326	693	332	424	545	886	646	314	845	892	801	548	452	674	898	
557	860	886	523	570	547	491	796	685	631	687	471	0	678	301	546	460	329	731	548	854	862	623	543	675	591	338	854	356	631	548	886	762	881	386	546	553	649	849	550	514	
853	323	323	481	537	406	788	870	657	409	740	633	678	0	657	889	795	880	626	389	727	529	503	664	563	345	300	635	617	322	435	726	668	539	562	697	525	854	635	603	825	
875	786	563	417	738	880	674	437	337	488	634	385	301	657	0	601	404	742	580	506	365	553	581	718	647	410	678	552	531	570	414	819	485	856	333	801	816	838	376	620	338	
412	799	554	660	344	393	683	773	333	581	774	416	546	889	601	0	556	890	455	569	352	605	580	351	515	612	318	515	612	541	761	882	688	807	511	621	766	625	311	782	805	
311	871	355	431	840	702	731	892	537	729	821	465	460	795	404	556	0	382	792	441	561	424	485	471	862	354	508	568	609	475	700	549	372	366	457	360	646	870	631	523	772	
774	758	821	627	484	809	455	898	345	385	777	672	329	880	742	890	382	0	867	317	527	531	334	460	883	314	544	342	782	428	476	327	734	809	766	534	730	380	313	860	570	
348	724	809	610	359	786	559	387	579	655	502	309	731	626	580	455	792	867	0	779	601	694	629	631	752	851	556	491	879	562	301	467	731	729	721	541	868	790	784	580	737	
778	867	753	518	862	444	562	411	588	734	336	623	548	389	506	569	441	317	779	0	411	567	728	469	747	603	782	887	784	387	614	756	555	853	599	801	719	655	575	589	717	
743	852	314	768	742	786	303	604	566	517	892	417	854	727	365	352	561	527	601	411	0	300	410	857	382	383	897	646	838	490	457	447	487	815	844	844	328	550	487	358	359	
508	698	736	317	829	619	617	403	703	544	850	529	862	529	553	605	424	531	694	567	300	0	464	861	350	537	744	729	345	557	556	580	703	647	365	331	759	884	405	500	388	
765	840	747	883	496	700	801	803	329	527	655	742	623	503	581	580	485	334	629	728	410	464	0	398	542	856	640	564	698	784	778	595	809	523	442	388	452	458	348	793	856	
402	792	728	750	768	819	348	799	826	308	775	538	543	664	718	351	471	460	631	469	857	861	398	0	337	818	329	527	542	342	687	406	817	820	409	419	827	325	751	416	787	
395	554	766	321	572	680	536	544	479	811	525	827	675	563	647	515	862	883	752	747	382	350	542	337	0	656	698	568	501	599	437	800	739	832	535	729	568	322	470	628	378	
804	593	877	817	308	676	452	595	485	648	820	887	591	345	410	612	354	314	851	603	383	537	856	818	656	0	562	866	525	640	415	555	859	734	406	391	339	614	739	717	558	
567	681	729	479	345	688	589	380	416	482	527	326	338	300	678	318	508	544	556	782	897	744	640	329	698	562	0	736	769	788	592	498	646	709	570	307	375	796	594	348	352	
689	639	678	399	306	309	363	785	570	524	796	693	854	635	552	515	568	342	491	887	646	729	564	527	568	866	736	0	804	723	775	589	681	530	354	374	379	304	859	347	584	
758	418	795	753	659	799	700	510	362	763	644	332	356	617	531	612	609	782	879	784	838	345	698	542	501	525	769	804	0	587	760	781	541	358	407	672	487	557	757	677	364	
354	626	395	785	840	428	847	726	385	398	669	424	631	322	570	541	475	428	562	387	490	557	784	342	599	640	788	723	587	0	411	820	664	847	567	443	528	611	315	393	390	
358	743	674	642	789	819	609	329	362	433	365	545	548	435	414	761	700	476	301	614	457	556	778	687	437	415	592	775	760	411	0	560	789	866	753	753	454	344	548	748	397	
604	867	487	708	788	893	684	838	762	725	429	886	886	726	819	882	549	327	467	756	447	580	595	406	800	555	498	589	781	820	560	0	524	418	502	860	395	693	679	523	417	
435	409	885	705	692	327	477	769	319	672	452	646	762	668	485	688	372	734	731	555	487	703	809	817	739	859	646	681	541	664	789	524	0	404	496	389	605	685	812	365	749	
658	711	587	817	461	561	826	618	645	830	604	314	881	539	856	807	366	809	729	853	815	647	523	820	832	734	709	530	358	847	866	418	404	0	796	395	465	758	466	742	609	
528	546	421	894	497	319	456	431	797	310	562	845	386	562	333	511	457	766	721	599	844	365	442	409	535	406	570	354	407	567	753	502	496	796	0	803	434	757	737	536	812	
439	781	510	480	355	736	866	763	374	571	660	892	546	697	801	621	360	534	541	801	844	331	388	419	729	391	307	374	672	443	753	860	389	395	803	0	642	517	762	342	432	
775	842	638	653	836	387	349	620	731	848	380	801	553	525	816	766	646	730	868	719	328	759	452	827	568	339	375	379	487	528	454	395	605	465	434	642	0	446	830	854	808	
613	321	846	362	521	613	860	711	313	495	792	548	649	854	838	625	870	380	790	655	550	884	458	325	322	614	796	304	557	611	344	693	685	758	757	517	446	0	600	640	629	
737	539	653	731	890	450	636	379	880	595	879	452	849	635	376	311	631	313	784	575	487	405	348	751	470	739	594	859	757	315	548	679	812	466	737	762	830	600	0	812	500	
674	602	429	481	612	763	443	739	562	575	663	674	550	603	620	782	523	860	580	589	358	500	793	416	628	717	348	347	677	393	748	523	365	742	536	342	854	640	812	0	340	
387	531	647	511	734	637	891	898	548	854	354	898	514	825	338	805	772	570	737	717	359	388	856	787	378	558	352	584	364	390	397	417	749	609	812	432	808	629	500	340	0	
etats
Id_Station	Poids W	Min (P)	WSPT	Priorité	
1	5	305	101,67	33	
2	1	324	64,80	25	
3	9	300	75,00	26	
4	4	324	81,00	30	
5	4	329	54,83	20	
6	6	305	50,83	14	
7	1	305	33,89	3	
8	2	305	61,00	23	
9	6	304	43,43	10	
10	9	302	151,00	35	
11	5	320	40,00	9	
12	9	306	51,00	16	
13	4	306	51,00	17	
14	8	325	46,43	12	
15	8	304	304,00	38	
16	1	304	38,00	6	
17	5	301	37,63	5	
18	2	301	301,00	36	
19	8	304	38,00	7	
20	8	312	104,00	34	
21	9	310	77,50	28	
22	9	330	36,67	4	
23	3	312	44,57	11	
24	3	300	100,00	31	
25	4	300	33,33	1	
26	7	336	336,00	40	
27	3	305	76,25	27	
28	3	320	53,33	19	
29	2	309	61,80	24	
30	8	306	38,25	8	
31	5	305	50,83	15	
32	1	300	33,33	2	
33	2	304	101,33	32	
34	7	304	50,67	13	
35	9	323	323,00	39	
36	1	308	51,33	18	
37	3	301	60,20	22	
38	7	319	79,75	29	
39	3	301	301,00	37	
40	1	300	60,00	21	
