distances
0	500	649	346	375	775	694	348	438	385	567	319	689	347	707	624	370	348	550	453	363	527	846	893	804	554	425	642	710	698	730	874	877	837	697	823	729	675	344	440	627	
500	0	483	852	372	569	315	799	529	534	505	717	461	561	522	565	882	763	425	752	322	573	657	869	886	836	740	706	826	444	815	749	439	336	342	416	748	381	561	313	392	
649	483	0	523	413	441	505	385	611	543	431	890	391	496	517	883	821	754	418	631	334	651	564	660	823	655	620	322	671	464	846	691	774	530	701	603	534	595	435	541	700	
346	852	523	0	640	368	695	797	533	313	669	417	851	697	627	758	766	660	727	707	656	532	661	366	832	483	753	779	604	692	554	894	716	879	582	472	582	354	838	757	401	
375	372	413	640	0	720	768	472	622	665	318	524	533	562	339	318	430	838	702	664	438	312	629	564	443	613	749	503	686	599	726	383	709	452	347	711	323	774	374	764	358	
775	569	441	368	720	0	335	698	691	713	708	595	491	507	661	743	681	697	455	849	705	808	899	656	681	564	380	747	665	565	840	412	704	646	854	656	739	508	750	680	729	
694	315	505	695	768	335	0	828	573	836	679	390	719	602	685	522	706	384	666	318	716	755	863	362	330	364	863	383	503	843	473	400	654	899	506	419	714	522	792	725	473	
348	799	385	797	472	698	828	0	676	321	368	451	810	867	824	707	303	309	366	818	389	551	553	395	372	459	804	445	511	553	813	313	720	374	474	655	589	848	630	533	506	
438	529	611	533	622	691	573	676	0	346	561	343	845	780	566	364	669	690	662	525	426	375	336	629	774	629	840	477	576	392	467	384	460	681	715	442	584	372	429	712	842	
385	534	543	313	665	713	836	321	346	0	570	403	489	883	435	815	304	710	553	399	767	841	844	712	589	478	631	358	891	493	661	416	515	794	312	577	411	673	816	700	471	
567	505	431	669	318	708	679	368	561	570	0	662	657	700	439	585	496	710	306	660	483	848	436	637	743	872	531	685	648	313	773	497	520	313	739	518	760	547	625	571	366	
319	717	890	417	524	595	390	451	343	403	662	0	735	509	788	564	335	411	839	335	851	821	841	409	575	826	814	863	631	333	560	513	642	372	835	771	529	879	373	459	756	
689	461	391	851	533	491	719	810	845	489	657	735	0	309	857	813	887	584	607	496	464	592	429	520	571	318	771	327	646	503	356	531	479	691	613	646	311	613	616	697	369	
347	561	496	697	562	507	602	867	780	883	700	509	309	0	882	772	334	679	681	441	316	527	672	749	839	628	320	630	602	742	558	823	799	607	878	504	863	510	840	632	800	
707	522	517	627	339	661	685	824	566	435	439	788	857	882	0	527	419	650	447	535	672	623	828	637	883	812	363	542	454	330	480	583	732	842	856	562	840	414	515	698	383	
624	565	883	758	318	743	522	707	364	815	585	564	813	772	527	0	465	836	463	837	484	730	548	366	777	627	821	681	817	519	696	308	550	565	441	862	687	697	302	799	507	
370	882	821	766	430	681	706	303	669	304	496	335	887	334	419	465	0	806	757	515	526	565	733	461	568	848	475	783	697	715	723	780	442	577	737	450	873	759	683	364	858	
348	763	754	660	838	697	384	309	690	710	710	411	584	679	650	836	806	0	802	396	773	573	321	628	358	318	410	789	643	622	435	475	717	335	527	750	772	335	778	639	510	
550	425	418	727	702	455	666	366	662	553	306	839	607	681	447	463	757	802	0	644	701	649	625	338	877	505	637	335	342	712	437	655	794	532	558	743	632	501	361	405	317	
453	752	631	707	664	849	318	818	525	399	660	335	496	441	535	837	515	396	644	0	487	580	658	314	792	889	823	897	764	679	878	658	845	366	586	350	627	561	565	463	439	
363	322	334	656	438	705	716	389	426	767	483	851	464	316	672	484	526	773	701	487	0	721	719	599	340	453	894	675	371	445	388	795	770	305	418	575	557	340	576	802	878	
527	573	651	532	312	808	755	551	375	841	848	821	592	527	623	730	565	573	649	580	721	0	821	436	453	336	787	532	348	746	617	391	557	312	374	484	802	699	490	735	590	
846	657	564	661	629	899	863	553	336	844	436	841	429	672	828	548	733	321	625	658	719	821	0	301	595	543	312	330	857	846	340	468	480	842	314	756	397	716	653	680	303	
893	869	660	366	564	656	362	395	629	712	637	409	520	749	637	366	461	628	338	314	599	436	301	0	830	812	487	877	598	601	881	723	490	556	302	598	728	598	549	566	530	
804	886	823	832	443	681	330	372	774	589	743	575	571	839	883	777	568	358	877	792	340	453	595	830	0	880	658	801	823	318	669	386	667	704	411	720	507	621	489	758	519	
554	836	655	483	613	564	364	459	629	478	872	826	318	628	812	627	848	318	505	889	453	336	543	812	880	0	860	425	441	534	669	537	836	433	495	305	590	798	598	889	891	
425	740	620	753	749	380	863	804	840	631	531	814	771	320	363	821	475	410	637	823	894	787	312	487	658	860	0	547	622	848	719	639	437	868	449	760	474	460	692	469	419	
642	706	322	779	503	747	383	445	477	358	685	863	327	630	542	681	783	789	335	897	675	532	330	877	801	425	547	0	689	696	367	374	781	600	436	683	317	864	749	821	627	
710	826	671	604	686	665	503	511	576	891	648	631	646	602	454	817	697	643	342	764	371	348	857	598	823	441	622	689	0	729	827	595	563	530	311	754	784	589	307	608	546	
698	444	464	692	599	565	843	553	392	493	313	333	503	742	330	519	715	622	712	679	445	746	846	601	318	534	848	696	729	0	356	499	555	415	337	521	421	839	795	677	509	
730	815	846	554	726	840	473	813	467	661	773	560	356	558	480	696	723	435	437	878	388	617	340	881	669	669	719	367	827	356	0	873	556	771	495	670	504	704	681	512	448	
874	749	691	894	383	412	400	313	384	416	497	513	531	823	583	308	780	475	655	658	795	391	468	723	386	537	639	374	595	499	873	0	605	463	584	422	430	811	548	531	603	
877	439	774	716	709	704	654	720	460	515	520	642	479	799	732	550	442	717	794	845	770	557	480	490	667	836	437	781	563	555	556	605	0	754	687	571	434	864	825	475	722	
837	336	530	879	452	646	899	374	681	794	313	372	691	607	842	565	577	335	532	366	305	312	842	556	704	433	868	600	530	415	771	463	754	0	627	332	732	351	473	860	481	
697	342	701	582	347	854	506	474	715	312	739	835	613	878	856	441	737	527	558	586	418	374	314	302	411	495	449	436	311	337	495	584	687	627	0	473	314	385	847	766	403	
823	416	603	472	711	656	419	655	442	577	518	771	646	504	562	862	450	750	743	350	575	484	756	598	720	305	760	683	754	521	670	422	571	332	473	0	603	588	707	304	437	
729	748	534	582	323	739	714	589	584	411	760	529	311	863	840	687	873	772	632	627	557	802	397	728	507	590	474	317	784	421	504	430	434	732	314	603	0	562	661	522	557	
675	381	595	354	774	508	522	848	372	673	547	879	613	510	414	697	759	335	501	561	340	699	716	598	621	798	460	864	589	839	704	811	864	351	385	588	562	0	803	324	638	
344	561	435	838	374	750	792	630	429	816	625	373	616	840	515	302	683	778	361	565	576	490	653	549	489	598	692	749	307	795	681	548	825	473	847	707	661	803	0	769	344	
440	313	541	757	764	680	725	533	712	700	571	459	697	632	698	799	364	639	405	463	802	735	680	566	758	889	469	821	608	677	512	531	475	860	766	304	522	324	769	0	830	
627	392	700	401	358	729	473	506	842	471	366	756	369	800	383	507	858	510	317	439	878	590	303	530	519	891	419	627	546	509	448	603	722	481	403	437	557	638	344	830	0	
etats
Id_Station	Poids W	Min (P)	WSPT	Priorité	
1	1	311	77,75	24	
2	3	309	51,50	19	
3	2	308	154,00	32	
4	9	312	104,00	28	
5	1	304	304,00	35	
6	1	312	34,67	1	
7	6	322	322,00	39	
8	9	324	162,00	33	
9	6	314	34,89	2	
10	4	307	43,86	9	
11	4	300	300,00	34	
12	4	313	44,71	13	
13	2	304	152,00	29	
14	5	309	38,63	5	
15	9	310	103,33	27	
16	3	312	312,00	38	
17	2	307	51,17	17	
18	7	309	44,14	11	
19	5	305	152,50	30	
20	8	306	153,00	31	
21	2	342	48,86	14	
22	6	302	60,40	20	
23	2	310	44,29	12	
24	2	302	43,14	8	
25	4	328	328,00	40	
26	8	321	80,25	26	
27	2	307	51,17	18	
28	5	310	62,00	22	
29	9	304	304,00	36	
30	1	311	77,75	25	
31	4	376	41,78	7	
32	1	308	44,00	10	
33	1	308	61,60	21	
34	5	307	38,38	4	
35	7	325	36,11	3	
36	8	310	38,75	6	
37	1	300	50,00	15	
38	4	309	309,00	37	
39	9	305	50,83	16	
40	4	340	68,00	23	
