distances
0	533	429	396	495	484	899	638	515	875	505	409	393	769	647	887	603	878	387	751	888	473	446	322	450	566	348	610	590	733	684	669	303	542	528	407	702	601	818	325	336	
533	0	354	868	863	581	709	400	409	887	886	740	832	536	456	362	811	351	739	747	870	600	386	775	708	454	647	354	693	390	501	474	568	414	712	382	814	820	677	609	813	
429	354	0	412	315	632	608	784	614	573	856	897	584	854	487	419	438	520	385	700	678	750	721	438	445	776	361	809	816	440	301	330	752	552	413	393	407	872	311	354	696	
396	868	412	0	390	736	640	313	826	382	887	474	304	852	783	412	357	583	795	624	848	596	355	303	520	316	501	440	674	681	823	840	466	734	591	832	851	589	503	304	548	
495	863	315	390	0	822	835	770	679	859	588	635	649	386	557	618	643	376	476	707	565	507	652	568	863	850	684	703	438	741	322	777	322	485	785	774	605	649	466	810	449	
484	581	632	736	822	0	626	546	602	356	611	834	587	695	896	431	897	795	332	853	522	421	393	898	396	478	813	780	785	362	877	626	500	356	543	403	725	420	431	490	690	
899	709	608	640	835	626	0	520	847	870	821	873	775	866	499	498	558	472	622	361	659	542	523	357	612	413	543	435	670	550	525	754	561	545	321	331	692	672	335	789	338	
638	400	784	313	770	546	520	0	571	542	655	841	352	567	352	785	414	873	684	683	439	331	318	361	714	488	381	440	858	847	362	855	497	679	599	421	899	823	611	574	368	
515	409	614	826	679	602	847	571	0	578	514	399	489	395	430	599	519	302	827	698	897	570	308	707	526	804	800	813	491	722	698	479	328	571	750	694	364	589	364	718	352	
875	887	573	382	859	356	870	542	578	0	790	575	563	715	438	766	811	307	311	557	429	424	346	800	754	696	824	344	655	646	515	511	781	575	328	500	613	857	614	508	513	
505	886	856	887	588	611	821	655	514	790	0	429	485	495	558	726	876	888	309	300	726	668	489	848	347	706	431	848	876	674	874	608	690	455	755	302	839	796	637	708	731	
409	740	897	474	635	834	873	841	399	575	429	0	395	387	516	415	443	595	569	602	827	704	825	325	633	692	311	739	420	553	305	644	739	669	729	301	870	517	634	774	810	
393	832	584	304	649	587	775	352	489	563	485	395	0	374	393	411	411	780	449	892	731	375	660	634	637	876	578	833	491	458	800	692	822	399	758	439	725	656	507	715	697	
769	536	854	852	386	695	866	567	395	715	495	387	374	0	886	536	881	345	788	490	484	736	413	630	758	748	820	568	826	346	358	886	608	737	352	752	443	823	303	809	464	
647	456	487	783	557	896	499	352	430	438	558	516	393	886	0	796	389	568	361	704	654	338	586	667	554	527	421	495	488	554	833	870	537	706	304	566	352	706	519	351	859	
887	362	419	412	618	431	498	785	599	766	726	415	411	536	796	0	733	844	664	843	583	600	376	304	748	320	410	532	485	816	439	300	339	815	571	788	729	364	727	602	848	
603	811	438	357	643	897	558	414	519	811	876	443	411	881	389	733	0	368	534	852	599	546	837	703	346	519	567	598	320	639	409	374	385	444	453	622	767	580	746	487	506	
878	351	520	583	376	795	472	873	302	307	888	595	780	345	568	844	368	0	315	565	470	617	394	813	838	795	404	756	388	579	767	339	613	459	827	742	397	462	477	674	390	
387	739	385	795	476	332	622	684	827	311	309	569	449	788	361	664	534	315	0	657	634	308	703	317	347	390	839	501	300	716	416	322	563	340	313	308	351	556	625	349	779	
751	747	700	624	707	853	361	683	698	557	300	602	892	490	704	843	852	565	657	0	638	571	468	563	845	575	660	692	709	898	646	490	890	436	398	346	750	860	380	879	421	
888	870	678	848	565	522	659	439	897	429	726	827	731	484	654	583	599	470	634	638	0	591	631	652	706	649	585	382	667	685	565	459	365	654	683	519	464	668	316	459	659	
473	600	750	596	507	421	542	331	570	424	668	704	375	736	338	600	546	617	308	571	591	0	759	840	306	805	302	508	592	560	703	423	612	708	326	584	366	828	806	400	747	
446	386	721	355	652	393	523	318	308	346	489	825	660	413	586	376	837	394	703	468	631	759	0	747	685	568	632	660	703	332	544	898	686	633	897	531	695	494	783	500	464	
322	775	438	303	568	898	357	361	707	800	848	325	634	630	667	304	703	813	317	563	652	840	747	0	702	376	537	786	558	503	740	616	768	746	624	338	592	801	627	588	340	
450	708	445	520	863	396	612	714	526	754	347	633	637	758	554	748	346	838	347	845	706	306	685	702	0	895	481	551	843	528	755	418	406	836	313	329	518	639	491	748	312	
566	454	776	316	850	478	413	488	804	696	706	692	876	748	527	320	519	795	390	575	649	805	568	376	895	0	346	490	327	404	575	536	615	634	679	728	613	712	395	811	493	
348	647	361	501	684	813	543	381	800	824	431	311	578	820	421	410	567	404	839	660	585	302	632	537	481	346	0	708	805	849	397	638	704	790	596	507	716	700	385	591	826	
610	354	809	440	703	780	435	440	813	344	848	739	833	568	495	532	598	756	501	692	382	508	660	786	551	490	708	0	377	562	383	760	611	637	546	716	521	481	489	667	608	
590	693	816	674	438	785	670	858	491	655	876	420	491	826	488	485	320	388	300	709	667	592	703	558	843	327	805	377	0	315	672	799	609	701	862	454	490	701	739	575	451	
733	390	440	681	741	362	550	847	722	646	674	553	458	346	554	816	639	579	716	898	685	560	332	503	528	404	849	562	315	0	630	690	674	540	478	693	375	569	835	745	437	
684	501	301	823	322	877	525	362	698	515	874	305	800	358	833	439	409	767	416	646	565	703	544	740	755	575	397	383	672	630	0	493	482	765	452	755	426	688	670	647	388	
669	474	330	840	777	626	754	855	479	511	608	644	692	886	870	300	374	339	322	490	459	423	898	616	418	536	638	760	799	690	493	0	416	796	323	613	854	446	492	522	778	
303	568	752	466	322	500	561	497	328	781	690	739	822	608	537	339	385	613	563	890	365	612	686	768	406	615	704	611	609	674	482	416	0	457	878	870	709	610	366	356	885	
542	414	552	734	485	356	545	679	571	575	455	669	399	737	706	815	444	459	340	436	654	708	633	746	836	634	790	637	701	540	765	796	457	0	802	508	454	667	685	639	878	
528	712	413	591	785	543	321	599	750	328	755	729	758	352	304	571	453	827	313	398	683	326	897	624	313	679	596	546	862	478	452	323	878	802	0	505	683	427	765	408	867	
407	382	393	832	774	403	331	421	694	500	302	301	439	752	566	788	622	742	308	346	519	584	531	338	329	728	507	716	454	693	755	613	870	508	505	0	510	485	529	410	601	
702	814	407	851	605	725	692	899	364	613	839	870	725	443	352	729	767	397	351	750	464	366	695	592	518	613	716	521	490	375	426	854	709	454	683	510	0	420	757	488	762	
601	820	872	589	649	420	672	823	589	857	796	517	656	823	706	364	580	462	556	860	668	828	494	801	639	712	700	481	701	569	688	446	610	667	427	485	420	0	569	612	482	
818	677	311	503	466	431	335	611	364	614	637	634	507	303	519	727	746	477	625	380	316	806	783	627	491	395	385	489	739	835	670	492	366	685	765	529	757	569	0	409	767	
325	609	354	304	810	490	789	574	718	508	708	774	715	809	351	602	487	674	349	879	459	400	500	588	748	811	591	667	575	745	647	522	356	639	408	410	488	612	409	0	764	
336	813	696	548	449	690	338	368	352	513	731	810	697	464	859	848	506	390	779	421	659	747	464	340	312	493	826	608	451	437	388	778	885	878	867	601	762	482	767	764	0	
etats
Id_Station	Poids W	Min (P)	WSPT	Priorité	
1	3	302	302,00	38	
2	3	306	153,00	33	
3	1	327	36,33	6	
4	7	303	60,60	17	
5	1	300	33,33	1	
6	4	302	60,40	16	
7	3	305	305,00	39	
8	2	304	76,00	24	
9	4	314	52,33	14	
10	6	300	50,00	11	
11	4	313	156,50	36	
12	1	300	300,00	37	
13	2	314	39,25	10	
14	8	317	63,40	19	
15	2	309	38,63	9	
16	3	306	76,50	25	
17	1	337	84,25	27	
18	1	316	52,67	15	
19	1	315	105,00	29	
20	1	305	38,13	8	
21	4	302	75,50	22	
22	4	300	75,00	21	
23	2	311	155,50	35	
24	6	315	35,00	5	
25	8	302	151,00	31	
26	6	306	34,00	3	
27	4	333	333,00	40	
28	6	304	60,80	18	
29	7	302	50,33	12	
30	7	313	52,17	13	
31	2	318	106,00	30	
32	1	300	37,50	7	
33	1	303	151,50	32	
34	1	352	88,00	28	
35	3	309	154,50	34	
36	1	300	33,33	2	
37	7	326	65,20	20	
38	7	303	75,75	23	
39	9	306	76,50	26	
40	5	309	34,33	4	

