distances
0	797	810	428	373	844	461	767	399	622	783	713	466	384	753	323	725	468	368	374	324	448	742	552	509	885	454	710	496	319	565	845	670	437	571	328	433	853	434	424	874	
797	0	522	893	497	730	423	560	511	671	540	700	406	333	773	341	765	849	673	737	341	447	773	580	586	503	391	590	697	344	451	608	478	693	349	376	326	820	570	788	405	
810	522	0	483	439	605	555	892	548	534	477	841	347	862	812	592	688	613	548	778	798	786	577	740	541	555	422	771	860	551	855	417	882	825	497	744	709	586	880	426	499	
428	893	483	0	481	639	356	652	654	480	336	718	360	532	369	479	786	328	638	752	712	658	369	552	607	850	545	376	846	356	827	579	305	315	672	707	339	771	896	550	367	
373	497	439	481	0	570	875	785	804	615	314	840	875	479	763	580	772	865	849	609	585	395	640	428	307	785	514	348	751	797	403	805	820	732	759	695	719	345	683	686	527	
844	730	605	639	570	0	555	669	855	637	528	800	363	824	888	788	471	428	535	504	899	531	821	648	689	658	774	526	359	687	701	359	594	554	305	448	823	602	815	605	589	
461	423	555	356	875	555	0	389	755	581	715	560	461	340	621	749	622	430	781	692	306	849	712	492	659	805	435	896	673	746	899	426	511	662	691	343	793	700	411	380	751	
767	560	892	652	785	669	389	0	743	688	488	691	678	567	570	513	645	671	333	421	567	477	457	530	440	548	599	398	834	631	463	578	326	740	728	844	312	644	308	487	483	
399	511	548	654	804	855	755	743	0	673	842	332	586	411	594	571	818	612	642	871	463	827	641	447	482	749	528	868	860	466	339	698	809	321	604	444	755	319	428	834	728	
622	671	534	480	615	637	581	688	673	0	431	459	327	421	442	481	307	607	643	766	330	708	842	673	883	764	493	464	475	705	517	821	753	778	692	621	724	405	763	717	881	
783	540	477	336	314	528	715	488	842	431	0	846	528	810	644	447	305	337	754	362	363	470	506	746	627	707	339	681	823	606	748	773	548	720	860	791	724	780	365	463	430	
713	700	841	718	840	800	560	691	332	459	846	0	375	482	535	383	736	434	529	594	707	854	688	723	367	363	511	682	310	835	387	314	886	700	422	888	336	718	781	668	843	
466	406	347	360	875	363	461	678	586	327	528	375	0	765	873	677	351	340	702	736	506	483	660	526	543	351	398	565	864	406	439	434	887	875	815	551	379	535	867	363	383	
384	333	862	532	479	824	340	567	411	421	810	482	765	0	300	784	388	664	635	784	655	582	534	317	494	577	750	310	325	431	345	665	465	457	305	423	333	338	599	366	727	
753	773	812	369	763	888	621	570	594	442	644	535	873	300	0	754	369	361	886	626	693	661	558	830	309	728	743	658	896	488	518	652	740	472	709	560	443	415	822	832	376	
323	341	592	479	580	788	749	513	571	481	447	383	677	784	754	0	532	436	398	508	639	819	308	558	827	347	775	408	353	890	413	448	567	665	669	510	480	890	639	693	512	
725	765	688	786	772	471	622	645	818	307	305	736	351	388	369	532	0	854	650	483	401	333	463	432	371	300	772	883	648	593	519	560	509	662	589	876	874	466	717	777	843	
468	849	613	328	865	428	430	671	612	607	337	434	340	664	361	436	854	0	359	404	635	341	887	411	384	706	589	407	787	882	565	578	459	445	442	528	491	354	400	805	652	
368	673	548	638	849	535	781	333	642	643	754	529	702	635	886	398	650	359	0	520	896	536	740	801	881	551	798	706	854	505	567	729	771	794	470	536	356	674	419	531	714	
374	737	778	752	609	504	692	421	871	766	362	594	736	784	626	508	483	404	520	0	897	346	716	320	837	839	707	641	833	757	492	848	791	310	749	812	539	640	535	394	318	
324	341	798	712	585	899	306	567	463	330	363	707	506	655	693	639	401	635	896	897	0	496	881	599	540	745	845	395	801	860	797	653	777	503	503	542	423	352	546	886	337	
448	447	786	658	395	531	849	477	827	708	470	854	483	582	661	819	333	341	536	346	496	0	417	360	304	874	332	427	565	801	689	739	576	374	760	534	377	551	685	664	516	
742	773	577	369	640	821	712	457	641	842	506	688	660	534	558	308	463	887	740	716	881	417	0	768	344	690	611	553	755	818	402	324	825	440	439	693	456	735	341	750	489	
552	580	740	552	428	648	492	530	447	673	746	723	526	317	830	558	432	411	801	320	599	360	768	0	638	459	654	340	528	617	446	628	782	360	420	844	391	785	473	650	836	
509	586	541	607	307	689	659	440	482	883	627	367	543	494	309	827	371	384	881	837	540	304	344	638	0	820	472	605	663	480	892	544	761	846	728	766	770	454	659	758	464	
885	503	555	850	785	658	805	548	749	764	707	363	351	577	728	347	300	706	551	839	745	874	690	459	820	0	733	495	561	714	629	702	715	589	380	795	337	437	325	852	306	
454	391	422	545	514	774	435	599	528	493	339	511	398	750	743	775	772	589	798	707	845	332	611	654	472	733	0	895	434	863	603	563	774	721	338	473	728	884	435	805	716	
710	590	771	376	348	526	896	398	868	464	681	682	565	310	658	408	883	407	706	641	395	427	553	340	605	495	895	0	575	660	742	898	718	330	478	565	790	630	464	587	791	
496	697	860	846	751	359	673	834	860	475	823	310	864	325	896	353	648	787	854	833	801	565	755	528	663	561	434	575	0	352	890	710	333	498	711	857	778	564	460	658	355	
319	344	551	356	797	687	746	631	466	705	606	835	406	431	488	890	593	882	505	757	860	801	818	617	480	714	863	660	352	0	514	791	427	483	583	874	303	855	754	810	675	
565	451	855	827	403	701	899	463	339	517	748	387	439	345	518	413	519	565	567	492	797	689	402	446	892	629	603	742	890	514	0	447	815	633	603	775	756	678	727	495	819	
845	608	417	579	805	359	426	578	698	821	773	314	434	665	652	448	560	578	729	848	653	739	324	628	544	702	563	898	710	791	447	0	469	694	448	381	816	301	361	338	326	
670	478	882	305	820	594	511	326	809	753	548	886	887	465	740	567	509	459	771	791	777	576	825	782	761	715	774	718	333	427	815	469	0	472	365	385	350	324	793	413	320	
437	693	825	315	732	554	662	740	321	778	720	700	875	457	472	665	662	445	794	310	503	374	440	360	846	589	721	330	498	483	633	694	472	0	661	835	361	494	585	820	750	
571	349	497	672	759	305	691	728	604	692	860	422	815	305	709	669	589	442	470	749	503	760	439	420	728	380	338	478	711	583	603	448	365	661	0	606	437	425	746	736	585	
328	376	744	707	695	448	343	844	444	621	791	888	551	423	560	510	876	528	536	812	542	534	693	844	766	795	473	565	857	874	775	381	385	835	606	0	588	363	555	440	727	
433	326	709	339	719	823	793	312	755	724	724	336	379	333	443	480	874	491	356	539	423	377	456	391	770	337	728	790	778	303	756	816	350	361	437	588	0	320	833	464	609	
853	820	586	771	345	602	700	644	319	405	780	718	535	338	415	890	466	354	674	640	352	551	735	785	454	437	884	630	564	855	678	301	324	494	425	363	320	0	753	689	891	
434	570	880	896	683	815	411	308	428	763	365	781	867	599	822	639	717	400	419	535	546	685	341	473	659	325	435	464	460	754	727	361	793	585	746	555	833	753	0	813	384	
424	788	426	550	686	605	380	487	834	717	463	668	363	366	832	693	777	805	531	394	886	664	750	650	758	852	805	587	658	810	495	338	413	820	736	440	464	689	813	0	635	
874	405	499	367	527	589	751	483	728	881	430	843	383	727	376	512	843	652	714	318	337	516	489	836	464	306	716	791	355	675	819	326	320	750	585	727	609	891	384	635	0	
etats
Id_Station	Poids W	Min (P)	WSPT	Priorité	
1	4	321	64,20	19	
2	3	314	314,00	37	
3	6	305	33,89	3	
4	5	306	76,50	22	
5	2	309	77,25	24	
6	5	303	50,50	15	
7	1	305	305,00	35	
8	5	313	156,50	32	
9	9	308	51,33	16	
10	1	321	35,67	5	
11	5	309	61,80	17	
12	6	301	33,44	2	
13	1	300	75,00	21	
14	4	301	37,63	8	
15	1	311	38,88	10	
16	1	311	311,00	36	
17	3	313	62,60	18	
18	9	301	150,50	31	
19	8	317	39,63	11	
20	9	300	37,50	7	
21	1	300	33,33	1	
22	8	329	36,56	6	
23	6	308	102,67	27	
24	4	321	107,00	28	
25	8	308	77,00	23	
26	2	300	42,86	12	
27	1	304	101,33	25	
28	1	332	110,67	29	
29	6	315	157,50	34	
30	5	301	37,63	9	
31	7	327	65,40	20	
32	4	319	319,00	38	
33	8	314	157,00	33	
34	5	310	44,29	13	
35	4	307	34,11	4	
36	7	328	328,00	39	
37	1	304	101,33	26	
38	9	311	44,43	14	
39	1	340	113,33	30	
40	1	338	338,00	40	
