distances
0	859	408	606	896	493	741	405	456	381	519	831	614	688	624	430	385	744	575	659	823	537	454	864	390	884	568	891	760	417	394	661	617	685	316	712	415	499	789	367	782	
859	0	869	736	770	602	801	655	442	422	894	712	621	651	714	472	895	491	531	472	462	599	425	405	304	784	826	464	516	318	722	566	831	679	569	483	439	852	532	507	803	
408	869	0	820	812	430	504	439	596	566	594	700	742	474	871	443	853	605	583	634	705	757	699	718	649	730	407	368	839	544	347	307	815	532	580	713	851	794	452	604	373	
606	736	820	0	864	593	571	778	360	705	805	845	758	471	636	816	729	571	456	579	428	354	717	559	535	889	348	457	676	381	615	568	782	492	462	397	669	779	751	505	583	
896	770	812	864	0	341	356	833	466	436	680	423	719	856	807	658	751	630	452	656	840	368	478	419	800	544	493	655	502	822	413	602	327	618	496	335	545	563	427	870	853	
493	602	430	593	341	0	341	752	573	596	431	472	721	602	479	335	687	767	348	411	352	548	556	606	557	793	728	587	382	554	861	462	442	672	778	361	762	756	586	322	883	
741	801	504	571	356	341	0	813	889	393	531	878	878	394	555	511	384	818	454	722	705	890	419	681	453	367	766	442	610	491	513	678	890	619	827	383	380	633	736	414	506	
405	655	439	778	833	752	813	0	598	346	603	727	590	664	429	342	556	574	867	813	470	491	455	507	786	801	332	804	435	407	313	687	691	724	761	514	627	514	535	853	302	
456	442	596	360	466	573	889	598	0	329	695	418	528	839	415	846	497	767	438	452	445	597	461	494	737	823	804	489	716	473	545	410	805	618	371	678	338	361	766	477	571	
381	422	566	705	436	596	393	346	329	0	534	559	463	637	852	417	645	591	365	689	772	310	503	620	645	795	624	597	638	301	410	839	674	323	303	694	491	412	332	445	365	
519	894	594	805	680	431	531	603	695	534	0	338	337	696	376	340	543	817	640	599	644	500	462	873	777	838	640	312	890	589	647	899	785	875	567	871	497	649	379	347	873	
831	712	700	845	423	472	878	727	418	559	338	0	667	799	319	824	388	577	600	650	455	886	454	736	383	448	460	310	625	324	738	845	618	841	355	363	884	301	851	311	743	
614	621	742	758	719	721	878	590	528	463	337	667	0	835	786	622	578	767	816	773	536	722	441	308	611	351	818	746	556	682	879	584	426	355	753	736	521	802	438	666	305	
688	651	474	471	856	602	394	664	839	637	696	799	835	0	705	886	381	648	701	394	505	326	740	544	612	456	546	579	351	755	365	665	492	697	828	588	817	381	643	502	480	
624	714	871	636	807	479	555	429	415	852	376	319	786	705	0	658	529	625	650	649	715	363	714	800	621	693	357	562	608	731	409	488	546	426	479	748	612	346	553	538	411	
430	472	443	816	658	335	511	342	846	417	340	824	622	886	658	0	798	781	742	449	692	811	585	330	817	368	545	419	664	616	537	301	597	465	869	764	503	552	658	590	507	
385	895	853	729	751	687	384	556	497	645	543	388	578	381	529	798	0	803	592	846	713	426	761	515	843	553	306	737	540	506	610	888	819	440	358	485	494	741	301	831	680	
744	491	605	571	630	767	818	574	767	591	817	577	767	648	625	781	803	0	808	375	784	596	330	358	509	501	622	737	498	600	444	648	849	693	428	521	560	561	473	658	449	
575	531	583	456	452	348	454	867	438	365	640	600	816	701	650	742	592	808	0	530	806	769	713	537	551	639	431	340	314	586	853	750	424	475	873	462	609	456	813	417	374	
659	472	634	579	656	411	722	813	452	689	599	650	773	394	649	449	846	375	530	0	442	394	462	498	431	474	702	415	523	369	684	710	449	329	763	781	781	817	648	501	721	
823	462	705	428	840	352	705	470	445	772	644	455	536	505	715	692	713	784	806	442	0	700	824	405	458	790	356	887	420	465	552	455	309	844	658	890	867	324	657	404	760	
537	599	757	354	368	548	890	491	597	310	500	886	722	326	363	811	426	596	769	394	700	0	730	677	845	823	679	480	788	319	814	318	424	469	455	457	511	353	563	390	647	
454	425	699	717	478	556	419	455	461	503	462	454	441	740	714	585	761	330	713	462	824	730	0	343	603	899	312	390	536	572	849	664	863	604	370	479	373	674	896	543	757	
864	405	718	559	419	606	681	507	494	620	873	736	308	544	800	330	515	358	537	498	405	677	343	0	533	399	759	652	790	708	766	418	527	736	628	300	662	429	432	726	735	
390	304	649	535	800	557	453	786	737	645	777	383	611	612	621	817	843	509	551	431	458	845	603	533	0	455	769	384	472	792	535	302	594	393	394	885	804	602	642	313	763	
884	784	730	889	544	793	367	801	823	795	838	448	351	456	693	368	553	501	639	474	790	823	899	399	455	0	305	498	401	353	627	443	371	882	406	522	557	377	620	367	384	
568	826	407	348	493	728	766	332	804	624	640	460	818	546	357	545	306	622	431	702	356	679	312	759	769	305	0	764	526	549	601	834	714	704	406	476	840	484	801	860	423	
891	464	368	457	655	587	442	804	489	597	312	310	746	579	562	419	737	737	340	415	887	480	390	652	384	498	764	0	895	560	357	708	678	653	470	466	735	577	501	810	869	
760	516	839	676	502	382	610	435	716	638	890	625	556	351	608	664	540	498	314	523	420	788	536	790	472	401	526	895	0	822	377	368	692	482	746	720	865	550	685	402	361	
417	318	544	381	822	554	491	407	473	301	589	324	682	755	731	616	506	600	586	369	465	319	572	708	792	353	549	560	822	0	443	735	466	765	371	462	671	686	351	869	492	
394	722	347	615	413	861	513	313	545	410	647	738	879	365	409	537	610	444	853	684	552	814	849	766	535	627	601	357	377	443	0	803	626	643	652	789	697	403	724	515	634	
661	566	307	568	602	462	678	687	410	839	899	845	584	665	488	301	888	648	750	710	455	318	664	418	302	443	834	708	368	735	803	0	515	778	897	739	690	655	570	650	363	
617	831	815	782	327	442	890	691	805	674	785	618	426	492	546	597	819	849	424	449	309	424	863	527	594	371	714	678	692	466	626	515	0	653	539	853	586	596	386	763	518	
685	679	532	492	618	672	619	724	618	323	875	841	355	697	426	465	440	693	475	329	844	469	604	736	393	882	704	653	482	765	643	778	653	0	797	647	800	526	521	885	712	
316	569	580	462	496	778	827	761	371	303	567	355	753	828	479	869	358	428	873	763	658	455	370	628	394	406	406	470	746	371	652	897	539	797	0	704	819	405	348	531	565	
712	483	713	397	335	361	383	514	678	694	871	363	736	588	748	764	485	521	462	781	890	457	479	300	885	522	476	466	720	462	789	739	853	647	704	0	424	473	548	643	752	
415	439	851	669	545	762	380	627	338	491	497	884	521	817	612	503	494	560	609	781	867	511	373	662	804	557	840	735	865	671	697	690	586	800	819	424	0	683	479	400	799	
499	852	794	779	563	756	633	514	361	412	649	301	802	381	346	552	741	561	456	817	324	353	674	429	602	377	484	577	550	686	403	655	596	526	405	473	683	0	574	623	511	
789	532	452	751	427	586	736	535	766	332	379	851	438	643	553	658	301	473	813	648	657	563	896	432	642	620	801	501	685	351	724	570	386	521	348	548	479	574	0	693	765	
367	507	604	505	870	322	414	853	477	445	347	311	666	502	538	590	831	658	417	501	404	390	543	726	313	367	860	810	402	869	515	650	763	885	531	643	400	623	693	0	842	
782	803	373	583	853	883	506	302	571	365	873	743	305	480	411	507	680	449	374	721	760	647	757	735	763	384	423	869	361	492	634	363	518	712	565	752	799	511	765	842	0	
etats
Id_Station	Poids W	Min (P)	WSPT	Priorité	
1	3	313	313,00	35	
2	2	322	107,33	26	
3	8	313	156,50	31	
4	8	312	34,67	3	
5	7	335	335,00	38	
6	1	315	315,00	36	
7	3	303	50,50	12	
8	6	336	37,33	5	
9	5	304	50,67	13	
10	2	306	76,50	21	
11	2	319	79,75	24	
12	1	309	77,25	23	
13	3	309	154,50	28	
14	9	330	66,00	17	
15	3	302	33,56	1	
16	2	303	101,00	25	
17	6	309	154,50	29	
18	4	306	43,71	10	
19	6	314	62,80	16	
20	6	305	38,13	6	
21	1	312	156,00	30	
22	1	301	50,17	11	
23	7	301	150,50	27	
24	2	318	159,00	33	
25	8	305	76,25	20	
26	4	312	39,00	8	
27	6	317	158,50	32	
28	1	307	61,40	15	
29	6	313	34,78	4	
30	3	340	340,00	39	
31	2	308	77,00	22	
32	3	434	434,00	40	
33	3	305	305,00	34	
34	1	302	60,40	14	
35	5	304	43,43	9	
36	4	311	38,88	7	
37	6	324	324,00	37	
38	1	302	75,50	18	
39	4	304	33,78	2	
40	2	303	75,75	19	

