distances
0	459	479	489	520	852	475	864	526	651	341	779	512	803	843	864	821	765	625	846	373	431	847	605	583	401	632	610	609	581	404	542	314	387	672	700	708	575	446	325	527	
459	0	583	445	891	428	482	513	619	499	339	517	345	783	397	501	509	546	616	554	557	546	311	881	638	463	437	368	621	525	880	862	348	586	896	693	887	538	504	701	796	
479	583	0	625	725	551	590	775	722	853	379	452	865	814	525	742	785	489	613	443	458	830	363	493	309	662	321	548	450	762	677	376	368	814	821	867	310	497	458	552	832	
489	445	625	0	406	655	858	557	551	829	507	854	364	743	455	642	859	860	453	415	478	744	450	881	455	646	839	387	728	716	311	498	308	412	513	387	717	333	327	644	592	
520	891	725	406	0	565	588	868	619	314	590	857	397	696	434	645	487	554	735	863	823	890	312	859	330	604	485	750	407	393	830	729	515	709	700	671	531	390	833	620	534	
852	428	551	655	565	0	379	584	516	514	360	309	385	304	782	714	715	616	788	593	678	759	548	310	651	657	729	719	326	687	866	857	813	549	500	399	578	526	578	607	551	
475	482	590	858	588	379	0	543	595	429	780	719	416	332	329	706	312	396	330	630	774	462	826	773	382	624	659	781	367	881	804	850	736	369	544	632	455	841	705	741	594	
864	513	775	557	868	584	543	0	742	551	573	659	415	369	583	399	699	808	536	750	685	345	449	563	794	725	322	830	641	525	596	687	543	350	612	411	604	845	877	567	402	
526	619	722	551	619	516	595	742	0	827	729	556	872	672	879	852	387	500	626	479	539	378	445	526	740	839	859	379	630	324	710	852	564	696	889	435	428	668	381	756	340	
651	499	853	829	314	514	429	551	827	0	705	481	857	843	825	344	402	847	463	489	786	668	470	338	789	793	749	774	443	646	557	460	570	661	821	565	625	440	675	782	466	
341	339	379	507	590	360	780	573	729	705	0	385	423	532	320	800	557	492	426	876	845	657	501	376	825	329	338	841	372	816	693	843	864	401	307	646	841	570	315	624	434	
779	517	452	854	857	309	719	659	556	481	385	0	438	509	459	781	869	667	790	805	634	695	832	640	749	378	854	432	535	304	526	758	732	352	405	588	355	300	426	892	833	
512	345	865	364	397	385	416	415	872	857	423	438	0	889	768	355	627	825	601	883	727	757	666	313	740	528	675	890	403	748	780	862	660	511	521	676	474	877	383	879	802	
803	783	814	743	696	304	332	369	672	843	532	509	889	0	846	734	334	333	735	784	538	768	321	751	441	613	687	664	328	596	499	785	529	308	744	531	393	600	589	597	620	
843	397	525	455	434	782	329	583	879	825	320	459	768	846	0	480	592	849	512	708	539	604	636	800	640	759	453	883	344	890	542	383	575	739	541	764	880	321	309	771	491	
864	501	742	642	645	714	706	399	852	344	800	781	355	734	480	0	855	389	654	370	354	421	655	361	620	705	593	836	310	823	473	412	731	848	361	704	720	606	877	603	506	
821	509	785	859	487	715	312	699	387	402	557	869	627	334	592	855	0	752	692	727	710	450	770	428	317	370	765	763	337	485	895	499	768	498	728	518	719	767	421	362	581	
765	546	489	860	554	616	396	808	500	847	492	667	825	333	849	389	752	0	549	581	371	722	441	664	606	738	410	743	656	588	806	400	405	801	307	688	348	629	697	611	899	
625	616	613	453	735	788	330	536	626	463	426	790	601	735	512	654	692	549	0	867	805	342	309	776	739	791	354	360	862	863	660	654	498	485	760	573	440	791	757	757	464	
846	554	443	415	863	593	630	750	479	489	876	805	883	784	708	370	727	581	867	0	840	862	422	798	594	674	427	746	589	484	884	628	759	561	569	637	523	497	879	305	519	
373	557	458	478	823	678	774	685	539	786	845	634	727	538	539	354	710	371	805	840	0	889	858	573	403	369	509	819	399	354	662	558	445	526	445	877	631	306	810	640	838	
431	546	830	744	890	759	462	345	378	668	657	695	757	768	604	421	450	722	342	862	889	0	553	626	732	806	543	650	739	670	709	711	874	774	878	468	454	606	524	509	521	
847	311	363	450	312	548	826	449	445	470	501	832	666	321	636	655	770	441	309	422	858	553	0	495	302	538	516	307	678	444	612	795	356	884	748	620	439	781	840	505	363	
605	881	493	881	859	310	773	563	526	338	376	640	313	751	800	361	428	664	776	798	573	626	495	0	554	599	350	749	675	541	607	415	357	571	837	598	673	339	634	569	359	
583	638	309	455	330	651	382	794	740	789	825	749	740	441	640	620	317	606	739	594	403	732	302	554	0	529	607	863	630	649	488	549	449	423	792	849	633	847	680	701	544	
401	463	662	646	604	657	624	725	839	793	329	378	528	613	759	705	370	738	791	674	369	806	538	599	529	0	328	887	599	646	876	885	335	535	805	589	792	658	494	754	809	
632	437	321	839	485	729	659	322	859	749	338	854	675	687	453	593	765	410	354	427	509	543	516	350	607	328	0	681	817	711	682	548	749	536	857	398	608	331	742	616	430	
610	368	548	387	750	719	781	830	379	774	841	432	890	664	883	836	763	743	360	746	819	650	307	749	863	887	681	0	745	503	772	827	359	883	635	621	787	398	581	442	735	
609	621	450	728	407	326	367	641	630	443	372	535	403	328	344	310	337	656	862	589	399	739	678	675	630	599	817	745	0	689	320	415	586	408	651	454	889	691	365	400	345	
581	525	762	716	393	687	881	525	324	646	816	304	748	596	890	823	485	588	863	484	354	670	444	541	649	646	711	503	689	0	382	845	589	469	379	553	714	847	796	655	709	
404	880	677	311	830	866	804	596	710	557	693	526	780	499	542	473	895	806	660	884	662	709	612	607	488	876	682	772	320	382	0	567	866	880	722	521	813	645	725	892	478	
542	862	376	498	729	857	850	687	852	460	843	758	862	785	383	412	499	400	654	628	558	711	795	415	549	885	548	827	415	845	567	0	410	785	412	786	436	667	741	477	518	
314	348	368	308	515	813	736	543	564	570	864	732	660	529	575	731	768	405	498	759	445	874	356	357	449	335	749	359	586	589	866	410	0	579	785	426	643	346	794	523	508	
387	586	814	412	709	549	369	350	696	661	401	352	511	308	739	848	498	801	485	561	526	774	884	571	423	535	536	883	408	469	880	785	579	0	761	396	795	717	312	497	622	
672	896	821	513	700	500	544	612	889	821	307	405	521	744	541	361	728	307	760	569	445	878	748	837	792	805	857	635	651	379	722	412	785	761	0	494	571	470	347	678	573	
700	693	867	387	671	399	632	411	435	565	646	588	676	531	764	704	518	688	573	637	877	468	620	598	849	589	398	621	454	553	521	786	426	396	494	0	588	772	847	325	353	
708	887	310	717	531	578	455	604	428	625	841	355	474	393	880	720	719	348	440	523	631	454	439	673	633	792	608	787	889	714	813	436	643	795	571	588	0	792	879	720	764	
575	538	497	333	390	526	841	845	668	440	570	300	877	600	321	606	767	629	791	497	306	606	781	339	847	658	331	398	691	847	645	667	346	717	470	772	792	0	477	802	660	
446	504	458	327	833	578	705	877	381	675	315	426	383	589	309	877	421	697	757	879	810	524	840	634	680	494	742	581	365	796	725	741	794	312	347	847	879	477	0	884	721	
325	701	552	644	620	607	741	567	756	782	624	892	879	597	771	603	362	611	757	305	640	509	505	569	701	754	616	442	400	655	892	477	523	497	678	325	720	802	884	0	793	
527	796	832	592	534	551	594	402	340	466	434	833	802	620	491	506	581	899	464	519	838	521	363	359	544	809	430	735	345	709	478	518	508	622	573	353	764	660	721	793	0	
etats
Id_Station	Poids W	Min (P)	WSPT	Priorité	
1	4	351	117,00	24	
2	6	301	100,33	20	
3	2	303	303,00	33	
4	3	315	45,00	6	
5	1	332	332,00	38	
6	9	321	80,25	18	
7	1	313	104,33	22	
8	2	302	151,00	27	
9	9	307	76,75	16	
10	7	300	50,00	8	
11	1	301	75,25	14	
12	7	304	304,00	35	
13	2	303	151,50	28	
14	8	304	38,00	2	
15	3	300	150,00	25	
16	1	320	106,67	23	
17	6	302	302,00	32	
18	7	300	300,00	30	
19	2	300	300,00	31	
20	2	316	316,00	37	
21	7	302	75,50	15	
22	5	308	77,00	17	
23	7	303	151,50	29	
24	7	306	51,00	11	
25	1	316	39,50	3	
26	4	302	50,33	10	
27	6	344	86,00	19	
28	5	300	50,00	9	
29	1	315	45,00	7	
30	4	301	43,00	4	
31	9	300	150,00	26	
32	7	303	303,00	34	
33	5	340	340,00	39	
34	8	304	304,00	36	
35	9	301	100,33	21	
36	8	351	351,00	40	
37	6	364	52,00	12	
38	1	303	43,29	5	
39	6	304	33,78	1	
40	5	312	62,40	13	

