distances
0	322	590	811	429	876	672	768	540	544	628	830	632	373	656	338	547	734	890	817	326	517	376	683	624	560	350	861	478	767	378	323	488	833	516	515	690	477	524	324	877	
322	0	378	557	324	347	897	305	582	332	329	445	550	613	546	727	686	435	384	470	610	896	867	869	721	679	740	766	791	834	658	532	771	665	721	364	404	713	433	592	508	
590	378	0	730	324	595	415	409	421	444	445	428	685	812	435	522	573	807	818	371	595	854	409	549	633	792	404	696	370	733	461	541	558	364	830	831	707	871	737	890	338	
811	557	730	0	620	467	754	344	893	541	563	442	800	612	615	356	494	894	710	551	866	842	330	742	618	667	455	403	697	656	861	682	525	520	519	406	786	436	676	371	300	
429	324	324	620	0	708	810	463	677	498	587	455	425	435	353	326	483	655	576	426	340	546	380	543	469	643	881	407	469	815	711	868	649	456	612	372	463	895	691	384	709	
876	347	595	467	708	0	820	476	681	329	682	647	881	621	339	369	667	616	666	726	872	628	722	582	557	742	708	426	807	866	471	449	802	364	542	561	496	569	740	699	651	
672	897	415	754	810	820	0	527	442	307	827	554	733	818	580	898	464	496	554	613	312	641	343	715	613	529	524	305	551	739	435	562	735	354	609	692	433	889	547	576	305	
768	305	409	344	463	476	527	0	375	575	487	810	472	347	539	585	348	511	817	786	896	473	632	597	689	744	641	406	730	864	874	315	308	314	493	889	546	331	445	887	471	
540	582	421	893	677	681	442	375	0	753	773	882	306	754	711	567	840	464	558	802	858	852	720	844	401	441	520	430	839	486	306	305	827	683	551	542	368	519	395	770	804	
544	332	444	541	498	329	307	575	753	0	668	893	311	329	369	304	575	540	812	622	881	835	655	758	608	338	600	487	781	805	883	534	497	699	791	323	859	562	722	797	598	
628	329	445	563	587	682	827	487	773	668	0	819	825	734	477	649	741	817	790	694	769	693	890	889	302	351	633	695	517	556	714	423	375	483	803	395	838	471	451	445	761	
830	445	428	442	455	647	554	810	882	893	819	0	554	824	856	668	617	336	841	429	320	480	337	581	816	361	378	446	339	678	560	660	320	790	555	408	473	696	726	385	405	
632	550	685	800	425	881	733	472	306	311	825	554	0	306	671	313	386	754	378	440	461	832	766	520	494	815	731	555	852	793	423	429	749	389	721	323	843	350	444	734	760	
373	613	812	612	435	621	818	347	754	329	734	824	306	0	897	632	710	414	576	381	603	612	720	833	370	410	480	315	520	460	701	366	711	411	519	615	743	873	831	342	845	
656	546	435	615	353	339	580	539	711	369	477	856	671	897	0	403	793	447	811	444	603	706	584	459	802	782	573	585	619	526	627	626	751	590	332	837	325	735	694	724	668	
338	727	522	356	326	369	898	585	567	304	649	668	313	632	403	0	339	702	790	895	720	673	684	882	698	491	758	744	856	882	312	468	629	312	495	727	515	814	878	599	731	
547	686	573	494	483	667	464	348	840	575	741	617	386	710	793	339	0	732	369	523	767	576	586	436	884	304	362	411	646	833	786	589	394	810	468	368	331	779	319	580	586	
734	435	807	894	655	616	496	511	464	540	817	336	754	414	447	702	732	0	424	534	532	437	784	357	568	833	537	418	744	356	428	794	792	500	598	791	527	658	712	301	797	
890	384	818	710	576	666	554	817	558	812	790	841	378	576	811	790	369	424	0	729	600	320	769	538	571	715	887	587	451	779	387	348	594	334	854	559	609	301	607	479	799	
817	470	371	551	426	726	613	786	802	622	694	429	440	381	444	895	523	534	729	0	594	736	386	312	394	777	348	362	574	750	363	790	314	304	431	660	528	452	762	317	737	
326	610	595	866	340	872	312	896	858	881	769	320	461	603	603	720	767	532	600	594	0	749	499	771	673	323	853	607	781	831	821	891	725	515	830	680	387	517	546	567	660	
517	896	854	842	546	628	641	473	852	835	693	480	832	612	706	673	576	437	320	736	749	0	614	402	310	495	787	782	881	867	735	831	855	339	656	749	430	377	352	487	412	
376	867	409	330	380	722	343	632	720	655	890	337	766	720	584	684	586	784	769	386	499	614	0	623	457	384	803	566	371	695	577	472	409	545	461	424	601	418	379	611	717	
683	869	549	742	543	582	715	597	844	758	889	581	520	833	459	882	436	357	538	312	771	402	623	0	547	728	787	520	395	431	830	563	439	720	690	735	790	877	865	653	838	
624	721	633	618	469	557	613	689	401	608	302	816	494	370	802	698	884	568	571	394	673	310	457	547	0	300	753	561	460	689	848	362	300	896	304	749	602	322	597	861	536	
560	679	792	667	643	742	529	744	441	338	351	361	815	410	782	491	304	833	715	777	323	495	384	728	300	0	831	382	647	518	849	540	761	583	894	629	325	692	449	511	815	
350	740	404	455	881	708	524	641	520	600	633	378	731	480	573	758	362	537	887	348	853	787	803	787	753	831	0	467	597	336	874	402	557	632	673	438	838	580	506	637	799	
861	766	696	403	407	426	305	406	430	487	695	446	555	315	585	744	411	418	587	362	607	782	566	520	561	382	467	0	527	806	376	535	696	655	490	396	735	500	733	349	636	
478	791	370	697	469	807	551	730	839	781	517	339	852	520	619	856	646	744	451	574	781	881	371	395	460	647	597	527	0	811	483	894	745	777	320	555	764	385	849	475	439	
767	834	733	656	815	866	739	864	486	805	556	678	793	460	526	882	833	356	779	750	831	867	695	431	689	518	336	806	811	0	309	888	591	702	853	453	385	598	812	317	559	
378	658	461	861	711	471	435	874	306	883	714	560	423	701	627	312	786	428	387	363	821	735	577	830	848	849	874	376	483	309	0	397	397	408	345	668	777	341	808	810	497	
323	532	541	682	868	449	562	315	305	534	423	660	429	366	626	468	589	794	348	790	891	831	472	563	362	540	402	535	894	888	397	0	707	773	484	415	784	691	574	672	348	
488	771	558	525	649	802	735	308	827	497	375	320	749	711	751	629	394	792	594	314	725	855	409	439	300	761	557	696	745	591	397	707	0	761	560	347	502	323	718	366	899	
833	665	364	520	456	364	354	314	683	699	483	790	389	411	590	312	810	500	334	304	515	339	545	720	896	583	632	655	777	702	408	773	761	0	709	600	877	775	819	869	304	
516	721	830	519	612	542	609	493	551	791	803	555	721	519	332	495	468	598	854	431	830	656	461	690	304	894	673	490	320	853	345	484	560	709	0	578	636	526	499	439	567	
515	364	831	406	372	561	692	889	542	323	395	408	323	615	837	727	368	791	559	660	680	749	424	735	749	629	438	396	555	453	668	415	347	600	578	0	547	551	853	555	585	
690	404	707	786	463	496	433	546	368	859	838	473	843	743	325	515	331	527	609	528	387	430	601	790	602	325	838	735	764	385	777	784	502	877	636	547	0	374	577	308	649	
477	713	871	436	895	569	889	331	519	562	471	696	350	873	735	814	779	658	301	452	517	377	418	877	322	692	580	500	385	598	341	691	323	775	526	551	374	0	449	487	853	
524	433	737	676	691	740	547	445	395	722	451	726	444	831	694	878	319	712	607	762	546	352	379	865	597	449	506	733	849	812	808	574	718	819	499	853	577	449	0	338	543	
324	592	890	371	384	699	576	887	770	797	445	385	734	342	724	599	580	301	479	317	567	487	611	653	861	511	637	349	475	317	810	672	366	869	439	555	308	487	338	0	329	
877	508	338	300	709	651	305	471	804	598	761	405	760	845	668	731	586	797	799	737	660	412	717	838	536	815	799	636	439	559	497	348	899	304	567	585	649	853	543	329	0	
etats
Id_Station	Poids W	Min (P)	WSPT	Priorité	
1	3	317	63,40	20	
2	5	327	54,50	17	
3	4	301	33,44	1	
4	4	300	300,00	34	
5	6	327	327,00	38	
6	6	302	151,00	29	
7	9	324	54,00	16	
8	5	327	46,71	13	
9	7	326	40,75	6	
10	2	302	75,50	22	
11	8	342	42,75	8	
12	6	325	40,63	5	
13	6	309	34,33	3	
14	7	300	150,00	28	
15	1	344	344,00	39	
16	8	305	101,67	26	
17	8	324	324,00	36	
18	1	321	160,50	30	
19	8	321	45,86	11	
20	3	314	39,25	4	
21	4	308	34,22	2	
22	9	305	305,00	35	
23	7	305	101,67	27	
24	3	307	61,40	18	
25	9	325	162,50	31	
26	1	303	101,00	24	
27	4	355	88,75	23	
28	6	326	46,57	12	
29	5	326	326,00	37	
30	8	360	180,00	33	
31	6	309	44,14	9	
32	9	301	75,25	21	
33	3	330	165,00	32	
34	6	307	61,40	19	
35	1	358	358,00	40	
36	6	302	50,33	14	
37	5	368	40,89	7	
38	4	372	53,14	15	
39	1	303	101,00	25	
40	5	310	44,29	10	
