distances
0	891	719	813	588	736	849	725	786	420	485	897	509	658	350	354	733	777	730	415	844	618	328	630	884	429	475	655	428	419	420	716	732	573	687	717	538	722	798	576	321	
891	0	858	583	824	635	890	436	670	600	687	367	853	758	324	648	897	426	321	343	338	436	888	546	434	355	588	355	771	844	383	564	317	461	474	458	493	851	869	526	415	
719	858	0	854	418	779	727	378	757	720	330	831	689	369	327	772	396	592	567	739	660	746	741	821	376	802	329	785	496	462	602	420	623	754	397	547	434	635	373	619	723	
813	583	854	0	490	420	302	894	497	855	329	797	402	744	734	684	649	324	691	344	754	308	343	504	746	837	814	760	460	710	688	459	301	597	412	742	491	368	452	703	370	
588	824	418	490	0	578	317	532	495	548	532	834	772	618	300	454	801	478	716	401	852	391	807	736	627	551	441	841	497	799	793	609	742	794	761	397	464	541	826	517	433	
736	635	779	420	578	0	576	518	327	662	605	630	666	688	671	424	762	450	603	519	838	892	342	382	718	896	612	874	511	854	551	772	428	659	417	780	350	521	550	873	713	
849	890	727	302	317	576	0	706	890	772	336	535	338	309	633	622	453	700	886	614	641	440	353	561	392	654	793	683	806	436	739	412	848	631	741	880	464	763	899	546	813	
725	436	378	894	532	518	706	0	327	872	603	612	339	766	416	618	358	674	815	324	507	324	494	802	326	855	456	494	866	785	573	649	835	334	674	740	678	529	776	854	876	
786	670	757	497	495	327	890	327	0	446	731	855	391	331	757	382	767	334	613	365	738	347	798	347	531	887	744	607	839	377	664	489	504	560	568	482	558	487	391	784	608	
420	600	720	855	548	662	772	872	446	0	680	541	582	895	327	870	484	642	864	326	409	740	450	349	722	512	861	472	415	572	360	722	787	642	790	693	630	517	437	413	809	
485	687	330	329	532	605	336	603	731	680	0	664	706	774	623	637	710	375	886	439	580	346	798	499	517	701	666	838	640	618	561	426	324	707	328	557	302	744	749	804	592	
897	367	831	797	834	630	535	612	855	541	664	0	577	883	897	480	516	865	472	372	413	464	788	534	789	523	463	507	439	484	553	513	699	439	392	556	342	562	372	789	459	
509	853	689	402	772	666	338	339	391	582	706	577	0	602	789	784	714	807	658	536	576	497	378	398	367	830	686	616	733	536	541	473	325	601	497	697	773	864	750	816	586	
658	758	369	744	618	688	309	766	331	895	774	883	602	0	730	600	627	475	617	518	314	690	479	364	567	418	440	619	836	778	428	369	488	793	518	408	685	567	826	378	468	
350	324	327	734	300	671	633	416	757	327	623	897	789	730	0	347	548	403	560	733	694	535	749	632	567	460	843	510	593	712	622	896	820	635	805	553	763	501	452	824	781	
354	648	772	684	454	424	622	618	382	870	637	480	784	600	347	0	501	623	523	504	367	468	515	548	441	879	507	755	831	817	474	846	738	795	344	595	695	426	859	716	452	
733	897	396	649	801	762	453	358	767	484	710	516	714	627	548	501	0	543	553	574	512	896	405	642	541	523	449	507	889	779	530	662	305	551	307	643	322	375	573	370	579	
777	426	592	324	478	450	700	674	334	642	375	865	807	475	403	623	543	0	896	453	710	541	769	486	837	599	402	657	352	606	384	402	622	570	656	703	812	565	677	564	836	
730	321	567	691	716	603	886	815	613	864	886	472	658	617	560	523	553	896	0	654	745	403	797	573	363	369	894	770	617	444	645	801	847	502	321	789	891	476	520	352	607	
415	343	739	344	401	519	614	324	365	326	439	372	536	518	733	504	574	453	654	0	694	533	574	326	567	490	321	498	689	809	706	683	627	462	810	358	838	703	758	502	405	
844	338	660	754	852	838	641	507	738	409	580	413	576	314	694	367	512	710	745	694	0	484	508	557	345	452	408	427	752	423	464	627	353	359	536	724	322	896	528	845	336	
618	436	746	308	391	892	440	324	347	740	346	464	497	690	535	468	896	541	403	533	484	0	777	593	366	744	622	582	514	453	752	309	434	729	362	404	409	857	465	854	875	
328	888	741	343	807	342	353	494	798	450	798	788	378	479	749	515	405	769	797	574	508	777	0	305	738	639	877	808	558	833	587	501	306	835	808	547	848	557	557	843	499	
630	546	821	504	736	382	561	802	347	349	499	534	398	364	632	548	642	486	573	326	557	593	305	0	763	338	892	629	650	356	694	456	752	497	512	456	718	473	773	750	857	
884	434	376	746	627	718	392	326	531	722	517	789	367	567	567	441	541	837	363	567	345	366	738	763	0	381	545	421	572	431	848	697	361	795	307	826	758	772	770	749	558	
429	355	802	837	551	896	654	855	887	512	701	523	830	418	460	879	523	599	369	490	452	744	639	338	381	0	777	529	328	520	371	646	521	671	695	466	325	711	741	652	645	
475	588	329	814	441	612	793	456	744	861	666	463	686	440	843	507	449	402	894	321	408	622	877	892	545	777	0	838	410	797	548	859	664	712	571	745	826	704	869	303	358	
655	355	785	760	841	874	683	494	607	472	838	507	616	619	510	755	507	657	770	498	427	582	808	629	421	529	838	0	526	840	741	659	667	623	457	534	810	753	486	360	495	
428	771	496	460	497	511	806	866	839	415	640	439	733	836	593	831	889	352	617	689	752	514	558	650	572	328	410	526	0	326	607	575	621	381	736	435	878	884	531	338	789	
419	844	462	710	799	854	436	785	377	572	618	484	536	778	712	817	779	606	444	809	423	453	833	356	431	520	797	840	326	0	455	782	677	780	675	733	450	860	861	887	829	
420	383	602	688	793	551	739	573	664	360	561	553	541	428	622	474	530	384	645	706	464	752	587	694	848	371	548	741	607	455	0	459	692	878	647	616	481	859	483	498	503	
716	564	420	459	609	772	412	649	489	722	426	513	473	369	896	846	662	402	801	683	627	309	501	456	697	646	859	659	575	782	459	0	377	472	817	643	408	380	708	740	369	
732	317	623	301	742	428	848	835	504	787	324	699	325	488	820	738	305	622	847	627	353	434	306	752	361	521	664	667	621	677	692	377	0	691	866	452	693	725	582	355	310	
573	461	754	597	794	659	631	334	560	642	707	439	601	793	635	795	551	570	502	462	359	729	835	497	795	671	712	623	381	780	878	472	691	0	414	445	330	646	404	777	371	
687	474	397	412	761	417	741	674	568	790	328	392	497	518	805	344	307	656	321	810	536	362	808	512	307	695	571	457	736	675	647	817	866	414	0	558	379	705	507	859	758	
717	458	547	742	397	780	880	740	482	693	557	556	697	408	553	595	643	703	789	358	724	404	547	456	826	466	745	534	435	733	616	643	452	445	558	0	522	820	715	503	534	
538	493	434	491	464	350	464	678	558	630	302	342	773	685	763	695	322	812	891	838	322	409	848	718	758	325	826	810	878	450	481	408	693	330	379	522	0	522	419	485	833	
722	851	635	368	541	521	763	529	487	517	744	562	864	567	501	426	375	565	476	703	896	857	557	473	772	711	704	753	884	860	859	380	725	646	705	820	522	0	551	627	532	
798	869	373	452	826	550	899	776	391	437	749	372	750	826	452	859	573	677	520	758	528	465	557	773	770	741	869	486	531	861	483	708	582	404	507	715	419	551	0	418	599	
576	526	619	703	517	873	546	854	784	413	804	789	816	378	824	716	370	564	352	502	845	854	843	750	749	652	303	360	338	887	498	740	355	777	859	503	485	627	418	0	855	
321	415	723	370	433	713	813	876	608	809	592	459	586	468	781	452	579	836	607	405	336	875	499	857	558	645	358	495	789	829	503	369	310	371	758	534	833	532	599	855	0	
etats
Id_Station	Poids W	Min (P)	WSPT	Priorité	
1	5	304	101,33	22	
2	6	307	153,50	32	
3	9	348	43,50	5	
4	1	327	40,88	3	
5	1	322	46,00	6	
6	2	341	341,00	40	
7	6	302	100,67	21	
8	7	329	54,83	11	
9	8	301	60,20	15	
10	4	312	156,00	33	
11	8	301	150,50	27	
12	8	305	305,00	36	
13	9	326	108,67	26	
14	2	319	35,44	1	
15	1	301	100,33	20	
16	3	301	150,50	28	
17	1	330	55,00	13	
18	2	314	78,50	18	
19	7	329	54,83	12	
20	8	309	51,50	9	
21	9	310	310,00	37	
22	1	312	312,00	38	
23	3	300	42,86	4	
24	5	302	151,00	30	
25	2	305	38,13	2	
26	3	305	76,25	16	
27	4	310	51,67	10	
28	7	314	314,00	39	
29	1	301	50,17	7	
30	2	313	104,33	24	
31	7	301	150,50	29	
32	4	309	103,00	23	
33	2	323	107,67	25	
34	5	303	303,00	35	
35	1	300	60,00	14	
36	6	338	84,50	19	
37	9	301	50,17	8	
38	7	301	301,00	34	
39	3	311	77,75	17	
40	7	302	151,00	31	
