distances
0	460	780	576	561	308	487	598	364	592	682	708	766	691	498	432	680	481	698	755	520	607	771	686	516	443	361	467	310	521	796	355	686	574	609	771	413	391	696	563	721	
460	0	629	563	568	729	579	613	699	618	379	476	424	497	361	521	415	539	308	410	583	498	483	439	432	310	607	713	646	488	441	752	473	304	644	753	467	301	707	518	579	
780	629	0	444	466	322	712	582	777	618	686	752	326	307	741	721	374	682	722	772	401	649	468	714	626	437	317	551	384	569	629	788	686	790	786	603	702	422	572	633	380	
576	563	444	0	632	308	474	369	631	445	792	444	513	546	602	396	753	387	497	445	533	458	554	607	607	718	560	769	691	381	318	792	461	588	355	612	612	730	438	321	570	
561	568	466	632	0	313	491	763	472	317	468	354	705	371	748	555	429	500	308	425	734	576	515	432	551	672	542	486	619	528	497	486	448	454	680	753	336	658	465	729	306	
308	729	322	308	313	0	341	600	405	439	307	438	537	424	629	518	482	580	636	662	580	510	449	764	367	348	760	701	476	414	414	417	485	694	748	371	783	303	784	605	568	
487	579	712	474	491	341	0	381	714	643	722	553	605	406	540	500	590	319	449	531	537	486	699	617	329	654	529	350	454	504	511	533	592	546	449	494	574	470	419	554	657	
598	613	582	369	763	600	381	0	655	684	691	770	697	584	304	512	364	403	442	361	406	607	785	344	780	497	529	438	589	640	377	611	587	668	345	689	523	637	748	596	404	
364	699	777	631	472	405	714	655	0	337	741	523	746	387	333	750	688	610	353	763	745	340	398	410	647	728	628	521	634	518	567	525	728	629	492	743	674	501	364	777	698	
592	618	618	445	317	439	643	684	337	0	659	305	599	536	736	608	351	667	465	759	694	639	301	500	630	502	570	540	789	793	314	534	785	765	451	625	472	767	711	490	336	
682	379	686	792	468	307	722	691	741	659	0	302	799	459	554	310	738	313	671	708	799	432	612	681	574	604	631	743	615	670	571	430	395	394	470	430	659	469	456	685	745	
708	476	752	444	354	438	553	770	523	305	302	0	588	388	421	504	529	595	567	340	441	754	345	460	333	350	727	682	762	662	416	414	536	425	576	760	597	335	781	524	736	
766	424	326	513	705	537	605	697	746	599	799	588	0	341	314	339	671	669	442	575	454	471	466	666	776	308	358	411	468	515	361	496	423	444	405	414	715	637	588	691	746	
691	497	307	546	371	424	406	584	387	536	459	388	341	0	794	629	377	509	302	678	397	657	653	463	788	685	786	446	393	478	642	745	445	392	544	617	462	585	674	534	676	
498	361	741	602	748	629	540	304	333	736	554	421	314	794	0	675	531	656	330	338	612	528	424	522	473	591	418	784	404	659	700	650	759	526	430	546	363	401	737	383	793	
432	521	721	396	555	518	500	512	750	608	310	504	339	629	675	0	471	328	462	402	700	341	720	537	597	331	387	324	428	320	429	688	417	718	750	443	602	640	518	605	399	
680	415	374	753	429	482	590	364	688	351	738	529	671	377	531	471	0	794	376	684	538	587	614	471	668	398	404	548	412	574	457	653	749	504	464	788	739	449	569	319	709	
481	539	682	387	500	580	319	403	610	667	313	595	669	509	656	328	794	0	445	445	660	516	615	777	776	406	309	393	565	606	352	302	380	502	406	745	355	434	392	305	689	
698	308	722	497	308	636	449	442	353	465	671	567	442	302	330	462	376	445	0	465	306	348	689	514	722	445	562	568	725	421	446	688	303	570	696	649	561	503	403	423	535	
755	410	772	445	425	662	531	361	763	759	708	340	575	678	338	402	684	445	465	0	364	537	674	603	472	729	517	663	331	523	381	322	353	454	783	529	716	443	738	525	668	
520	583	401	533	734	580	537	406	745	694	799	441	454	397	612	700	538	660	306	364	0	645	391	386	606	773	659	543	609	356	498	532	337	792	440	645	605	539	362	317	315	
607	498	649	458	576	510	486	607	340	639	432	754	471	657	528	341	587	516	348	537	645	0	336	635	331	729	493	562	404	697	780	353	677	714	429	497	635	505	758	718	595	
771	483	468	554	515	449	699	785	398	301	612	345	466	653	424	720	614	615	689	674	391	336	0	745	305	783	585	701	390	674	435	592	375	593	376	529	330	695	445	338	485	
686	439	714	607	432	764	617	344	410	500	681	460	666	463	522	537	471	777	514	603	386	635	745	0	357	546	381	624	442	602	574	685	323	688	535	349	447	425	444	621	413	
516	432	626	607	551	367	329	780	647	630	574	333	776	788	473	597	668	776	722	472	606	331	305	357	0	604	706	520	456	507	591	377	512	444	752	501	448	600	576	461	363	
443	310	437	718	672	348	654	497	728	502	604	350	308	685	591	331	398	406	445	729	773	729	783	546	604	0	608	698	751	657	792	490	510	462	656	364	705	738	334	684	659	
361	607	317	560	542	760	529	529	628	570	631	727	358	786	418	387	404	309	562	517	659	493	585	381	706	608	0	453	377	372	441	490	438	433	709	540	312	498	757	722	371	
467	713	551	769	486	701	350	438	521	540	743	682	411	446	784	324	548	393	568	663	543	562	701	624	520	698	453	0	688	738	539	623	540	316	332	640	649	797	485	355	491	
310	646	384	691	619	476	454	589	634	789	615	762	468	393	404	428	412	565	725	331	609	404	390	442	456	751	377	688	0	430	398	311	490	351	769	702	520	737	536	582	410	
521	488	569	381	528	414	504	640	518	793	670	662	515	478	659	320	574	606	421	523	356	697	674	602	507	657	372	738	430	0	701	315	729	768	399	636	517	354	386	750	769	
796	441	629	318	497	414	511	377	567	314	571	416	361	642	700	429	457	352	446	381	498	780	435	574	591	792	441	539	398	701	0	473	522	423	523	450	331	408	367	694	749	
355	752	788	792	486	417	533	611	525	534	430	414	496	745	650	688	653	302	688	322	532	353	592	685	377	490	490	623	311	315	473	0	380	364	575	370	572	748	386	642	614	
686	473	686	461	448	485	592	587	728	785	395	536	423	445	759	417	749	380	303	353	337	677	375	323	512	510	438	540	490	729	522	380	0	717	767	504	793	619	560	589	372	
574	304	790	588	454	694	546	668	629	765	394	425	444	392	526	718	504	502	570	454	792	714	593	688	444	462	433	316	351	768	423	364	717	0	639	369	787	414	663	723	682	
609	644	786	355	680	748	449	345	492	451	470	576	405	544	430	750	464	406	696	783	440	429	376	535	752	656	709	332	769	399	523	575	767	639	0	601	426	331	642	771	634	
771	753	603	612	753	371	494	689	743	625	430	760	414	617	546	443	788	745	649	529	645	497	529	349	501	364	540	640	702	636	450	370	504	369	601	0	628	668	674	503	637	
413	467	702	612	336	783	574	523	674	472	659	597	715	462	363	602	739	355	561	716	605	635	330	447	448	705	312	649	520	517	331	572	793	787	426	628	0	549	522	795	599	
391	301	422	730	658	303	470	637	501	767	469	335	637	585	401	640	449	434	503	443	539	505	695	425	600	738	498	797	737	354	408	748	619	414	331	668	549	0	772	444	412	
696	707	572	438	465	784	419	748	364	711	456	781	588	674	737	518	569	392	403	738	362	758	445	444	576	334	757	485	536	386	367	386	560	663	642	674	522	772	0	621	659	
563	518	633	321	729	605	554	596	777	490	685	524	691	534	383	605	319	305	423	525	317	718	338	621	461	684	722	355	582	750	694	642	589	723	771	503	795	444	621	0	695	
721	579	380	570	306	568	657	404	698	336	745	736	746	676	793	399	709	689	535	668	315	595	485	413	363	659	371	491	410	769	749	614	372	682	634	637	599	412	659	695	0	
etats
Id_Station	Poids W	Min (P)	WSPT	Priorité	
11	9	302	33,56	1	
6	9	319	35,44	2	
7	8	304	38,00	3	
24	8	305	38,13	4	
25	8	308	38,50	5	
35	9	349	38,78	6	
38	8	334	41,75	7	
1	7	301	43,00	8	
18	7	302	43,14	9	
9	6	301	50,17	10	
22	6	301	50,17	11	
13	6	302	50,33	12	
33	6	304	50,67	13	
2	6	307	51,17	14	
29	6	315	52,50	15	
16	6	319	53,17	16	
32	5	303	60,60	17	
12	5	308	61,60	18	
26	5	309	61,80	19	
28	5	310	62,00	20	
36	5	312	62,40	21	
19	5	322	64,40	22	
23	5	323	64,60	23	
39	4	305	76,25	24	
21	4	331	82,75	25	
5	3	303	101,00	26	
4	3	306	102,00	27	
37	2	301	150,50	28	
20	2	306	153,00	29	
27	2	316	158,00	30	
34	2	331	165,50	31	
8	2	333	166,50	32	
10	1	302	302,00	33	
17	1	302	302,00	34	
31	1	302	302,00	35	
14	1	304	304,00	36	
40	1	306	306,00	37	
3	1	308	308,00	38	
15	1	310	310,00	39	
30	1	314	314,00	40	

