distances
0	563	739	605	315	694	727	469	402	525	303	397	394	747	424	511	665	760	725	714	776	762	498	551	527	392	473	680	540	487	452	378	545	643	418	391	630	520	440	464	683	
563	0	359	320	356	387	406	433	464	409	477	368	519	765	696	380	391	576	445	457	338	621	695	331	460	454	353	789	703	687	578	442	524	515	327	698	437	751	742	698	396	
739	359	0	475	639	341	457	726	365	676	720	505	305	444	583	767	622	628	777	428	388	308	418	560	340	665	715	650	377	750	584	718	333	398	307	629	784	597	483	430	305	
605	320	475	0	507	617	540	601	584	660	467	475	313	680	473	490	562	430	427	775	323	408	617	621	781	456	543	526	691	492	369	351	663	422	513	318	416	740	516	523	406	
315	356	639	507	0	755	484	343	466	745	585	741	424	758	622	494	743	616	519	377	585	560	550	477	499	589	705	466	610	501	465	652	744	616	763	361	571	659	715	592	352	
694	387	341	617	755	0	504	346	380	550	600	426	333	536	706	703	337	568	784	702	543	584	375	510	665	692	529	604	581	786	468	378	521	768	693	626	731	655	386	482	406	
727	406	457	540	484	504	0	513	576	713	460	617	388	599	781	619	553	579	701	684	563	647	329	637	406	744	471	662	388	460	398	457	303	645	637	643	607	491	329	586	348	
469	433	726	601	343	346	513	0	749	658	566	514	546	495	615	327	329	347	368	684	631	732	373	412	736	735	564	534	594	501	734	653	765	752	358	583	442	401	729	691	516	
402	464	365	584	466	380	576	749	0	449	545	655	545	398	711	589	743	776	733	533	522	780	585	418	794	460	794	326	511	697	428	768	593	363	383	456	381	435	543	619	532	
525	409	676	660	745	550	713	658	449	0	466	708	660	691	312	313	425	765	390	341	581	427	392	788	437	387	535	431	407	473	382	311	482	465	359	797	624	521	326	728	437	
303	477	720	467	585	600	460	566	545	466	0	738	543	468	679	591	482	557	551	435	309	517	484	586	753	785	305	486	625	520	644	419	524	506	630	666	754	616	371	609	502	
397	368	505	475	741	426	617	514	655	708	738	0	659	775	780	558	400	371	396	704	586	502	533	488	401	597	561	396	697	463	679	686	643	790	347	609	787	671	456	688	379	
394	519	305	313	424	333	388	546	545	660	543	659	0	747	560	786	588	793	577	760	524	386	569	582	389	729	616	778	466	453	543	683	316	583	448	792	794	411	461	651	381	
747	765	444	680	758	536	599	495	398	691	468	775	747	0	437	784	505	546	547	342	653	778	507	566	615	655	459	634	734	524	489	735	460	502	378	671	379	422	731	344	399	
424	696	583	473	622	706	781	615	711	312	679	780	560	437	0	442	723	750	669	539	772	398	677	702	376	658	679	525	492	328	696	618	400	791	376	448	330	661	708	317	300	
511	380	767	490	494	703	619	327	589	313	591	558	786	784	442	0	607	783	432	646	462	532	626	788	590	414	562	501	747	797	403	316	573	706	735	541	494	717	575	371	572	
665	391	622	562	743	337	553	329	743	425	482	400	588	505	723	607	0	768	399	439	696	484	798	385	597	318	472	503	316	384	440	307	377	638	685	600	330	564	679	690	311	
760	576	628	430	616	568	579	347	776	765	557	371	793	546	750	783	768	0	611	618	519	426	508	568	688	647	651	678	643	796	579	471	311	368	636	515	461	699	645	619	583	
725	445	777	427	519	784	701	368	733	390	551	396	577	547	669	432	399	611	0	412	455	346	795	560	659	363	625	675	791	732	617	588	619	482	626	575	354	329	573	521	625	
714	457	428	775	377	702	684	684	533	341	435	704	760	342	539	646	439	618	412	0	452	392	599	327	482	530	608	441	577	462	611	630	654	624	374	607	535	615	552	315	337	
776	338	388	323	585	543	563	631	522	581	309	586	524	653	772	462	696	519	455	452	0	526	379	598	581	508	503	533	605	794	338	651	683	525	663	408	688	654	570	575	477	
762	621	308	408	560	584	647	732	780	427	517	502	386	778	398	532	484	426	346	392	526	0	509	659	535	687	745	770	662	489	382	549	777	376	525	721	779	451	742	452	701	
498	695	418	617	550	375	329	373	585	392	484	533	569	507	677	626	798	508	795	599	379	509	0	353	475	686	498	659	533	328	615	422	742	585	424	521	512	353	653	344	567	
551	331	560	621	477	510	637	412	418	788	586	488	582	566	702	788	385	568	560	327	598	659	353	0	445	311	703	748	737	329	418	554	422	406	685	352	516	492	589	696	775	
527	460	340	781	499	665	406	736	794	437	753	401	389	615	376	590	597	688	659	482	581	535	475	445	0	618	707	593	710	494	608	339	513	658	716	769	474	518	377	413	795	
392	454	665	456	589	692	744	735	460	387	785	597	729	655	658	414	318	647	363	530	508	687	686	311	618	0	749	758	562	602	483	680	705	335	757	309	515	539	578	653	582	
473	353	715	543	705	529	471	564	794	535	305	561	616	459	679	562	472	651	625	608	503	745	498	703	707	749	0	695	602	339	723	760	667	342	332	373	342	543	531	530	323	
680	789	650	526	466	604	662	534	326	431	486	396	778	634	525	501	503	678	675	441	533	770	659	748	593	758	695	0	332	555	366	456	761	622	339	524	354	688	390	642	696	
540	703	377	691	610	581	388	594	511	407	625	697	466	734	492	747	316	643	791	577	605	662	533	737	710	562	602	332	0	579	487	604	677	799	737	395	641	493	484	631	738	
487	687	750	492	501	786	460	501	697	473	520	463	453	524	328	797	384	796	732	462	794	489	328	329	494	602	339	555	579	0	797	587	645	371	554	591	534	741	487	763	562	
452	578	584	369	465	468	398	734	428	382	644	679	543	489	696	403	440	579	617	611	338	382	615	418	608	483	723	366	487	797	0	773	455	660	671	754	731	647	352	589	357	
378	442	718	351	652	378	457	653	768	311	419	686	683	735	618	316	307	471	588	630	651	549	422	554	339	680	760	456	604	587	773	0	721	390	663	757	648	407	496	347	438	
545	524	333	663	744	521	303	765	593	482	524	643	316	460	400	573	377	311	619	654	683	777	742	422	513	705	667	761	677	645	455	721	0	749	734	409	682	764	342	703	659	
643	515	398	422	616	768	645	752	363	465	506	790	583	502	791	706	638	368	482	624	525	376	585	406	658	335	342	622	799	371	660	390	749	0	750	637	409	355	511	323	606	
418	327	307	513	763	693	637	358	383	359	630	347	448	378	376	735	685	636	626	374	663	525	424	685	716	757	332	339	737	554	671	663	734	750	0	520	331	446	772	391	759	
391	698	629	318	361	626	643	583	456	797	666	609	792	671	448	541	600	515	575	607	408	721	521	352	769	309	373	524	395	591	754	757	409	637	520	0	710	360	661	701	648	
630	437	784	416	571	731	607	442	381	624	754	787	794	379	330	494	330	461	354	535	688	779	512	516	474	515	342	354	641	534	731	648	682	409	331	710	0	522	463	327	725	
520	751	597	740	659	655	491	401	435	521	616	671	411	422	661	717	564	699	329	615	654	451	353	492	518	539	543	688	493	741	647	407	764	355	446	360	522	0	602	618	609	
440	742	483	516	715	386	329	729	543	326	371	456	461	731	708	575	679	645	573	552	570	742	653	589	377	578	531	390	484	487	352	496	342	511	772	661	463	602	0	773	421	
464	698	430	523	592	482	586	691	619	728	609	688	651	344	317	371	690	619	521	315	575	452	344	696	413	653	530	642	631	763	589	347	703	323	391	701	327	618	773	0	330	
683	396	305	406	352	406	348	516	532	437	502	379	381	399	300	572	311	583	625	337	477	701	567	775	795	582	323	696	738	562	357	438	659	606	759	648	725	609	421	330	0	
etats
Id_Station	Poids W	Min (P)	WSPT	Priorité	
1	3	303	33,67	1	
2	3	308	34,22	2	
3	4	313	34,78	3	
4	3	300	37,50	4	
5	2	303	37,88	5	
6	1	313	39,13	6	
7	5	317	39,63	7	
8	5	300	42,86	8	
9	9	301	43,00	9	
10	2	305	43,57	10	
11	2	309	44,14	11	
12	9	311	44,43	12	
13	1	320	45,71	13	
14	8	301	50,17	14	
15	3	301	50,17	15	
16	5	311	51,83	16	
17	6	318	53,00	17	
18	7	326	54,33	18	
19	6	301	60,20	19	
20	2	301	60,20	20	
21	8	303	60,60	21	
22	7	303	60,60	22	
23	8	303	60,60	23	
24	2	305	61,00	24	
25	5	309	61,80	25	
26	2	323	64,60	26	
27	7	303	75,75	27	
28	4	307	76,75	28	
29	7	310	77,50	29	
30	5	339	84,75	30	
31	9	313	104,33	31	
32	1	308	154,00	32	
33	5	310	155,00	33	
34	8	313	156,50	34	
35	1	302	302,00	35	
36	2	303	303,00	36	
37	2	303	303,00	37	
38	1	305	305,00	38	
39	1	308	308,00	39	
40	5	328	328,00	40	
