distances
0	569	733	731	589	612	508	624	388	664	741	716	774	443	744	650	614	608	315	715	317	513	723	309	318	369	793	754	408	719	497	571	725	634	401	679	453	571	490	316	592	
569	0	301	632	744	703	553	618	399	473	470	333	680	376	534	433	309	325	435	739	618	566	465	397	728	524	300	309	352	387	641	580	523	799	340	641	475	343	494	447	583	
733	301	0	390	762	706	551	406	544	664	320	490	641	320	588	379	378	632	310	674	397	746	363	747	586	487	557	703	575	752	647	534	541	674	729	744	490	535	392	333	553	
731	632	390	0	671	363	679	712	525	642	769	794	438	395	513	345	632	435	486	584	496	608	689	655	736	509	353	334	322	722	310	666	761	422	697	585	303	762	493	612	728	
589	744	762	671	0	318	400	752	774	575	355	670	548	373	650	786	566	377	795	761	484	755	444	453	780	609	504	674	789	574	333	453	744	617	763	434	687	480	797	442	582	
612	703	706	363	318	0	367	721	706	716	526	501	646	467	400	397	596	737	667	755	740	688	317	699	561	596	343	412	475	692	549	548	303	542	653	585	306	675	535	545	443	
508	553	551	679	400	367	0	777	571	600	510	468	729	725	530	629	502	405	789	632	776	489	308	596	477	781	753	387	382	571	638	534	315	319	421	341	559	369	353	325	565	
624	618	406	712	752	721	777	0	749	548	740	613	751	487	547	441	568	772	577	662	385	792	521	476	660	776	486	393	328	672	464	496	582	582	491	468	772	665	414	398	431	
388	399	544	525	774	706	571	749	0	525	542	705	686	521	532	301	451	595	493	687	482	451	663	322	308	486	444	726	773	794	550	708	556	737	535	659	581	422	712	457	499	
664	473	664	642	575	716	600	548	525	0	798	549	389	370	644	469	513	621	354	366	726	594	340	598	572	647	678	317	732	756	351	453	766	664	475	413	532	792	492	403	535	
741	470	320	769	355	526	510	740	542	798	0	323	502	477	303	367	637	576	719	370	652	798	526	462	504	382	488	370	625	451	753	673	641	378	357	415	435	658	532	621	610	
716	333	490	794	670	501	468	613	705	549	323	0	349	397	498	466	637	661	658	776	748	546	377	641	618	610	429	366	662	520	382	393	686	669	762	521	493	714	771	635	679	
774	680	641	438	548	646	729	751	686	389	502	349	0	586	706	711	476	373	600	581	578	597	561	353	688	355	423	738	548	461	339	342	506	769	669	618	729	614	565	513	591	
443	376	320	395	373	467	725	487	521	370	477	397	586	0	709	656	756	565	482	789	325	392	513	527	651	590	644	568	530	338	737	627	390	782	731	613	531	641	492	569	667	
744	534	588	513	650	400	530	547	532	644	303	498	706	709	0	504	561	603	635	555	557	364	605	656	327	772	480	750	460	441	455	313	341	645	555	705	384	339	520	683	416	
650	433	379	345	786	397	629	441	301	469	367	466	711	656	504	0	430	771	387	491	395	302	668	336	457	656	572	711	724	774	498	452	770	783	544	673	630	742	749	435	468	
614	309	378	632	566	596	502	568	451	513	637	637	476	756	561	430	0	396	388	564	518	633	625	729	733	701	477	626	766	723	703	359	739	754	313	505	762	367	675	578	474	
608	325	632	435	377	737	405	772	595	621	576	661	373	565	603	771	396	0	341	496	489	420	353	387	482	734	697	366	440	398	419	383	307	552	598	726	527	496	605	430	406	
315	435	310	486	795	667	789	577	493	354	719	658	600	482	635	387	388	341	0	736	598	434	580	695	520	712	443	416	521	591	677	563	720	311	716	677	475	582	594	452	602	
715	739	674	584	761	755	632	662	687	366	370	776	581	789	555	491	564	496	736	0	473	337	323	305	483	632	450	579	505	326	656	360	691	653	454	487	489	615	454	313	326	
317	618	397	496	484	740	776	385	482	726	652	748	578	325	557	395	518	489	598	473	0	638	721	618	311	655	558	548	696	374	759	440	451	430	492	507	676	378	434	796	410	
513	566	746	608	755	688	489	792	451	594	798	546	597	392	364	302	633	420	434	337	638	0	547	348	677	329	658	454	377	646	665	658	451	754	595	305	311	363	615	445	362	
723	465	363	689	444	317	308	521	663	340	526	377	561	513	605	668	625	353	580	323	721	547	0	434	629	739	550	791	541	668	491	706	736	449	792	726	689	435	378	600	658	
309	397	747	655	453	699	596	476	322	598	462	641	353	527	656	336	729	387	695	305	618	348	434	0	745	414	674	387	347	691	325	330	638	655	761	401	553	475	365	769	645	
318	728	586	736	780	561	477	660	308	572	504	618	688	651	327	457	733	482	520	483	311	677	629	745	0	413	438	573	578	628	500	499	349	532	496	594	676	351	638	363	334	
369	524	487	509	609	596	781	776	486	647	382	610	355	590	772	656	701	734	712	632	655	329	739	414	413	0	676	610	532	702	482	453	533	408	579	367	428	313	765	760	351	
793	300	557	353	504	343	753	486	444	678	488	429	423	644	480	572	477	697	443	450	558	658	550	674	438	676	0	351	449	753	361	554	783	563	390	568	772	444	573	399	713	
754	309	703	334	674	412	387	393	726	317	370	366	738	568	750	711	626	366	416	579	548	454	791	387	573	610	351	0	778	494	539	757	316	548	641	724	498	799	476	451	382	
408	352	575	322	789	475	382	328	773	732	625	662	548	530	460	724	766	440	521	505	696	377	541	347	578	532	449	778	0	495	687	553	791	474	461	311	460	318	630	303	321	
719	387	752	722	574	692	571	672	794	756	451	520	461	338	441	774	723	398	591	326	374	646	668	691	628	702	753	494	495	0	559	334	784	667	724	343	563	657	476	734	652	
497	641	647	310	333	549	638	464	550	351	753	382	339	737	455	498	703	419	677	656	759	665	491	325	500	482	361	539	687	559	0	503	609	317	438	544	641	553	491	345	567	
571	580	534	666	453	548	534	496	708	453	673	393	342	627	313	452	359	383	563	360	440	658	706	330	499	453	554	757	553	334	503	0	728	434	582	518	313	494	362	409	536	
725	523	541	761	744	303	315	582	556	766	641	686	506	390	341	770	739	307	720	691	451	451	736	638	349	533	783	316	791	784	609	728	0	644	355	679	456	390	455	372	530	
634	799	674	422	617	542	319	582	737	664	378	669	769	782	645	783	754	552	311	653	430	754	449	655	532	408	563	548	474	667	317	434	644	0	637	433	673	583	757	707	730	
401	340	729	697	763	653	421	491	535	475	357	762	669	731	555	544	313	598	716	454	492	595	792	761	496	579	390	641	461	724	438	582	355	637	0	553	697	740	342	765	321	
679	641	744	585	434	585	341	468	659	413	415	521	618	613	705	673	505	726	677	487	507	305	726	401	594	367	568	724	311	343	544	518	679	433	553	0	775	506	356	599	474	
453	475	490	303	687	306	559	772	581	532	435	493	729	531	384	630	762	527	475	489	676	311	689	553	676	428	772	498	460	563	641	313	456	673	697	775	0	359	538	417	328	
571	343	535	762	480	675	369	665	422	792	658	714	614	641	339	742	367	496	582	615	378	363	435	475	351	313	444	799	318	657	553	494	390	583	740	506	359	0	522	752	596	
490	494	392	493	797	535	353	414	712	492	532	771	565	492	520	749	675	605	594	454	434	615	378	365	638	765	573	476	630	476	491	362	455	757	342	356	538	522	0	389	301	
316	447	333	612	442	545	325	398	457	403	621	635	513	569	683	435	578	430	452	313	796	445	600	769	363	760	399	451	303	734	345	409	372	707	765	599	417	752	389	0	724	
592	583	553	728	582	443	565	431	499	535	610	679	591	667	416	468	474	406	602	326	410	362	658	645	334	351	713	382	321	652	567	536	530	730	321	474	328	596	301	724	0	
etats
Id_Station	Poids W	Min (P)	WSPT	Priorité	
1	7	300	33,33	1	
2	5	303	33,67	2	
3	5	304	33,78	3	
4	6	308	34,22	4	
5	4	306	38,25	5	
6	9	316	39,50	6	
7	1	303	43,29	7	
8	7	304	43,43	8	
9	8	306	43,71	9	
10	5	308	44,00	10	
11	5	317	45,29	11	
12	4	318	45,43	12	
13	7	301	50,17	13	
14	9	306	51,00	14	
15	6	308	51,33	15	
16	5	300	60,00	16	
17	4	300	60,00	17	
18	2	320	64,00	18	
19	7	302	75,50	19	
20	6	307	76,75	20	
21	1	309	77,25	21	
22	2	348	87,00	22	
23	1	304	101,33	23	
24	1	304	101,33	24	
25	3	304	101,33	25	
26	8	306	102,00	26	
27	7	354	118,00	27	
28	1	302	151,00	28	
29	6	304	152,00	29	
30	4	305	152,50	30	
31	8	305	152,50	31	
32	5	300	300,00	32	
33	7	301	301,00	33	
34	2	301	301,00	34	
35	5	307	307,00	35	
36	1	310	310,00	36	
37	9	315	315,00	37	
38	5	316	316,00	38	
39	8	320	320,00	39	
40	6	333	333,00	40	
