distances
0	422	469	700	460	744	623	629	314	642	594	568	691	729	608	512	395	325	441	484	799	776	718	586	301	576	597	517	637	420	364	767	614	580	586	461	520	656	639	740	604	
422	0	517	407	636	368	421	459	525	679	385	507	639	700	535	402	474	429	401	610	502	697	489	487	626	560	566	512	415	600	777	426	345	679	727	584	305	546	382	444	386	
469	517	0	778	435	477	701	360	705	657	461	782	662	455	712	534	739	412	541	639	629	645	515	521	414	718	439	727	672	400	481	683	621	444	491	535	798	468	714	796	337	
700	407	778	0	437	627	650	373	696	600	641	327	761	308	686	625	713	597	355	438	488	536	609	477	599	353	389	440	710	354	397	516	468	396	498	700	740	538	795	308	465	
460	636	435	437	0	429	785	476	638	489	752	352	508	756	671	340	414	394	339	543	659	663	715	793	445	438	631	350	327	418	711	441	488	395	382	458	568	530	584	362	798	
744	368	477	627	429	0	440	751	582	615	389	605	371	664	513	603	319	521	559	533	398	671	632	697	456	502	550	498	547	543	684	441	499	493	533	603	668	462	314	566	471	
623	421	701	650	785	440	0	352	570	661	347	427	570	572	350	740	752	428	592	321	582	712	671	522	363	316	478	788	588	462	549	451	410	638	722	424	308	712	466	550	481	
629	459	360	373	476	751	352	0	798	301	752	348	763	595	463	480	410	771	317	420	555	530	523	609	714	589	629	409	302	492	678	506	310	301	521	552	737	695	371	788	677	
314	525	705	696	638	582	570	798	0	493	394	623	339	701	767	631	355	733	581	532	631	637	419	325	667	721	630	543	760	724	467	478	683	391	425	322	758	631	675	517	364	
642	679	657	600	489	615	661	301	493	0	714	758	494	509	671	536	442	769	765	310	632	596	694	728	748	402	763	505	336	457	772	341	446	417	505	729	680	520	486	525	443	
594	385	461	641	752	389	347	752	394	714	0	697	666	647	471	334	390	507	359	688	764	675	504	565	496	645	748	473	351	499	531	489	437	388	340	795	680	678	659	589	517	
568	507	782	327	352	605	427	348	623	758	697	0	532	503	624	689	595	403	522	329	686	463	795	328	465	345	521	317	737	505	596	319	744	482	319	461	685	405	714	711	409	
691	639	662	761	508	371	570	763	339	494	666	532	0	714	753	462	321	405	495	391	646	459	597	785	739	626	424	753	633	549	506	745	460	705	547	688	411	543	633	435	771	
729	700	455	308	756	664	572	595	701	509	647	503	714	0	353	497	300	468	340	548	437	555	435	453	577	633	729	504	384	764	738	555	372	504	427	469	389	688	638	708	602	
608	535	712	686	671	513	350	463	767	671	471	624	753	353	0	776	664	451	544	714	715	765	733	317	419	311	344	601	321	398	426	345	609	552	362	425	790	327	792	395	348	
512	402	534	625	340	603	740	480	631	536	334	689	462	497	776	0	421	584	604	561	789	730	369	536	312	612	745	777	384	748	328	320	607	609	460	571	692	437	512	535	342	
395	474	739	713	414	319	752	410	355	442	390	595	321	300	664	421	0	769	475	545	637	769	554	416	781	507	632	643	524	720	687	490	665	362	441	621	564	509	706	415	652	
325	429	412	597	394	521	428	771	733	769	507	403	405	468	451	584	769	0	426	616	521	678	479	419	473	375	528	380	605	481	541	385	444	750	576	412	687	723	562	674	370	
441	401	541	355	339	559	592	317	581	765	359	522	495	340	544	604	475	426	0	594	688	686	463	354	519	466	337	677	510	695	422	504	360	646	504	470	359	306	389	758	527	
484	610	639	438	543	533	321	420	532	310	688	329	391	548	714	561	545	616	594	0	358	498	581	448	772	473	749	333	566	665	436	555	782	436	720	798	419	520	679	499	347	
799	502	629	488	659	398	582	555	631	632	764	686	646	437	715	789	637	521	688	358	0	786	610	680	518	671	692	678	631	701	329	334	314	562	709	728	447	423	476	410	539	
776	697	645	536	663	671	712	530	637	596	675	463	459	555	765	730	769	678	686	498	786	0	634	369	607	631	438	522	696	495	367	650	694	606	792	722	574	418	317	784	753	
718	489	515	609	715	632	671	523	419	694	504	795	597	435	733	369	554	479	463	581	610	634	0	392	644	435	602	520	433	481	396	319	400	339	768	636	444	690	772	436	365	
586	487	521	477	793	697	522	609	325	728	565	328	785	453	317	536	416	419	354	448	680	369	392	0	736	346	668	378	311	339	607	714	796	776	305	428	409	772	304	716	735	
301	626	414	599	445	456	363	714	667	748	496	465	739	577	419	312	781	473	519	772	518	607	644	736	0	414	779	339	643	592	714	712	569	713	508	376	772	525	453	688	402	
576	560	718	353	438	502	316	589	721	402	645	345	626	633	311	612	507	375	466	473	671	631	435	346	414	0	468	386	538	633	746	466	408	496	385	555	429	503	405	618	570	
597	566	439	389	631	550	478	629	630	763	748	521	424	729	344	745	632	528	337	749	692	438	602	668	779	468	0	477	368	791	782	690	560	535	663	404	594	713	500	788	737	
517	512	727	440	350	498	788	409	543	505	473	317	753	504	601	777	643	380	677	333	678	522	520	378	339	386	477	0	735	446	673	522	787	609	432	781	646	441	697	410	565	
637	415	672	710	327	547	588	302	760	336	351	737	633	384	321	384	524	605	510	566	631	696	433	311	643	538	368	735	0	532	635	584	771	359	673	510	380	752	639	407	493	
420	600	400	354	418	543	462	492	724	457	499	505	549	764	398	748	720	481	695	665	701	495	481	339	592	633	791	446	532	0	661	736	310	571	794	722	331	597	548	611	547	
364	777	481	397	711	684	549	678	467	772	531	596	506	738	426	328	687	541	422	436	329	367	396	607	714	746	782	673	635	661	0	773	470	603	703	513	743	586	623	377	513	
767	426	683	516	441	441	451	506	478	341	489	319	745	555	345	320	490	385	504	555	334	650	319	714	712	466	690	522	584	736	773	0	634	650	728	311	577	740	575	708	673	
614	345	621	468	488	499	410	310	683	446	437	744	460	372	609	607	665	444	360	782	314	694	400	796	569	408	560	787	771	310	470	634	0	684	535	443	503	724	566	629	489	
580	679	444	396	395	493	638	301	391	417	388	482	705	504	552	609	362	750	646	436	562	606	339	776	713	496	535	609	359	571	603	650	684	0	680	693	404	493	590	485	368	
586	727	491	498	382	533	722	521	425	505	340	319	547	427	362	460	441	576	504	720	709	792	768	305	508	385	663	432	673	794	703	728	535	680	0	598	524	550	521	302	450	
461	584	535	700	458	603	424	552	322	729	795	461	688	469	425	571	621	412	470	798	728	722	636	428	376	555	404	781	510	722	513	311	443	693	598	0	654	411	622	357	620	
520	305	798	740	568	668	308	737	758	680	680	685	411	389	790	692	564	687	359	419	447	574	444	409	772	429	594	646	380	331	743	577	503	404	524	654	0	592	407	582	778	
656	546	468	538	530	462	712	695	631	520	678	405	543	688	327	437	509	723	306	520	423	418	690	772	525	503	713	441	752	597	586	740	724	493	550	411	592	0	440	709	763	
639	382	714	795	584	314	466	371	675	486	659	714	633	638	792	512	706	562	389	679	476	317	772	304	453	405	500	697	639	548	623	575	566	590	521	622	407	440	0	409	395	
740	444	796	308	362	566	550	788	517	525	589	711	435	708	395	535	415	674	758	499	410	784	436	716	688	618	788	410	407	611	377	708	629	485	302	357	582	709	409	0	529	
604	386	337	465	798	471	481	677	364	443	517	409	771	602	348	342	652	370	527	347	539	753	365	735	402	570	737	565	493	547	513	673	489	368	450	620	778	763	395	529	0	
etats
Id_Station	Poids W	Min (P)	WSPT	Priorité	
1	7	300	37,50	1	
2	7	302	37,75	2	
3	2	309	38,63	3	
4	5	312	39,00	4	
5	3	318	39,75	5	
6	7	301	43,00	6	
7	6	307	43,86	7	
8	9	309	44,14	8	
9	7	315	52,50	9	
10	1	353	58,83	10	
11	4	303	60,60	11	
12	6	304	60,80	12	
13	7	305	61,00	13	
14	8	319	63,80	14	
15	1	329	65,80	15	
16	4	300	75,00	16	
17	7	302	75,50	17	
18	8	304	76,00	18	
19	5	305	76,25	19	
20	8	307	76,75	20	
21	2	303	101,00	21	
22	1	309	103,00	22	
23	1	310	103,33	23	
24	4	310	103,33	24	
25	4	330	110,00	25	
26	4	301	150,50	26	
27	8	302	151,00	27	
28	5	309	154,50	28	
29	1	318	159,00	29	
30	8	318	159,00	30	
31	1	307	307,00	31	
32	9	308	308,00	32	
33	4	309	309,00	33	
34	9	311	311,00	34	
35	1	324	324,00	35	
36	1	325	325,00	36	
37	8	328	328,00	37	
38	1	335	335,00	38	
39	3	343	343,00	39	
40	4	366	366,00	40	
