distances
0	520	325	422	701	475	346	354	386	646	374	798	670	564	608	756	349	317	665	685	349	796	675	584	643	569	492	710	365	460	483	517	757	483	427	764	700	446	483	719	607	
520	0	313	506	531	706	731	483	692	423	463	547	685	756	637	622	487	714	365	308	756	433	514	374	458	703	425	474	323	743	366	484	378	465	692	315	549	386	352	429	342	
325	313	0	489	734	519	343	491	688	760	378	594	360	304	415	664	650	305	587	714	653	309	412	586	523	770	762	462	565	611	375	317	522	446	570	591	580	402	384	508	568	
422	506	489	0	574	707	332	675	671	744	759	574	372	790	400	425	719	565	722	351	392	343	789	717	630	524	372	371	682	620	652	490	387	622	758	467	630	322	562	442	780	
701	531	734	574	0	746	335	360	317	786	605	509	668	334	516	581	410	563	527	672	345	777	573	484	438	427	663	716	493	768	453	519	768	666	681	307	442	425	649	323	795	
475	706	519	707	746	0	473	531	769	588	532	588	463	384	657	362	536	385	452	753	478	458	487	546	516	504	758	384	553	540	595	454	446	589	790	644	489	649	516	458	757	
346	731	343	332	335	473	0	723	359	300	400	397	340	548	769	783	538	342	436	467	414	688	430	596	688	414	475	744	417	380	780	606	331	470	450	513	625	669	654	568	780	
354	483	491	675	360	531	723	0	355	740	539	746	514	681	616	475	357	418	374	660	648	656	423	524	358	778	662	336	483	733	770	571	556	739	615	375	475	762	367	520	349	
386	692	688	671	317	769	359	355	0	633	301	754	381	382	328	689	484	693	667	378	576	596	639	721	766	651	552	332	788	475	679	746	638	662	533	361	396	519	442	648	526	
646	423	760	744	786	588	300	740	633	0	376	358	344	755	463	663	659	456	407	758	566	525	690	495	326	462	780	599	707	786	349	683	524	723	792	312	347	387	757	374	562	
374	463	378	759	605	532	400	539	301	376	0	622	694	461	694	643	436	506	329	438	378	623	344	329	347	635	597	317	449	676	606	785	352	384	524	645	430	415	459	733	471	
798	547	594	574	509	588	397	746	754	358	622	0	541	605	733	474	767	625	369	575	785	453	317	641	508	548	318	499	345	478	365	748	627	539	563	781	473	480	695	413	348	
670	685	360	372	668	463	340	514	381	344	694	541	0	621	481	680	682	549	506	416	705	433	362	409	537	663	450	380	458	364	712	609	532	457	517	748	392	372	747	621	713	
564	756	304	790	334	384	548	681	382	755	461	605	621	0	795	631	443	726	347	404	779	456	598	750	797	405	318	381	536	501	525	686	619	793	457	435	365	756	768	758	401	
608	637	415	400	516	657	769	616	328	463	694	733	481	795	0	416	575	474	518	693	558	780	627	465	742	320	549	390	611	681	670	307	516	349	401	419	755	539	485	608	520	
756	622	664	425	581	362	783	475	689	663	643	474	680	631	416	0	596	604	438	334	662	766	395	554	453	705	313	478	793	391	546	783	734	746	646	658	547	733	628	543	635	
349	487	650	719	410	536	538	357	484	659	436	767	682	443	575	596	0	363	481	397	436	513	391	686	718	797	701	315	609	477	777	639	752	322	485	752	398	691	446	512	490	
317	714	305	565	563	385	342	418	693	456	506	625	549	726	474	604	363	0	703	520	453	561	540	463	565	765	456	441	482	545	508	347	381	619	513	330	428	617	617	743	365	
665	365	587	722	527	452	436	374	667	407	329	369	506	347	518	438	481	703	0	324	308	370	731	647	405	757	642	612	408	569	514	741	775	677	316	624	668	603	642	651	761	
685	308	714	351	672	753	467	660	378	758	438	575	416	404	693	334	397	520	324	0	592	779	300	754	617	373	396	770	708	669	493	301	301	502	636	598	638	318	422	395	481	
349	756	653	392	345	478	414	648	576	566	378	785	705	779	558	662	436	453	308	592	0	426	683	667	574	697	374	572	372	504	705	323	453	550	642	475	780	528	696	693	343	
796	433	309	343	777	458	688	656	596	525	623	453	433	456	780	766	513	561	370	779	426	0	530	417	593	778	591	314	698	356	684	549	337	325	792	456	675	500	498	537	574	
675	514	412	789	573	487	430	423	639	690	344	317	362	598	627	395	391	540	731	300	683	530	0	648	723	532	408	533	430	586	562	311	637	656	429	499	551	633	571	569	354	
584	374	586	717	484	546	596	524	721	495	329	641	409	750	465	554	686	463	647	754	667	417	648	0	735	726	486	650	316	486	656	459	434	748	312	306	361	695	702	352	700	
643	458	523	630	438	516	688	358	766	326	347	508	537	797	742	453	718	565	405	617	574	593	723	735	0	392	734	769	424	499	594	702	686	473	353	452	754	680	649	645	787	
569	703	770	524	427	504	414	778	651	462	635	548	663	405	320	705	797	765	757	373	697	778	532	726	392	0	396	407	700	641	493	672	797	324	630	561	774	566	485	425	465	
492	425	762	372	663	758	475	662	552	780	597	318	450	318	549	313	701	456	642	396	374	591	408	486	734	396	0	493	749	464	526	689	533	777	334	557	393	564	645	320	525	
710	474	462	371	716	384	744	336	332	599	317	499	380	381	390	478	315	441	612	770	572	314	533	650	769	407	493	0	318	471	306	681	497	325	438	634	666	613	463	739	596	
365	323	565	682	493	553	417	483	788	707	449	345	458	536	611	793	609	482	408	708	372	698	430	316	424	700	749	318	0	325	739	512	313	672	468	508	679	424	771	554	529	
460	743	611	620	768	540	380	733	475	786	676	478	364	501	681	391	477	545	569	669	504	356	586	486	499	641	464	471	325	0	671	328	505	624	764	598	461	529	464	680	712	
483	366	375	652	453	595	780	770	679	349	606	365	712	525	670	546	777	508	514	493	705	684	562	656	594	493	526	306	739	671	0	767	442	565	615	596	627	425	356	333	527	
517	484	317	490	519	454	606	571	746	683	785	748	609	686	307	783	639	347	741	301	323	549	311	459	702	672	689	681	512	328	767	0	532	406	463	402	530	563	363	706	529	
757	378	522	387	768	446	331	556	638	524	352	627	532	619	516	734	752	381	775	301	453	337	637	434	686	797	533	497	313	505	442	532	0	570	608	445	477	743	768	642	792	
483	465	446	622	666	589	470	739	662	723	384	539	457	793	349	746	322	619	677	502	550	325	656	748	473	324	777	325	672	624	565	406	570	0	404	319	482	798	411	739	668	
427	692	570	758	681	790	450	615	533	792	524	563	517	457	401	646	485	513	316	636	642	792	429	312	353	630	334	438	468	764	615	463	608	404	0	435	311	580	345	693	365	
764	315	591	467	307	644	513	375	361	312	645	781	748	435	419	658	752	330	624	598	475	456	499	306	452	561	557	634	508	598	596	402	445	319	435	0	495	695	351	411	529	
700	549	580	630	442	489	625	475	396	347	430	473	392	365	755	547	398	428	668	638	780	675	551	361	754	774	393	666	679	461	627	530	477	482	311	495	0	369	563	781	368	
446	386	402	322	425	649	669	762	519	387	415	480	372	756	539	733	691	617	603	318	528	500	633	695	680	566	564	613	424	529	425	563	743	798	580	695	369	0	449	379	328	
483	352	384	562	649	516	654	367	442	757	459	695	747	768	485	628	446	617	642	422	696	498	571	702	649	485	645	463	771	464	356	363	768	411	345	351	563	449	0	448	705	
719	429	508	442	323	458	568	520	648	374	733	413	621	758	608	543	512	743	651	395	693	537	569	352	645	425	320	739	554	680	333	706	642	739	693	411	781	379	448	0	454	
607	342	568	780	795	757	780	349	526	562	471	348	713	401	520	635	490	365	761	481	343	574	354	700	787	465	525	596	529	712	527	529	792	668	365	529	368	328	705	454	0	
etats
Id_Station	Poids W	Min (P)	WSPT	Priorité	
1	2	302	33,56	1	
2	5	319	35,44	2	
3	1	304	38,00	3	
4	4	305	38,13	4	
5	3	308	38,50	5	
6	8	349	38,78	6	
7	2	334	41,75	7	
8	2	301	43,00	8	
9	8	302	43,14	9	
10	5	301	50,17	10	
11	1	301	50,17	11	
12	3	302	50,33	12	
13	1	304	50,67	13	
14	4	307	51,17	14	
15	2	315	52,50	15	
16	3	319	53,17	16	
17	9	303	60,60	17	
18	6	308	61,60	18	
19	3	309	61,80	19	
20	1	310	62,00	20	
21	1	312	62,40	21	
22	7	322	64,40	22	
23	4	323	64,60	23	
24	7	305	76,25	24	
25	5	331	82,75	25	
26	3	303	101,00	26	
27	8	306	102,00	27	
28	9	301	150,50	28	
29	1	306	153,00	29	
30	8	316	158,00	30	
31	6	331	165,50	31	
32	6	333	166,50	32	
33	1	302	302,00	33	
34	9	302	302,00	34	
35	6	302	302,00	35	
36	8	304	304,00	36	
37	1	306	306,00	37	
38	6	308	308,00	38	
39	8	310	310,00	39	
40	8	314	314,00	40	

