distances
0	761	600	650	563	726	678	463	471	719	566	384	646	575	760	636	434	798	799	321	378	485	647	339	691	781	635	687	383	540	773	644	315	430	312	498	588	403	362	658	388	
761	0	337	591	774	427	446	589	744	451	765	344	519	638	330	521	676	548	791	605	566	563	354	784	494	415	340	568	388	595	369	432	537	686	641	573	606	589	432	554	386	
600	337	0	638	430	341	684	409	564	468	575	589	667	532	371	708	690	302	337	390	353	442	681	658	460	544	763	550	695	765	327	558	717	339	418	348	686	648	581	774	466	
650	591	638	0	729	350	509	647	438	756	418	464	312	543	795	684	423	686	379	584	492	618	675	778	757	446	617	589	420	629	770	353	755	385	347	628	499	678	428	774	702	
563	774	430	729	0	335	651	478	673	569	402	499	486	398	595	488	750	409	636	361	304	483	433	744	421	446	676	433	377	467	522	441	337	442	492	722	574	697	581	516	567	
726	427	341	350	335	0	425	492	450	538	514	598	779	545	550	734	606	425	466	338	469	735	520	774	599	742	616	502	786	537	662	499	714	400	548	354	601	689	692	664	504	
678	446	684	509	651	425	0	680	448	583	628	496	768	655	565	374	794	374	715	507	484	334	515	743	574	733	329	372	325	662	699	392	601	685	403	341	397	783	770	434	539	
463	589	409	647	478	492	680	0	622	752	326	386	531	735	753	491	776	429	534	464	612	665	659	494	319	759	696	421	475	533	734	660	358	740	401	339	591	790	631	649	635	
471	744	564	438	673	450	448	622	0	473	309	794	773	408	534	704	501	316	764	311	775	558	397	558	654	499	469	519	736	591	376	417	739	600	356	393	439	689	500	728	758	
719	451	468	756	569	538	583	752	473	0	713	427	600	714	493	573	310	748	428	574	683	650	476	716	509	658	751	488	528	480	729	713	712	629	595	614	703	686	465	422	689	
566	765	575	418	402	514	628	326	309	713	0	530	600	775	334	309	421	502	497	743	600	430	326	415	668	362	713	377	524	368	499	601	619	367	710	655	677	724	740	570	397	
384	344	589	464	499	598	496	386	794	427	530	0	669	719	750	471	470	501	348	360	756	713	542	689	477	608	343	454	754	618	606	626	516	643	604	641	522	389	413	553	413	
646	519	667	312	486	779	768	531	773	600	600	669	0	570	662	555	396	628	372	611	744	302	717	578	353	617	507	750	459	632	404	446	686	613	473	550	652	493	301	366	667	
575	638	532	543	398	545	655	735	408	714	775	719	570	0	404	686	575	563	564	315	563	697	632	518	469	463	479	500	766	394	703	682	507	496	417	555	328	354	741	557	441	
760	330	371	795	595	550	565	753	534	493	334	750	662	404	0	677	487	618	309	472	581	309	542	790	590	589	581	690	451	767	798	438	509	702	573	729	792	763	731	732	444	
636	521	708	684	488	734	374	491	704	573	309	471	555	686	677	0	599	407	669	527	687	700	740	329	709	765	456	534	410	367	673	444	464	320	530	438	461	743	746	479	558	
434	676	690	423	750	606	794	776	501	310	421	470	396	575	487	599	0	633	327	374	773	714	536	575	450	601	551	504	613	420	418	424	716	674	714	525	713	500	388	739	722	
798	548	302	686	409	425	374	429	316	748	502	501	628	563	618	407	633	0	548	512	527	650	520	695	457	463	426	671	789	798	667	580	501	350	359	404	649	767	487	384	422	
799	791	337	379	636	466	715	534	764	428	497	348	372	564	309	669	327	548	0	565	743	604	533	430	727	413	732	535	794	504	403	394	380	481	305	410	378	517	694	574	580	
321	605	390	584	361	338	507	464	311	574	743	360	611	315	472	527	374	512	565	0	360	740	781	757	377	403	640	389	318	565	360	354	453	780	565	634	531	692	766	463	623	
378	566	353	492	304	469	484	612	775	683	600	756	744	563	581	687	773	527	743	360	0	611	309	539	654	488	745	324	674	631	735	623	653	623	740	514	640	764	569	610	406	
485	563	442	618	483	735	334	665	558	650	430	713	302	697	309	700	714	650	604	740	611	0	440	407	453	307	792	613	667	765	671	502	489	593	316	596	612	468	639	707	395	
647	354	681	675	433	520	515	659	397	476	326	542	717	632	542	740	536	520	533	781	309	440	0	337	540	518	567	518	336	412	495	367	536	606	362	563	371	338	379	631	366	
339	784	658	778	744	774	743	494	558	716	415	689	578	518	790	329	575	695	430	757	539	407	337	0	517	338	799	566	558	706	377	791	694	653	452	721	343	635	367	507	754	
691	494	460	757	421	599	574	319	654	509	668	477	353	469	590	709	450	457	727	377	654	453	540	517	0	318	757	748	537	360	629	710	390	434	466	531	746	564	515	653	790	
781	415	544	446	446	742	733	759	499	658	362	608	617	463	589	765	601	463	413	403	488	307	518	338	318	0	560	326	629	519	350	778	504	507	399	475	682	778	487	688	581	
635	340	763	617	676	616	329	696	469	751	713	343	507	479	581	456	551	426	732	640	745	792	567	799	757	560	0	628	712	512	579	499	435	637	640	362	796	300	327	542	769	
687	568	550	589	433	502	372	421	519	488	377	454	750	500	690	534	504	671	535	389	324	613	518	566	748	326	628	0	397	701	633	370	779	360	470	459	470	717	793	772	634	
383	388	695	420	377	786	325	475	736	528	524	754	459	766	451	410	613	789	794	318	674	667	336	558	537	629	712	397	0	426	342	775	408	759	498	307	526	520	330	648	732	
540	595	765	629	467	537	662	533	591	480	368	618	632	394	767	367	420	798	504	565	631	765	412	706	360	519	512	701	426	0	303	772	443	379	365	744	680	750	544	500	648	
773	369	327	770	522	662	699	734	376	729	499	606	404	703	798	673	418	667	403	360	735	671	495	377	629	350	579	633	342	303	0	448	308	743	450	738	629	312	429	569	624	
644	432	558	353	441	499	392	660	417	713	601	626	446	682	438	444	424	580	394	354	623	502	367	791	710	778	499	370	775	772	448	0	764	695	488	767	432	394	662	372	660	
315	537	717	755	337	714	601	358	739	712	619	516	686	507	509	464	716	501	380	453	653	489	536	694	390	504	435	779	408	443	308	764	0	791	454	761	560	460	733	588	794	
430	686	339	385	442	400	685	740	600	629	367	643	613	496	702	320	674	350	481	780	623	593	606	653	434	507	637	360	759	379	743	695	791	0	499	487	441	391	550	798	318	
312	641	418	347	492	548	403	401	356	595	710	604	473	417	573	530	714	359	305	565	740	316	362	452	466	399	640	470	498	365	450	488	454	499	0	654	443	386	543	597	724	
498	573	348	628	722	354	341	339	393	614	655	641	550	555	729	438	525	404	410	634	514	596	563	721	531	475	362	459	307	744	738	767	761	487	654	0	534	714	430	531	548	
588	606	686	499	574	601	397	591	439	703	677	522	652	328	792	461	713	649	378	531	640	612	371	343	746	682	796	470	526	680	629	432	560	441	443	534	0	388	552	768	677	
403	589	648	678	697	689	783	790	689	686	724	389	493	354	763	743	500	767	517	692	764	468	338	635	564	778	300	717	520	750	312	394	460	391	386	714	388	0	693	508	668	
362	432	581	428	581	692	770	631	500	465	740	413	301	741	731	746	388	487	694	766	569	639	379	367	515	487	327	793	330	544	429	662	733	550	543	430	552	693	0	795	738	
658	554	774	774	516	664	434	649	728	422	570	553	366	557	732	479	739	384	574	463	610	707	631	507	653	688	542	772	648	500	569	372	588	798	597	531	768	508	795	0	446	
388	386	466	702	567	504	539	635	758	689	397	413	667	441	444	558	722	422	580	623	406	395	366	754	790	581	769	634	732	648	624	660	794	318	724	548	677	668	738	446	0	
etats
Id_Station	Poids W	Min (P)	WSPT	Priorité	
1	3	305	33,89	1	
2	4	307	34,11	2	
3	8	311	34,56	3	
4	4	300	37,50	4	
5	1	307	38,38	5	
6	1	308	38,50	6	
7	5	311	38,88	7	
8	3	326	46,57	8	
9	3	328	46,86	9	
10	7	328	46,86	10	
11	1	329	47,00	11	
12	7	311	51,83	12	
13	6	315	52,50	13	
14	2	300	60,00	14	
15	1	307	61,40	15	
16	3	309	61,80	16	
17	2	323	64,60	17	
18	5	326	65,20	18	
19	1	327	65,40	19	
20	5	338	67,60	20	
21	8	313	78,25	21	
22	8	316	79,00	22	
23	5	305	101,67	23	
24	2	313	104,33	24	
25	1	315	105,00	25	
26	4	320	106,67	26	
27	1	303	151,50	27	
28	7	305	152,50	28	
29	5	309	154,50	29	
30	3	327	163,50	30	
31	6	329	164,50	31	
32	1	333	166,50	32	
33	8	339	169,50	33	
34	4	347	173,50	34	
35	4	303	303,00	35	
36	1	303	303,00	36	
37	8	309	309,00	37	
38	2	315	315,00	38	
39	1	326	326,00	39	
40	2	342	342,00	40	

