distances
0	507	561	626	477	523	426	557	554	660	543	503	713	454	317	453	634	722	408	523	492	417	770	591	685	634	520	669	505	515	502	507	363	459	700	562	504	438	479	456	742	
507	0	629	309	476	778	519	695	469	591	368	619	514	702	305	339	318	637	620	512	632	765	616	752	388	702	374	452	629	635	607	398	464	753	337	596	611	498	313	785	657	
561	629	0	593	555	623	758	614	663	746	311	706	436	511	431	307	447	778	730	671	583	577	753	405	619	557	689	441	680	708	640	370	484	668	749	572	470	792	776	762	785	
626	309	593	0	316	444	461	497	623	496	636	788	536	416	385	537	586	530	313	661	578	486	461	357	553	548	622	306	656	701	330	695	438	535	657	715	404	698	789	573	627	
477	476	555	316	0	300	354	684	671	770	703	793	605	352	724	648	647	374	634	541	302	791	484	468	394	307	656	334	640	432	747	728	406	581	351	599	540	740	722	628	336	
523	778	623	444	300	0	337	332	334	562	616	569	790	752	547	571	661	312	550	327	373	559	506	483	531	792	510	502	577	718	713	697	657	432	330	399	429	774	723	792	573	
426	519	758	461	354	337	0	380	655	551	574	605	584	474	396	359	603	424	373	707	739	539	502	328	326	422	788	669	728	696	401	301	710	402	396	367	610	324	477	629	594	
557	695	614	497	684	332	380	0	554	470	630	480	625	681	478	391	648	700	694	350	629	727	706	541	312	527	712	610	640	330	369	609	795	775	735	399	786	632	502	666	544	
554	469	663	623	671	334	655	554	0	664	342	338	747	350	468	565	788	462	571	378	725	768	747	656	346	304	627	531	343	736	758	330	518	498	613	753	520	731	399	438	799	
660	591	746	496	770	562	551	470	664	0	451	794	694	787	303	340	735	734	549	496	791	327	634	471	553	477	303	646	549	700	381	335	746	410	688	364	505	513	789	550	358	
543	368	311	636	703	616	574	630	342	451	0	699	641	440	728	384	355	465	688	640	547	343	570	604	731	722	343	700	332	499	576	346	596	749	384	375	781	553	468	727	542	
503	619	706	788	793	569	605	480	338	794	699	0	579	616	344	531	304	371	431	624	636	345	436	675	306	577	666	382	635	632	680	378	439	337	641	315	745	343	461	782	335	
713	514	436	536	605	790	584	625	747	694	641	579	0	661	525	338	303	761	617	378	782	663	369	356	527	308	355	492	441	745	573	670	575	318	478	696	445	388	717	646	420	
454	702	511	416	352	752	474	681	350	787	440	616	661	0	679	649	462	568	549	664	488	356	617	606	611	659	403	432	733	763	445	583	592	568	392	784	325	484	789	407	388	
317	305	431	385	724	547	396	478	468	303	728	344	525	679	0	425	451	458	343	329	551	358	362	422	339	616	571	773	325	342	473	461	401	419	544	426	500	590	659	670	751	
453	339	307	537	648	571	359	391	565	340	384	531	338	649	425	0	347	595	742	595	671	465	685	656	432	373	411	562	683	305	610	502	751	704	784	353	539	441	346	446	649	
634	318	447	586	647	661	603	648	788	735	355	304	303	462	451	347	0	729	579	434	309	541	448	658	579	351	448	376	421	417	575	682	700	789	485	788	563	773	621	579	753	
722	637	778	530	374	312	424	700	462	734	465	371	761	568	458	595	729	0	546	388	417	495	385	337	607	738	394	703	611	640	713	598	684	548	684	782	419	751	520	530	318	
408	620	730	313	634	550	373	694	571	549	688	431	617	549	343	742	579	546	0	402	715	634	690	754	717	315	799	786	521	475	613	590	343	641	625	657	422	642	612	306	701	
523	512	671	661	541	327	707	350	378	496	640	624	378	664	329	595	434	388	402	0	440	322	423	514	456	574	782	685	480	492	394	355	687	603	349	596	677	410	638	492	328	
492	632	583	578	302	373	739	629	725	791	547	636	782	488	551	671	309	417	715	440	0	409	367	715	345	498	406	780	711	763	776	687	656	522	594	428	643	304	626	358	626	
417	765	577	486	791	559	539	727	768	327	343	345	663	356	358	465	541	495	634	322	409	0	753	797	303	310	333	431	439	374	508	698	575	489	388	668	760	599	365	418	359	
770	616	753	461	484	506	502	706	747	634	570	436	369	617	362	685	448	385	690	423	367	753	0	526	700	579	427	499	476	440	546	799	752	667	612	576	377	674	336	544	642	
591	752	405	357	468	483	328	541	656	471	604	675	356	606	422	656	658	337	754	514	715	797	526	0	506	429	417	676	372	335	447	669	711	646	325	468	444	303	521	721	706	
685	388	619	553	394	531	326	312	346	553	731	306	527	611	339	432	579	607	717	456	345	303	700	506	0	474	466	536	590	641	545	500	705	411	585	340	741	360	582	335	437	
634	702	557	548	307	792	422	527	304	477	722	577	308	659	616	373	351	738	315	574	498	310	579	429	474	0	316	313	747	715	789	420	389	637	366	642	590	698	572	737	679	
520	374	689	622	656	510	788	712	627	303	343	666	355	403	571	411	448	394	799	782	406	333	427	417	466	316	0	664	316	654	528	531	740	379	742	742	465	491	626	515	323	
669	452	441	306	334	502	669	610	531	646	700	382	492	432	773	562	376	703	786	685	780	431	499	676	536	313	664	0	618	692	628	799	369	312	765	411	398	425	394	670	753	
505	629	680	656	640	577	728	640	343	549	332	635	441	733	325	683	421	611	521	480	711	439	476	372	590	747	316	618	0	309	331	494	630	322	654	594	483	613	650	725	657	
515	635	708	701	432	718	696	330	736	700	499	632	745	763	342	305	417	640	475	492	763	374	440	335	641	715	654	692	309	0	417	668	338	765	704	493	669	349	412	728	499	
502	607	640	330	747	713	401	369	758	381	576	680	573	445	473	610	575	713	613	394	776	508	546	447	545	789	528	628	331	417	0	322	345	757	797	331	539	613	590	319	522	
507	398	370	695	728	697	301	609	330	335	346	378	670	583	461	502	682	598	590	355	687	698	799	669	500	420	531	799	494	668	322	0	416	524	440	717	301	326	726	356	797	
363	464	484	438	406	657	710	795	518	746	596	439	575	592	401	751	700	684	343	687	656	575	752	711	705	389	740	369	630	338	345	416	0	757	647	342	381	390	475	393	678	
459	753	668	535	581	432	402	775	498	410	749	337	318	568	419	704	789	548	641	603	522	489	667	646	411	637	379	312	322	765	757	524	757	0	487	602	400	566	723	467	594	
700	337	749	657	351	330	396	735	613	688	384	641	478	392	544	784	485	684	625	349	594	388	612	325	585	366	742	765	654	704	797	440	647	487	0	582	466	487	483	486	571	
562	596	572	715	599	399	367	399	753	364	375	315	696	784	426	353	788	782	657	596	428	668	576	468	340	642	742	411	594	493	331	717	342	602	582	0	523	461	608	560	722	
504	611	470	404	540	429	610	786	520	505	781	745	445	325	500	539	563	419	422	677	643	760	377	444	741	590	465	398	483	669	539	301	381	400	466	523	0	446	440	776	664	
438	498	792	698	740	774	324	632	731	513	553	343	388	484	590	441	773	751	642	410	304	599	674	303	360	698	491	425	613	349	613	326	390	566	487	461	446	0	370	364	629	
479	313	776	789	722	723	477	502	399	789	468	461	717	789	659	346	621	520	612	638	626	365	336	521	582	572	626	394	650	412	590	726	475	723	483	608	440	370	0	460	748	
456	785	762	573	628	792	629	666	438	550	727	782	646	407	670	446	579	530	306	492	358	418	544	721	335	737	515	670	725	728	319	356	393	467	486	560	776	364	460	0	632	
742	657	785	627	336	573	594	544	799	358	542	335	420	388	751	649	753	318	701	328	626	359	642	706	437	679	323	753	657	499	522	797	678	594	571	722	664	629	748	632	0	
etats
Id_Station	Poids W	Min (P)	WSPT	Priorité	
1	7	301	33,44	1	
2	6	315	35,00	2	
3	6	305	38,13	3	
4	5	309	38,63	4	
5	1	341	42,63	5	
6	1	308	44,00	6	
7	4	319	45,57	7	
8	3	344	49,14	8	
9	1	301	50,17	9	
10	1	306	51,00	10	
11	6	300	60,00	11	
12	5	309	61,80	12	
13	1	318	63,60	13	
14	2	323	64,60	14	
15	6	333	66,60	15	
16	6	304	76,00	16	
17	1	306	76,50	17	
18	9	309	103,00	18	
19	6	316	105,33	19	
20	1	318	106,00	20	
21	3	349	116,33	21	
22	2	302	151,00	22	
23	8	302	151,00	23	
24	7	303	151,50	24	
25	6	303	151,50	25	
26	5	305	152,50	26	
27	1	306	153,00	27	
28	8	334	167,00	28	
29	8	300	300,00	29	
30	1	302	302,00	30	
31	2	303	303,00	31	
32	8	303	303,00	32	
33	1	303	303,00	33	
34	8	305	305,00	34	
35	2	310	310,00	35	
36	1	311	311,00	36	
37	4	316	316,00	37	
38	4	317	317,00	38	
39	2	326	326,00	39	
40	5	326	326,00	40	

