distances
0	318	716	343	413	790	785	394	506	652	708	731	553	653	559	525	370	598	531	632	784	421	560	305	411	430	519	379	367	507	755	534	699	349	774	791	576	498	548	672	688	548	705	640	681	789	682	526	606	794	720	388	692	558	543	654	439	418	502	362	758	
318	0	530	673	386	331	690	483	433	721	775	723	392	627	709	433	597	684	719	745	679	746	508	748	729	480	382	394	451	609	500	650	517	346	584	761	591	780	689	570	560	345	312	444	695	470	507	500	373	348	508	722	673	622	317	482	509	456	680	344	427	
716	530	0	332	497	671	367	598	715	437	593	770	583	593	326	347	449	570	381	796	520	744	654	699	532	458	533	598	486	743	773	741	696	690	619	381	304	352	670	403	347	767	633	627	703	479	391	707	682	498	535	436	325	350	792	551	690	509	609	672	597	
343	673	332	0	763	666	647	760	551	631	578	696	561	400	719	663	329	457	445	724	531	452	366	687	752	452	677	371	323	554	355	515	736	593	404	751	771	573	551	437	515	748	389	345	797	687	621	318	598	363	795	452	736	302	376	377	729	561	600	389	438	
413	386	497	763	0	700	330	477	593	780	332	410	798	438	544	652	695	448	564	435	351	551	433	573	784	305	479	490	758	736	343	522	601	727	754	620	322	375	614	727	494	653	355	525	580	302	307	384	550	797	327	407	781	467	454	507	580	704	359	670	558	
790	331	671	666	700	0	738	498	510	329	704	472	611	699	308	729	311	649	507	406	627	609	342	656	319	539	762	661	511	672	330	688	717	404	742	624	515	553	630	531	300	597	460	721	309	308	513	524	444	665	564	354	527	675	457	544	405	346	712	715	607	
785	690	367	647	330	738	0	691	585	551	467	554	632	470	637	745	720	517	447	565	640	765	518	798	488	574	759	311	334	339	645	434	657	711	637	337	627	670	463	435	761	455	486	400	396	781	547	735	745	717	438	608	357	729	700	794	431	563	565	424	673	
394	483	598	760	477	498	691	0	422	500	666	366	431	652	614	591	778	474	370	491	518	643	722	751	604	559	314	686	769	627	480	391	595	420	719	407	325	783	413	768	334	442	786	675	634	640	416	470	473	341	499	519	687	412	444	709	401	704	513	456	346	
506	433	715	551	593	510	585	422	0	599	434	398	456	396	668	504	424	589	375	751	363	500	775	750	553	722	517	538	348	501	592	493	570	545	361	567	796	525	679	580	544	326	340	677	344	434	413	600	452	432	513	638	576	674	357	544	509	414	727	708	650	
652	721	437	631	780	329	551	500	599	0	395	711	344	348	691	741	798	645	546	728	654	607	699	652	449	310	425	697	799	309	411	372	398	739	402	694	577	428	551	368	730	638	580	607	697	704	493	547	486	316	391	542	778	642	352	626	355	661	428	475	797	
708	775	593	578	332	704	467	666	434	395	0	442	796	573	414	680	487	442	643	763	680	452	410	387	757	680	780	524	476	442	333	623	514	433	660	722	451	409	323	719	592	532	429	486	738	436	405	716	659	318	700	342	730	636	796	508	495	795	777	794	451	
731	723	770	696	410	472	554	366	398	711	442	0	312	684	395	309	760	520	448	599	441	613	613	463	375	535	642	574	778	420	488	379	306	756	405	654	520	516	435	578	710	614	624	695	549	578	691	539	428	334	655	707	726	687	318	364	427	574	379	330	368	
553	392	583	561	798	611	632	431	456	344	796	312	0	485	363	316	797	324	656	376	384	489	673	767	679	546	747	636	706	548	569	617	582	797	559	443	662	443	580	480	777	672	505	787	515	397	667	736	369	704	315	418	627	673	377	398	475	422	579	575	410	
653	627	593	400	438	699	470	652	396	348	573	684	485	0	382	610	584	533	518	326	675	357	604	312	793	453	315	405	410	481	562	715	646	578	380	346	345	798	556	450	712	631	707	432	634	328	697	356	602	656	622	485	513	317	704	360	724	432	764	615	788	
559	709	326	719	544	308	637	614	668	691	414	395	363	382	0	354	584	562	707	676	786	763	735	722	558	789	485	664	462	611	477	507	302	545	585	435	611	475	434	610	434	574	582	627	369	345	608	335	495	550	607	370	614	772	675	432	359	604	325	556	318	
525	433	347	663	652	729	745	591	504	741	680	309	316	610	354	0	343	440	548	315	754	414	376	363	355	462	529	769	759	620	649	783	721	625	788	374	741	450	794	309	748	756	374	794	501	321	748	309	696	678	353	673	500	690	738	453	388	580	374	675	387	
370	597	449	329	695	311	720	778	424	798	487	760	797	584	584	343	0	326	418	746	502	454	313	732	618	686	304	687	341	606	627	715	653	685	792	601	378	348	504	358	523	347	485	377	690	333	707	658	708	477	751	745	503	446	357	679	623	721	465	500	737	
598	684	570	457	448	649	517	474	589	645	442	520	324	533	562	440	326	0	647	666	628	415	562	458	748	489	432	621	786	437	360	580	788	640	739	462	443	655	659	382	465	727	662	512	437	726	358	609	330	527	690	512	539	505	737	498	759	772	410	766	714	
531	719	381	445	564	507	447	370	375	546	643	448	656	518	707	548	418	647	0	744	720	348	541	593	524	490	478	724	591	304	464	423	637	307	547	419	472	444	482	799	464	666	637	635	646	462	316	631	314	531	665	770	430	362	722	582	685	374	536	459	515	
632	745	796	724	435	406	565	491	751	728	763	599	376	326	676	315	746	666	744	0	735	521	742	453	634	484	716	611	523	395	577	302	597	611	350	436	510	482	352	701	677	625	379	765	525	570	481	431	389	565	708	556	769	318	760	597	713	636	648	509	733	
784	679	520	531	351	627	640	518	363	654	680	441	384	675	786	754	502	628	720	735	0	410	760	480	637	473	629	586	738	792	456	723	408	565	329	400	700	720	378	333	431	664	678	791	441	550	477	323	506	360	486	518	406	529	419	741	764	577	518	434	318	
421	746	744	452	551	609	765	643	500	607	452	613	489	357	763	414	454	415	348	521	410	0	653	773	320	473	338	579	442	369	764	371	799	770	368	507	322	320	444	491	409	756	626	749	596	319	677	796	337	329	438	772	670	583	641	386	467	799	641	560	692	
560	508	654	366	433	342	518	722	775	699	410	613	673	604	735	376	313	562	541	742	760	653	0	560	469	583	516	678	633	373	642	448	466	589	427	565	579	627	305	749	798	684	563	727	347	784	647	790	761	710	340	683	734	573	398	556	324	687	772	595	770	
305	748	699	687	573	656	798	751	750	652	387	463	767	312	722	363	732	458	593	453	480	773	560	0	539	629	456	538	460	421	773	725	612	478	347	375	750	533	444	417	449	468	410	645	774	327	736	614	432	684	647	758	307	490	686	770	668	536	615	783	668	
411	729	532	752	784	319	488	604	553	449	757	375	679	793	558	355	618	748	524	634	637	320	469	539	0	605	508	565	502	694	475	394	549	338	715	684	631	384	666	370	686	756	407	488	454	509	672	777	440	638	612	421	572	403	305	383	347	739	780	749	456	
430	480	458	452	305	539	574	559	722	310	680	535	546	453	789	462	686	489	490	484	473	473	583	629	605	0	631	799	756	449	343	373	678	498	758	668	368	710	565	741	414	623	565	783	301	413	735	623	458	774	687	643	363	492	322	394	392	796	600	738	718	
519	382	533	677	479	762	759	314	517	425	780	642	747	315	485	529	304	432	478	716	629	338	516	456	508	631	0	699	409	697	450	711	593	340	733	786	301	404	479	376	359	313	430	705	762	557	418	778	724	688	520	456	393	556	602	659	756	489	328	552	708	
379	394	598	371	490	661	311	686	538	697	524	574	636	405	664	769	687	621	724	611	586	579	678	538	565	799	699	0	475	625	486	408	636	671	346	697	604	711	731	753	735	551	792	598	360	533	766	687	655	698	554	693	492	338	330	731	519	416	495	417	554	
367	451	486	323	758	511	334	769	348	799	476	778	706	410	462	759	341	786	591	523	738	442	633	460	502	756	409	475	0	661	710	454	492	468	749	444	345	430	329	704	472	326	506	642	395	451	755	625	524	734	519	584	780	655	707	753	551	749	552	523	554	
507	609	743	554	736	672	339	627	501	309	442	420	548	481	611	620	606	437	304	395	792	369	373	421	694	449	697	625	661	0	694	673	613	731	393	591	628	749	592	619	431	629	700	676	425	383	667	542	791	323	358	342	555	542	772	379	301	511	719	407	781	
755	500	773	355	343	330	645	480	592	411	333	488	569	562	477	649	627	360	464	577	456	764	642	773	475	343	450	486	710	694	0	445	635	746	589	385	797	563	765	488	543	562	412	671	545	798	604	790	542	480	398	584	726	557	654	780	462	428	721	724	652	
534	650	741	515	522	688	434	391	493	372	623	379	617	715	507	783	715	580	423	302	723	371	448	725	394	373	711	408	454	673	445	0	467	321	437	300	546	765	555	529	678	424	760	766	653	372	303	592	577	364	701	353	530	604	580	315	336	488	542	489	761	
699	517	696	736	601	717	657	595	570	398	514	306	582	646	302	721	653	788	637	597	408	799	466	612	549	678	593	636	492	613	635	467	0	520	524	782	734	695	534	700	685	431	319	420	303	694	635	442	723	522	608	308	779	563	445	380	406	703	548	312	373	
349	346	690	593	727	404	711	420	545	739	433	756	797	578	545	625	685	640	307	611	565	770	589	478	338	498	340	671	468	731	746	321	520	0	595	311	479	508	405	327	432	422	560	791	740	567	711	512	745	553	478	556	757	680	419	580	586	530	422	663	345	
774	584	619	404	754	742	637	719	361	402	660	405	559	380	585	788	792	739	547	350	329	368	427	347	715	758	733	346	749	393	589	437	524	595	0	322	740	773	731	501	580	565	427	719	743	392	641	562	671	445	618	379	416	550	456	687	364	572	595	631	346	
791	761	381	751	620	624	337	407	567	694	722	654	443	346	435	374	601	462	419	436	400	507	565	375	684	668	786	697	444	591	385	300	782	311	322	0	634	511	388	486	450	720	700	537	307	780	683	446	727	521	497	484	679	764	609	798	666	457	694	506	519	
576	591	304	771	322	515	627	325	796	577	451	520	662	345	611	741	378	443	472	510	700	322	579	750	631	368	301	604	345	628	797	546	734	479	740	634	0	723	334	535	300	597	522	312	364	686	708	453	570	766	571	506	704	708	492	629	757	744	504	753	710	
498	780	352	573	375	553	670	783	525	428	409	516	443	798	475	450	348	655	444	482	720	320	627	533	384	710	404	711	430	749	563	765	695	508	773	511	723	0	369	692	568	443	404	783	675	526	605	448	416	524	485	531	625	658	596	646	696	304	482	347	327	
548	689	670	551	614	630	463	413	679	551	323	435	580	556	434	794	504	659	482	352	378	444	305	444	666	565	479	731	329	592	765	555	534	405	731	388	334	369	0	396	480	626	486	471	645	761	560	325	443	453	504	726	673	537	535	646	462	638	355	459	690	
672	570	403	437	727	531	435	768	580	368	719	578	480	450	610	309	358	382	799	701	333	491	749	417	370	741	376	753	704	619	488	529	700	327	501	486	535	692	396	0	717	505	704	762	632	523	744	772	734	359	436	669	485	692	478	398	548	503	799	437	435	
688	560	347	515	494	300	761	334	544	730	592	710	777	712	434	748	523	465	464	677	431	409	798	449	686	414	359	735	472	431	543	678	685	432	580	450	300	568	480	717	0	798	433	450	756	779	541	342	376	752	384	391	414	619	768	485	609	743	582	630	531	
548	345	767	748	653	597	455	442	326	638	532	614	672	631	574	756	347	727	666	625	664	756	684	468	756	623	313	551	326	629	562	424	431	422	565	720	597	443	626	505	798	0	699	410	424	377	549	735	451	790	324	304	397	489	757	700	621	443	500	307	450	
705	312	633	389	355	460	486	786	340	580	429	624	505	707	582	374	485	662	637	379	678	626	563	410	407	565	430	792	506	700	412	760	319	560	427	700	522	404	486	704	433	699	0	345	467	454	743	466	569	543	724	643	463	445	373	559	621	651	626	407	455	
640	444	627	345	525	721	400	675	677	607	486	695	787	432	627	794	377	512	635	765	791	749	727	645	488	783	705	598	642	676	671	766	420	791	719	537	312	783	471	762	450	410	345	0	345	568	351	391	672	516	781	760	755	489	777	357	514	559	540	792	307	
681	695	703	797	580	309	396	634	344	697	738	549	515	634	369	501	690	437	646	525	441	596	347	774	454	301	762	360	395	425	545	653	303	740	743	307	364	675	645	632	756	424	467	345	0	677	768	778	674	593	584	501	607	702	381	552	447	368	765	411	461	
789	470	479	687	302	308	781	640	434	704	436	578	397	328	345	321	333	726	462	570	550	319	784	327	509	413	557	533	451	383	798	372	694	567	392	780	686	526	761	523	779	377	454	568	677	0	769	398	482	626	552	775	365	349	500	478	477	322	687	604	425	
682	507	391	621	307	513	547	416	413	493	405	691	667	697	608	748	707	358	316	481	477	677	647	736	672	735	418	766	755	667	604	303	635	711	641	683	708	605	560	744	541	549	743	351	768	769	0	456	776	576	607	736	566	399	307	784	571	744	750	371	637	
526	500	707	318	384	524	735	470	600	547	716	539	736	356	335	309	658	609	631	431	323	796	790	614	777	623	778	687	625	542	790	592	442	512	562	446	453	448	325	772	342	735	466	391	778	398	456	0	318	761	404	590	575	638	528	763	407	553	708	377	318	
606	373	682	598	550	444	745	473	452	486	659	428	369	602	495	696	708	330	314	389	506	337	761	432	440	458	724	655	524	791	542	577	723	745	671	727	570	416	443	734	376	451	569	672	674	482	776	318	0	621	470	453	371	382	758	603	680	599	695	637	328	
794	348	498	363	797	665	717	341	432	316	318	334	704	656	550	678	477	527	531	565	360	329	710	684	638	774	688	698	734	323	480	364	522	553	445	521	766	524	453	359	752	790	543	516	593	626	576	761	621	0	728	335	554	435	583	382	442	579	410	578	484	
720	508	535	795	327	564	438	499	513	391	700	655	315	622	607	353	751	690	665	708	486	438	340	647	612	687	520	554	519	358	398	701	608	478	618	497	571	485	504	436	384	324	724	781	584	552	607	404	470	728	0	716	734	326	352	373	427	770	765	722	448	
388	722	436	452	407	354	608	519	638	542	342	707	418	485	370	673	745	512	770	556	518	772	683	758	421	643	456	693	584	342	584	353	308	556	379	484	506	531	726	669	391	304	643	760	501	775	736	590	453	335	716	0	795	735	612	682	312	700	678	647	776	
692	673	325	736	781	527	357	687	576	778	730	726	627	513	614	500	503	539	430	769	406	670	734	307	572	363	393	492	780	555	726	530	779	757	416	679	704	625	673	485	414	397	463	755	607	365	566	575	371	554	734	795	0	456	377	695	471	752	409	554	389	
558	622	350	302	467	675	729	412	674	642	636	687	673	317	772	690	446	505	362	318	529	583	573	490	403	492	556	338	655	542	557	604	563	680	550	764	708	658	537	692	619	489	445	489	702	349	399	638	382	435	326	735	456	0	334	396	437	328	497	314	310	
543	317	792	376	454	457	700	444	357	352	796	318	377	704	675	738	357	737	722	760	419	641	398	686	305	322	602	330	707	772	654	580	445	419	456	609	492	596	535	478	768	757	373	777	381	500	307	528	758	583	352	612	377	334	0	634	368	420	789	437	622	
654	482	551	377	507	544	794	709	544	626	508	364	398	360	432	453	679	498	582	597	741	386	556	770	383	394	659	731	753	379	780	315	380	580	687	798	629	646	646	398	485	700	559	357	552	478	784	763	603	382	373	682	695	396	634	0	796	457	745	582	707	
439	509	690	729	580	405	431	401	509	355	495	427	475	724	359	388	623	759	685	713	764	467	324	668	347	392	756	519	551	301	462	336	406	586	364	666	757	696	462	548	609	621	621	514	447	477	571	407	680	442	427	312	471	437	368	796	0	364	331	398	576	
418	456	509	561	704	346	563	704	414	661	795	574	422	432	604	580	721	772	374	636	577	799	687	536	739	796	489	416	749	511	428	488	703	530	572	457	744	304	638	503	743	443	651	559	368	322	744	553	599	579	770	700	752	328	420	457	364	0	345	461	503	
502	680	609	600	359	712	565	513	727	428	777	379	579	764	325	374	465	410	536	648	518	641	772	615	780	600	328	495	552	719	721	542	548	422	595	694	504	482	355	799	582	500	626	540	765	687	750	708	695	410	765	678	409	497	789	745	331	345	0	571	407	
362	344	672	389	670	715	424	456	708	475	794	330	575	615	556	675	500	766	459	509	434	560	595	783	749	738	552	417	523	407	724	489	312	663	631	506	753	347	459	437	630	307	407	792	411	604	371	377	637	578	722	647	554	314	437	582	398	461	571	0	676	
758	427	597	438	558	607	673	346	650	797	451	368	410	788	318	387	737	714	515	733	318	692	770	668	456	718	708	554	554	781	652	761	373	345	346	519	710	327	690	435	531	450	455	307	461	425	637	318	328	484	448	776	389	310	622	707	576	503	407	676	0	
etats
Id_Station	Poids W	Min (P)	WSPT	Priorité	
1	6	300	33,33	1	
2	1	300	33,33	2	
3	2	300	33,33	3	
4	3	300	33,33	4	
5	3	301	33,44	5	
6	6	301	33,44	6	
7	2	304	33,78	7	
8	9	305	33,89	8	
9	4	300	37,50	9	
10	9	302	37,75	10	
11	1	304	38,00	11	
12	8	308	38,50	12	
13	5	309	38,63	13	
14	2	313	39,13	14	
15	3	316	39,50	15	
16	4	304	43,43	16	
17	6	305	43,57	17	
18	2	308	44,00	18	
19	8	311	44,43	19	
20	1	311	44,43	20	
21	6	313	44,71	21	
22	1	302	50,33	22	
23	6	304	50,67	23	
24	8	304	50,67	24	
25	3	312	52,00	25	
26	9	331	55,17	26	
27	4	300	60,00	27	
28	4	301	60,20	28	
29	2	303	60,60	29	
30	9	308	61,60	30	
31	5	324	64,80	31	
32	3	304	76,00	32	
33	6	307	76,75	33	
34	4	314	78,50	34	
35	8	341	85,25	35	
36	5	300	100,00	36	
37	5	300	100,00	37	
38	9	300	100,00	38	
39	6	301	100,33	39	
40	7	304	101,33	40	
41	9	305	101,67	41	
42	1	306	102,00	42	
43	8	311	103,67	43	
44	8	320	106,67	44	
45	3	322	107,33	45	
46	1	304	152,00	46	
47	7	305	152,50	47	
48	1	307	153,50	48	
49	6	310	155,00	49	
50	6	300	300,00	50	
51	7	301	301,00	51	
52	1	301	301,00	52	
53	4	303	303,00	53	
54	4	305	305,00	54	
55	1	307	307,00	55	
56	9	312	312,00	56	
57	2	313	313,00	57	
58	9	316	316,00	58	
59	4	318	318,00	59	
60	3	321	321,00	60	

