distances
0	434	450	576	518	570	785	759	596	716	671	335	545	621	343	391	721	644	548	783	438	780	654	480	798	486	799	478	581	550	748	475	556	560	516	352	706	482	796	403	653	338	743	579	460	509	794	772	688	428	666	715	512	787	339	313	444	460	741	528	644	
434	0	706	621	420	430	457	763	645	345	476	588	446	346	588	773	353	601	787	620	501	496	705	395	593	379	464	458	582	743	311	442	749	387	519	335	312	329	355	761	631	709	601	544	637	322	390	404	391	391	481	442	693	767	669	683	774	589	454	422	655	
450	706	0	533	492	321	556	674	658	564	435	465	554	750	592	510	701	407	300	591	521	778	737	483	537	596	594	613	789	334	496	461	440	447	357	350	505	432	586	671	705	460	378	778	372	690	410	339	661	760	564	366	758	610	618	655	306	761	438	660	717	
576	621	533	0	707	524	390	718	478	636	426	748	493	509	371	520	441	375	627	352	574	657	681	410	587	380	596	668	721	414	412	765	368	432	658	307	539	455	623	695	354	693	555	563	511	692	682	685	373	753	489	602	392	464	549	620	558	670	603	735	706	
518	420	492	707	0	387	680	797	668	616	643	694	421	515	452	683	435	407	506	598	443	626	577	536	511	608	539	360	689	437	660	369	524	688	360	593	380	545	597	383	728	666	499	470	501	670	314	714	772	473	431	795	328	737	732	310	434	329	338	588	541	
570	430	321	524	387	0	604	436	395	737	756	344	353	403	706	535	777	770	747	500	447	640	687	442	520	728	772	783	335	653	311	305	756	340	386	346	695	633	428	681	715	697	552	577	424	686	753	718	354	460	530	793	657	361	438	349	601	695	621	312	714	
785	457	556	390	680	604	0	438	617	689	446	349	732	614	465	517	305	726	414	421	758	792	394	517	694	650	441	583	587	358	346	458	376	738	717	661	470	308	659	791	495	656	709	388	767	327	467	734	304	614	641	580	660	678	651	501	411	745	321	550	669	
759	763	674	718	797	436	438	0	535	730	306	708	699	727	775	753	347	409	600	592	588	696	691	714	776	715	673	385	426	746	620	661	503	453	496	709	498	533	627	597	621	604	524	497	341	468	673	588	749	732	520	419	767	571	478	649	300	799	461	567	729	
596	645	658	478	668	395	617	535	0	516	698	732	792	334	689	556	703	377	516	410	497	559	387	590	681	400	469	544	410	473	624	432	530	390	414	681	535	554	340	710	690	438	585	660	580	494	700	660	352	779	324	465	650	412	523	660	672	308	508	416	715	
716	345	564	636	616	737	689	730	516	0	766	794	492	738	418	584	643	445	430	526	401	545	351	396	427	712	626	690	505	648	476	775	331	323	330	657	398	564	793	742	506	749	728	793	478	776	316	755	444	441	451	482	592	409	430	529	393	537	565	374	414	
671	476	435	426	643	756	446	306	698	766	0	754	306	581	495	710	748	748	323	529	428	329	712	621	702	490	504	606	364	494	423	717	605	535	513	616	407	343	321	347	430	651	588	516	718	639	334	582	688	389	335	467	361	361	588	616	713	795	574	378	518	
335	588	465	748	694	344	349	708	732	794	754	0	431	635	424	623	501	468	781	711	704	682	782	373	752	349	331	420	659	385	561	623	398	705	339	607	306	533	346	704	305	582	539	551	539	548	427	373	742	739	612	585	640	764	399	524	390	665	600	694	331	
545	446	554	493	421	353	732	699	792	492	306	431	0	797	618	786	521	647	300	514	575	678	652	659	694	417	423	319	488	398	687	753	376	744	301	351	446	398	368	639	537	560	780	317	702	326	443	658	515	622	531	524	419	363	657	671	322	530	575	314	483	
621	346	750	509	515	403	614	727	334	738	581	635	797	0	619	387	323	587	482	439	314	529	538	556	509	662	303	504	338	776	453	716	439	421	303	491	718	345	730	627	421	601	638	415	662	542	403	739	660	313	502	776	523	685	586	707	586	436	729	561	652	
343	588	592	371	452	706	465	775	689	418	495	424	618	619	0	742	370	748	695	493	327	333	547	791	731	532	622	521	751	407	630	478	576	472	340	777	687	664	449	400	316	304	463	774	712	479	513	348	778	705	760	422	406	749	676	482	332	638	535	709	650	
391	773	510	520	683	535	517	753	556	584	710	623	786	387	742	0	698	314	447	750	417	320	349	747	365	345	666	496	477	402	795	362	681	388	527	518	581	327	377	615	760	467	726	778	541	693	602	755	439	638	315	365	309	385	415	778	610	377	509	699	536	
721	353	701	441	435	777	305	347	703	643	748	501	521	323	370	698	0	486	629	634	766	387	634	412	665	403	726	798	626	727	643	697	685	361	529	327	530	771	322	311	708	363	362	476	387	419	565	486	714	489	629	341	680	463	685	535	747	779	732	388	471	
644	601	407	375	407	770	726	409	377	445	748	468	647	587	748	314	486	0	618	445	577	794	412	392	713	614	588	679	658	406	663	564	320	489	558	332	545	689	410	452	313	317	600	688	536	377	428	764	475	622	766	695	571	723	718	689	592	509	582	399	686	
548	787	300	627	506	747	414	600	516	430	323	781	300	482	695	447	629	618	0	457	603	535	700	728	608	363	549	367	435	629	523	676	446	341	404	588	625	431	679	391	748	359	483	484	655	706	710	348	341	334	518	323	689	456	314	548	488	683	489	440	638	
783	620	591	352	598	500	421	592	410	526	529	711	514	439	493	750	634	445	457	0	628	635	457	600	568	442	680	431	500	622	772	578	387	760	371	747	669	755	324	692	416	449	458	657	656	637	777	626	741	627	539	680	529	785	537	730	517	663	780	346	610	
438	501	521	574	443	447	758	588	497	401	428	704	575	314	327	417	766	577	603	628	0	799	627	541	725	332	679	700	608	561	532	756	313	705	685	317	488	597	420	650	652	433	364	450	513	760	474	305	512	467	568	639	307	612	701	675	737	450	738	562	593	
780	496	778	657	626	640	792	696	559	545	329	682	678	529	333	320	387	794	535	635	799	0	636	304	573	628	788	793	628	548	655	501	388	556	683	343	542	543	486	380	395	470	553	432	512	482	495	656	649	423	418	658	582	789	714	333	744	357	340	665	551	
654	705	737	681	577	687	394	691	387	351	712	782	652	538	547	349	634	412	700	457	627	636	0	779	701	588	407	301	603	728	706	605	343	775	384	627	304	305	321	360	312	663	408	456	341	358	753	710	639	362	406	358	451	451	679	636	549	348	359	577	605	
480	395	483	410	536	442	517	714	590	396	621	373	659	556	791	747	412	392	728	600	541	304	779	0	651	637	335	459	470	365	516	487	562	491	454	450	618	535	329	635	727	708	492	439	723	416	399	589	608	742	648	715	629	746	450	307	653	783	766	525	794	
798	593	537	587	511	520	694	776	681	427	702	752	694	509	731	365	665	713	608	568	725	573	701	651	0	332	345	723	490	477	622	379	401	313	439	582	530	492	549	577	426	547	381	345	461	449	784	649	660	430	672	321	739	709	756	362	461	430	596	673	496	
486	379	596	380	608	728	650	715	400	712	490	349	417	662	532	345	403	614	363	442	332	628	588	637	332	0	568	458	798	373	480	704	610	597	705	375	644	771	320	513	567	469	587	542	508	564	509	581	627	383	488	642	790	703	680	328	360	701	794	440	780	
799	464	594	596	539	772	441	673	469	626	504	331	423	303	622	666	726	588	549	680	679	788	407	335	345	568	0	690	347	393	489	376	412	666	774	678	407	358	789	747	389	775	744	793	396	702	633	547	590	707	695	570	362	625	640	439	438	411	506	670	406	
478	458	613	668	360	783	583	385	544	690	606	420	319	504	521	496	798	679	367	431	700	793	301	459	723	458	690	0	700	787	599	392	495	613	559	492	510	712	743	711	583	627	648	591	651	594	724	348	622	438	688	514	688	318	367	491	710	755	770	641	307	
581	582	789	721	689	335	587	426	410	505	364	659	488	338	751	477	626	658	435	500	608	628	603	470	490	798	347	700	0	518	535	301	300	426	423	601	687	474	367	705	349	751	779	311	779	433	315	637	409	761	442	319	634	511	548	514	649	529	516	508	533	
550	743	334	414	437	653	358	746	473	648	494	385	398	776	407	402	727	406	629	622	561	548	728	365	477	373	393	787	518	0	331	434	572	362	659	563	454	450	660	337	789	457	401	427	771	582	532	603	622	634	607	414	751	737	361	536	721	786	461	730	388	
748	311	496	412	660	311	346	620	624	476	423	561	687	453	630	795	643	663	523	772	532	655	706	516	622	480	489	599	535	331	0	740	451	614	383	697	483	590	466	573	631	764	449	607	597	388	528	613	769	453	602	627	459	420	630	516	799	542	460	555	537	
475	442	461	765	369	305	458	661	432	775	717	623	753	716	478	362	697	564	676	578	756	501	605	487	379	704	376	392	301	434	740	0	366	471	521	669	506	604	605	375	535	788	700	465	397	486	383	781	759	635	729	740	579	448	394	590	769	595	339	599	339	
556	749	440	368	524	756	376	503	530	331	605	398	376	439	576	681	685	320	446	387	313	388	343	562	401	610	412	495	300	572	451	366	0	507	444	565	779	520	736	742	406	503	779	402	755	330	651	349	748	617	669	461	592	503	539	797	714	633	670	587	715	
560	387	447	432	688	340	738	453	390	323	535	705	744	421	472	388	361	489	341	760	705	556	775	491	313	597	666	613	426	362	614	471	507	0	388	445	304	657	714	621	663	536	316	385	782	677	753	696	509	352	544	483	377	545	641	429	564	628	726	596	403	
516	519	357	658	360	386	717	496	414	330	513	339	301	303	340	527	529	558	404	371	685	683	384	454	439	705	774	559	423	659	383	521	444	388	0	484	498	433	392	300	300	741	413	535	576	497	773	498	544	662	328	302	447	687	331	472	783	372	502	784	512	
352	335	350	307	593	346	661	709	681	657	616	607	351	491	777	518	327	332	588	747	317	343	627	450	582	375	678	492	601	563	697	669	565	445	484	0	362	758	312	577	569	662	649	703	395	593	521	346	759	421	582	771	492	341	708	794	507	758	609	316	766	
706	312	505	539	380	695	470	498	535	398	407	306	446	718	687	581	530	545	625	669	488	542	304	618	530	644	407	510	687	454	483	506	779	304	498	362	0	735	457	307	690	762	715	365	395	722	617	417	540	420	490	698	667	381	575	404	439	332	759	620	357	
482	329	432	455	545	633	308	533	554	564	343	533	398	345	664	327	771	689	431	755	597	543	305	535	492	771	358	712	474	450	590	604	520	657	433	758	735	0	564	400	773	330	577	678	616	701	668	437	596	611	421	609	335	472	564	302	301	325	715	678	760	
796	355	586	623	597	428	659	627	340	793	321	346	368	730	449	377	322	410	679	324	420	486	321	329	549	320	789	743	367	660	466	605	736	714	392	312	457	564	0	564	489	410	778	585	435	548	490	787	646	554	332	715	332	575	360	750	615	678	414	719	397	
403	761	671	695	383	681	791	597	710	742	347	704	639	627	400	615	311	452	391	692	650	380	360	635	577	513	747	711	705	337	573	375	742	621	300	577	307	400	564	0	536	742	344	634	777	376	437	766	382	690	414	539	685	712	686	470	552	490	629	404	587	
653	631	705	354	728	715	495	621	690	506	430	305	537	421	316	760	708	313	748	416	652	395	312	727	426	567	389	583	349	789	631	535	406	663	300	569	690	773	489	536	0	601	675	488	794	644	557	469	516	371	412	733	727	766	620	455	487	468	723	332	616	
338	709	460	693	666	697	656	604	438	749	651	582	560	601	304	467	363	317	359	449	433	470	663	708	547	469	775	627	751	457	764	788	503	536	741	662	762	330	410	742	601	0	342	719	777	656	573	669	799	411	640	377	634	422	537	638	666	527	777	494	459	
743	601	378	555	499	552	709	524	585	728	588	539	780	638	463	726	362	600	483	458	364	553	408	492	381	587	744	648	779	401	449	700	779	316	413	649	715	577	778	344	675	342	0	584	771	551	536	381	532	318	690	567	788	697	441	525	336	405	344	571	785	
579	544	778	563	470	577	388	497	660	793	516	551	317	415	774	778	476	688	484	657	450	432	456	439	345	542	793	591	311	427	607	465	402	385	535	703	365	678	585	634	488	719	584	0	572	508	564	710	479	628	455	731	720	639	742	618	317	541	606	706	367	
460	637	372	511	501	424	767	341	580	478	718	539	702	662	712	541	387	536	655	656	513	512	341	723	461	508	396	651	779	771	597	397	755	782	576	395	395	616	435	777	794	777	771	572	0	400	437	633	615	419	405	471	366	580	610	711	554	513	772	355	696	
509	322	690	692	670	686	327	468	494	776	639	548	326	542	479	693	419	377	706	637	760	482	358	416	449	564	702	594	433	582	388	486	330	677	497	593	722	701	548	376	644	656	551	508	400	0	724	752	774	572	356	765	563	530	493	756	492	562	722	419	650	
794	390	410	682	314	753	467	673	700	316	334	427	443	403	513	602	565	428	710	777	474	495	753	399	784	509	633	724	315	532	528	383	651	753	773	521	617	668	490	437	557	573	536	564	437	724	0	487	528	760	308	590	440	450	389	487	492	778	322	762	337	
772	404	339	685	714	718	734	588	660	755	582	373	658	739	348	755	486	764	348	626	305	656	710	589	649	581	547	348	637	603	613	781	349	696	498	346	417	437	787	766	469	669	381	710	633	752	487	0	568	469	514	648	328	372	394	697	700	444	598	483	725	
688	391	661	373	772	354	304	749	352	444	688	742	515	660	778	439	714	475	341	741	512	649	639	608	660	627	590	622	409	622	769	759	748	509	544	759	540	596	646	382	516	799	532	479	615	774	528	568	0	704	687	726	473	611	587	712	499	491	583	758	625	
428	391	760	753	473	460	614	732	779	441	389	739	622	313	705	638	489	622	334	627	467	423	362	742	430	383	707	438	761	634	453	635	617	352	662	421	420	611	554	690	371	411	318	628	419	572	760	469	704	0	451	626	767	445	559	733	381	506	595	744	653	
666	481	564	489	431	530	641	520	324	451	335	612	531	502	760	315	629	766	518	539	568	418	406	648	672	488	695	688	442	607	602	729	669	544	328	582	490	421	332	414	412	640	690	455	405	356	308	514	687	451	0	376	642	632	709	599	729	596	362	370	388	
715	442	366	602	795	793	580	419	465	482	467	585	524	776	422	365	341	695	323	680	639	658	358	715	321	642	570	514	319	414	627	740	461	483	302	771	698	609	715	539	733	377	567	731	471	765	590	648	726	626	376	0	761	790	440	698	634	476	554	357	564	
512	693	758	392	328	657	660	767	650	592	361	640	419	523	406	309	680	571	689	529	307	582	451	629	739	790	362	688	634	751	459	579	592	377	447	492	667	335	332	685	727	634	788	720	366	563	440	328	473	767	642	761	0	404	460	403	733	415	378	317	520	
787	767	610	464	737	361	678	571	412	409	361	764	363	685	749	385	463	723	456	785	612	789	451	746	709	703	625	318	511	737	420	448	503	545	687	341	381	472	575	712	766	422	697	639	580	530	450	372	611	445	632	790	404	0	500	373	559	584	374	707	750	
339	669	618	549	732	438	651	478	523	430	588	399	657	586	676	415	685	718	314	537	701	714	679	450	756	680	640	367	548	361	630	394	539	641	331	708	575	564	360	686	620	537	441	742	610	493	389	394	587	559	709	440	460	500	0	378	677	514	409	432	784	
313	683	655	620	310	349	501	649	660	529	616	524	671	707	482	778	535	689	548	730	675	333	636	307	362	328	439	491	514	536	516	590	797	429	472	794	404	302	750	470	455	638	525	618	711	756	487	697	712	733	599	698	403	373	378	0	365	775	689	330	397	
444	774	306	558	434	601	411	300	672	393	713	390	322	586	332	610	747	592	488	517	737	744	549	653	461	360	438	710	649	721	799	769	714	564	783	507	439	301	615	552	487	666	336	317	554	492	492	700	499	381	729	634	733	559	677	365	0	661	511	645	632	
460	589	761	670	329	695	745	799	308	537	795	665	530	436	638	377	779	509	683	663	450	357	348	783	430	701	411	755	529	786	542	595	633	628	372	758	332	325	678	490	468	527	405	541	513	562	778	444	491	506	596	476	415	584	514	775	661	0	780	613	301	
741	454	438	603	338	621	321	461	508	565	574	600	575	729	535	509	732	582	489	780	738	340	359	766	596	794	506	770	516	461	460	339	670	726	502	609	759	715	414	629	723	777	344	606	772	722	322	598	583	595	362	554	378	374	409	689	511	780	0	348	614	
528	422	660	735	588	312	550	567	416	374	378	694	314	561	709	699	388	399	440	346	562	665	577	525	673	440	670	641	508	730	555	599	587	596	784	316	620	678	719	404	332	494	571	706	355	419	762	483	758	744	370	357	317	707	432	330	645	613	348	0	518	
644	655	717	706	541	714	669	729	715	414	518	331	483	652	650	536	471	686	638	610	593	551	605	794	496	780	406	307	533	388	537	339	715	403	512	766	357	760	397	587	616	459	785	367	696	650	337	725	625	653	388	564	520	750	784	397	632	301	614	518	0	
etats
Id_Station	Poids W	Min (P)	WSPT	Priorité	
1	7	300	33,33	1	
2	3	300	33,33	2	
3	2	309	34,33	3	
4	2	315	35,00	4	
5	3	317	35,22	5	
6	6	300	37,50	6	
7	3	305	38,13	7	
8	7	316	39,50	8	
9	1	339	42,38	9	
10	3	305	43,57	10	
11	2	306	43,71	11	
12	3	307	43,86	12	
13	5	307	43,86	13	
14	2	309	44,14	14	
15	8	314	44,86	15	
16	9	301	50,17	16	
17	1	301	50,17	17	
18	9	302	50,33	18	
19	5	306	51,00	19	
20	1	308	51,33	20	
21	6	309	51,50	21	
22	9	332	55,33	22	
23	8	301	60,20	23	
24	8	306	61,20	24	
25	3	311	62,20	25	
26	1	316	63,20	26	
27	3	318	63,60	27	
28	8	321	64,20	28	
29	6	324	64,80	29	
30	3	300	75,00	30	
31	1	301	75,25	31	
32	5	302	75,50	32	
33	3	304	76,00	33	
34	9	305	76,25	34	
35	4	306	76,50	35	
36	9	302	100,67	36	
37	5	303	101,00	37	
38	6	306	102,00	38	
39	1	307	102,33	39	
40	9	310	103,33	40	
41	4	323	107,67	41	
42	8	300	150,00	42	
43	7	303	151,50	43	
44	4	307	153,50	44	
45	3	309	154,50	45	
46	8	311	155,50	46	
47	7	313	156,50	47	
48	7	300	300,00	48	
49	7	300	300,00	49	
50	5	301	301,00	50	
51	6	302	302,00	51	
52	1	303	303,00	52	
53	1	304	304,00	53	
54	4	304	304,00	54	
55	8	305	305,00	55	
56	9	305	305,00	56	
57	1	306	306,00	57	
58	1	306	306,00	58	
59	1	308	308,00	59	
60	9	325	325,00	60	

