distances
0	316	602	489	521	690	761	530	791	632	463	546	452	411	586	399	405	615	554	375	768	630	492	440	341	342	349	755	536	312	377	506	430	310	583	787	355	617	452	762	365	640	481	677	725	776	618	490	342	796	349	616	370	761	641	423	603	690	681	423	690	
316	0	446	765	586	778	420	306	439	627	526	434	316	387	751	713	441	547	584	790	694	603	590	445	698	769	612	734	780	378	712	527	681	584	402	336	321	588	714	652	731	470	403	314	385	542	404	332	758	766	372	374	743	448	632	573	424	748	477	706	411	
602	446	0	445	658	606	595	715	558	471	477	315	630	323	363	586	393	489	531	730	317	747	641	329	752	534	598	370	674	321	712	442	493	409	655	347	337	336	637	629	602	529	575	478	533	504	777	500	441	582	694	544	784	407	300	692	792	575	789	769	388	
489	765	445	0	702	609	754	567	773	637	373	520	412	379	576	678	708	562	603	364	355	369	786	519	722	760	364	479	735	434	447	751	508	750	711	567	713	774	683	705	773	391	598	398	478	799	668	753	634	448	468	756	574	430	789	796	523	410	448	788	561	
521	586	658	702	0	426	602	377	519	708	786	787	300	687	799	358	430	536	550	414	694	672	545	689	569	457	585	507	324	713	563	722	664	377	685	508	750	731	512	440	483	627	666	302	573	796	517	687	768	396	485	653	558	555	492	393	434	575	601	736	776	
690	778	606	609	426	0	538	407	576	765	697	749	341	397	470	330	592	583	503	333	416	551	610	788	784	391	689	341	530	435	455	743	763	518	321	540	564	685	373	429	683	557	670	699	304	791	310	499	581	780	745	547	354	328	507	767	664	663	457	588	338	
761	420	595	754	602	538	0	503	677	503	363	551	601	780	364	696	566	431	588	590	741	533	432	631	490	677	327	478	787	618	573	347	490	587	775	305	675	656	444	329	749	610	665	420	312	529	301	412	479	545	484	702	679	437	460	457	775	583	603	354	530	
530	306	715	567	377	407	503	0	754	781	771	637	708	752	676	539	698	425	561	488	632	631	696	734	647	626	328	717	616	345	670	595	451	421	354	567	574	722	782	676	387	559	583	695	543	785	327	765	713	534	448	529	699	542	613	588	663	797	490	618	555	
791	439	558	773	519	576	677	754	0	512	799	718	726	477	549	754	667	301	589	725	510	719	587	790	308	557	344	362	533	798	626	572	744	702	584	401	458	358	659	563	350	455	768	705	598	584	568	554	371	647	696	471	446	306	549	742	515	371	685	541	513	
632	627	471	637	708	765	503	781	512	0	685	663	319	709	641	728	675	462	561	650	505	681	535	438	310	745	592	344	771	657	702	423	477	618	536	681	393	626	326	534	686	543	542	626	432	350	344	755	471	438	375	702	730	657	535	679	758	506	423	536	569	
463	526	477	373	786	697	363	771	799	685	0	778	346	467	737	475	659	698	524	404	783	360	321	442	473	583	381	585	775	743	744	589	531	649	484	753	433	776	572	305	765	509	786	505	521	429	575	582	448	321	709	553	653	780	377	765	779	430	684	731	316	
546	434	315	520	787	749	551	637	718	663	778	0	589	376	497	555	324	487	645	436	380	756	317	393	345	763	588	367	331	761	421	331	698	486	625	540	323	748	758	666	661	304	787	730	609	497	708	591	310	378	478	523	561	516	559	344	721	425	767	679	760	
452	316	630	412	300	341	601	708	726	319	346	589	0	559	785	747	307	485	524	798	371	441	368	537	302	561	741	788	374	739	531	472	437	328	626	588	453	450	441	421	328	447	503	354	307	606	344	588	778	764	652	330	619	436	523	618	562	622	683	560	673	
411	387	323	379	687	397	780	752	477	709	467	376	559	0	728	757	714	302	410	439	402	357	580	459	656	541	718	524	786	752	520	730	645	785	714	704	604	782	545	505	622	650	418	734	540	335	453	656	483	639	397	641	719	343	652	333	793	695	393	726	652	
586	751	363	576	799	470	364	676	549	641	737	497	785	728	0	317	796	693	562	703	697	446	402	704	731	533	487	736	423	346	710	773	726	468	343	427	502	579	683	727	410	642	363	315	368	430	708	671	350	430	589	554	439	637	329	375	422	555	704	590	334	
399	713	586	678	358	330	696	539	754	728	475	555	747	757	317	0	305	317	623	638	342	787	559	774	544	484	644	320	799	471	586	761	484	705	764	312	328	551	710	644	449	348	334	336	550	539	705	441	486	500	759	740	770	786	527	737	774	388	752	355	798	
405	441	393	708	430	592	566	698	667	675	659	324	307	714	796	305	0	723	401	602	661	631	377	614	410	684	464	487	572	519	777	567	767	499	490	477	320	335	347	621	497	374	513	799	407	795	661	717	731	715	405	446	674	782	759	625	720	705	495	679	769	
615	547	489	562	536	583	431	425	301	462	698	487	485	302	693	317	723	0	749	346	446	588	709	583	741	466	455	346	462	357	326	581	395	528	724	392	460	767	643	557	609	582	600	637	384	424	320	479	725	426	775	558	716	633	771	304	730	689	685	453	593	
554	584	531	603	550	503	588	561	589	561	524	645	524	410	562	623	401	749	0	669	394	735	635	457	416	787	736	383	540	779	722	326	370	322	353	621	536	322	397	536	386	505	455	330	377	328	588	516	590	568	464	616	587	686	621	504	739	692	654	418	494	
375	790	730	364	414	333	590	488	725	650	404	436	798	439	703	638	602	346	669	0	542	676	779	340	538	426	509	626	661	658	514	302	752	575	641	383	442	499	493	609	357	745	546	435	645	484	416	758	338	718	739	318	303	448	322	392	675	620	328	795	302	
768	694	317	355	694	416	741	632	510	505	783	380	371	402	697	342	661	446	394	542	0	463	533	301	460	592	498	621	731	675	776	485	616	792	511	494	344	307	679	773	396	479	454	647	544	530	772	749	645	683	535	406	537	558	619	351	330	475	453	507	360	
630	603	747	369	672	551	533	631	719	681	360	756	441	357	446	787	631	588	735	676	463	0	780	433	507	591	314	419	735	677	430	349	589	621	653	741	626	431	770	411	431	448	348	782	768	367	539	404	394	553	741	323	660	489	646	693	518	493	648	484	358	
492	590	641	786	545	610	432	696	587	535	321	317	368	580	402	559	377	709	635	779	533	780	0	408	789	646	446	622	691	582	316	427	458	644	703	438	373	300	414	764	702	746	533	666	779	318	656	600	722	406	381	551	471	788	540	481	383	486	419	424	655	
440	445	329	519	689	788	631	734	790	438	442	393	537	459	704	774	614	583	457	340	301	433	408	0	301	669	640	769	337	594	375	611	782	404	617	539	782	402	784	432	742	473	601	497	711	483	448	795	445	482	600	663	427	776	678	381	573	384	716	639	642	
341	698	752	722	569	784	490	647	308	310	473	345	302	656	731	544	410	741	416	538	460	507	789	301	0	442	344	386	526	595	516	506	717	774	593	348	704	780	516	324	527	640	622	439	628	761	403	673	652	650	635	323	359	435	706	562	372	446	347	513	666	
342	769	534	760	457	391	677	626	557	745	583	763	561	541	533	484	684	466	787	426	592	591	646	669	442	0	779	625	572	489	767	439	588	697	457	561	727	456	644	792	635	526	701	491	437	589	538	737	694	490	794	755	461	570	659	372	353	378	789	562	494	
349	612	598	364	585	689	327	328	344	592	381	588	741	718	487	644	464	455	736	509	498	314	446	640	344	779	0	577	444	641	768	641	655	543	499	784	413	696	350	398	671	331	751	346	782	414	582	486	302	301	673	629	665	560	584	425	769	774	616	662	341	
755	734	370	479	507	341	478	717	362	344	585	367	788	524	736	320	487	346	383	626	621	419	622	769	386	625	577	0	743	744	733	341	565	324	563	672	490	394	555	527	385	496	679	754	341	402	317	508	325	602	433	583	379	535	666	608	749	510	747	616	381	
536	780	674	735	324	530	787	616	533	771	775	331	374	786	423	799	572	462	540	661	731	735	691	337	526	572	444	743	0	708	514	415	612	628	767	530	528	798	521	503	771	754	729	457	364	361	742	439	627	557	754	656	748	535	743	483	666	476	786	602	510	
312	378	321	434	713	435	618	345	798	657	743	761	739	752	346	471	519	357	779	658	675	677	582	594	595	489	641	744	708	0	767	612	676	747	416	382	319	763	771	598	331	437	570	361	515	396	688	757	561	403	545	661	428	509	446	375	339	466	749	657	579	
377	712	712	447	563	455	573	670	626	702	744	421	531	520	710	586	777	326	722	514	776	430	316	375	516	767	768	733	514	767	0	542	660	346	560	511	408	567	789	364	414	575	651	334	494	344	360	663	437	412	306	652	556	438	676	334	729	656	607	671	352	
506	527	442	751	722	743	347	595	572	423	589	331	472	730	773	761	567	581	326	302	485	349	427	611	506	439	641	341	415	612	542	0	688	748	347	603	668	620	743	568	441	401	641	387	424	431	663	479	530	472	726	408	369	501	440	731	321	787	476	381	697	
430	681	493	508	664	763	490	451	744	477	531	698	437	645	726	484	767	395	370	752	616	589	458	782	717	588	655	565	612	676	660	688	0	779	386	761	350	392	625	586	411	746	303	653	655	603	758	614	344	417	555	445	782	335	527	319	446	671	737	727	490	
310	584	409	750	377	518	587	421	702	618	649	486	328	785	468	705	499	528	322	575	792	621	644	404	774	697	543	324	628	747	346	748	779	0	792	768	728	683	746	508	776	582	770	481	616	713	719	751	512	401	538	762	381	392	596	482	557	798	503	688	365	
583	402	655	711	685	321	775	354	584	536	484	625	626	714	343	764	490	724	353	641	511	653	703	617	593	457	499	563	767	416	560	347	386	792	0	380	748	797	572	500	562	569	473	729	382	786	482	526	791	356	762	531	590	667	307	749	452	749	716	330	498	
787	336	347	567	508	540	305	567	401	681	753	540	588	704	427	312	477	392	621	383	494	741	438	539	348	561	784	672	530	382	511	603	761	768	380	0	567	667	341	778	306	493	379	321	345	543	598	427	411	672	708	696	627	618	715	390	431	335	736	612	622	
355	321	337	713	750	564	675	574	458	393	433	323	453	604	502	328	320	460	536	442	344	626	373	782	704	727	413	490	528	319	408	668	350	728	748	567	0	354	649	763	479	676	335	712	300	361	528	410	443	456	518	317	660	743	311	596	417	635	497	339	720	
617	588	336	774	731	685	656	722	358	626	776	748	450	782	579	551	335	767	322	499	307	431	300	402	780	456	696	394	798	763	567	620	392	683	797	667	354	0	443	795	455	544	562	554	691	334	601	760	682	556	390	381	791	317	417	707	597	414	593	400	735	
452	714	637	683	512	373	444	782	659	326	572	758	441	545	683	710	347	643	397	493	679	770	414	784	516	644	350	555	521	771	789	743	625	746	572	341	649	443	0	481	658	706	793	641	458	430	634	668	749	404	519	360	596	564	591	674	681	741	316	349	370	
762	652	629	705	440	429	329	676	563	534	305	666	421	505	727	644	621	557	536	609	773	411	764	432	324	792	398	527	503	598	364	568	586	508	500	778	763	795	481	0	793	405	439	707	771	537	309	439	470	648	310	584	561	609	436	785	515	458	420	492	462	
365	731	602	773	483	683	749	387	350	686	765	661	328	622	410	449	497	609	386	357	396	431	702	742	527	635	671	385	771	331	414	441	411	776	562	306	479	455	658	793	0	422	519	513	534	448	706	614	318	650	472	744	579	394	446	392	337	422	764	551	409	
640	470	529	391	627	557	610	559	455	543	509	304	447	650	642	348	374	582	505	745	479	448	746	473	640	526	331	496	754	437	575	401	746	582	569	493	676	544	706	405	422	0	390	302	412	698	763	710	679	686	361	506	482	334	651	503	490	372	680	560	737	
481	403	575	598	666	670	665	583	768	542	786	787	503	418	363	334	513	600	455	546	454	348	533	601	622	701	751	679	729	570	651	641	303	770	473	379	335	562	793	439	519	390	0	623	317	401	442	622	439	495	796	718	358	356	723	388	541	591	675	539	555	
677	314	478	398	302	699	420	695	705	626	505	730	354	734	315	336	799	637	330	435	647	782	666	497	439	491	346	754	457	361	334	387	653	481	729	321	712	554	641	707	513	302	623	0	579	362	596	570	589	690	741	682	555	356	571	652	587	570	641	583	438	
725	385	533	478	573	304	312	543	598	432	521	609	307	540	368	550	407	384	377	645	544	768	779	711	628	437	782	341	364	515	494	424	655	616	382	345	300	691	458	771	534	412	317	579	0	660	506	672	316	539	312	796	779	548	690	701	518	589	402	699	436	
776	542	504	799	796	791	529	785	584	350	429	497	606	335	430	539	795	424	328	484	530	367	318	483	761	589	414	402	361	396	344	431	603	713	786	543	361	334	430	537	448	698	401	362	660	0	394	671	782	650	715	705	555	436	766	659	538	357	753	601	470	
618	404	777	668	517	310	301	327	568	344	575	708	344	453	708	705	661	320	588	416	772	539	656	448	403	538	582	317	742	688	360	663	758	719	482	598	528	601	634	309	706	763	442	596	506	394	0	678	579	787	389	781	440	707	673	372	425	568	596	415	391	
490	332	500	753	687	499	412	765	554	755	582	591	588	656	671	441	717	479	516	758	749	404	600	795	673	737	486	508	439	757	663	479	614	751	526	427	410	760	668	439	614	710	622	570	672	671	678	0	618	308	561	380	361	519	442	788	697	712	606	477	454	
342	758	441	634	768	581	479	713	371	471	448	310	778	483	350	486	731	725	590	338	645	394	722	445	652	694	302	325	627	561	437	530	344	512	791	411	443	682	749	470	318	679	439	589	316	782	579	618	0	668	672	717	784	384	572	452	706	611	384	495	516	
796	766	582	448	396	780	545	534	647	438	321	378	764	639	430	500	715	426	568	718	683	553	406	482	650	490	301	602	557	403	412	472	417	401	356	672	456	556	404	648	650	686	495	690	539	650	787	308	668	0	558	507	663	319	441	390	387	401	526	755	360	
349	372	694	468	485	745	484	448	696	375	709	478	652	397	589	759	405	775	464	739	535	741	381	600	635	794	673	433	754	545	306	726	555	538	762	708	518	390	519	310	472	361	796	741	312	715	389	561	672	558	0	473	419	590	757	643	538	318	525	441	788	
616	374	544	756	653	547	702	529	471	702	553	523	330	641	554	740	446	558	616	318	406	323	551	663	323	755	629	583	656	661	652	408	445	762	531	696	317	381	360	584	744	506	718	682	796	705	781	380	717	507	473	0	776	509	594	673	609	666	780	716	384	
370	743	784	574	558	354	679	699	446	730	653	561	619	719	439	770	674	716	587	303	537	660	471	427	359	461	665	379	748	428	556	369	782	381	590	627	660	791	596	561	579	482	358	555	779	555	440	361	784	663	419	776	0	621	700	760	529	736	585	671	605	
761	448	407	430	555	328	437	542	306	657	780	516	436	343	637	786	782	633	686	448	558	489	788	776	435	570	560	535	535	509	438	501	335	392	667	618	743	317	564	609	394	334	356	356	548	436	707	519	384	319	590	509	621	0	441	351	754	356	490	356	615	
641	632	300	789	492	507	460	613	549	535	377	559	523	652	329	527	759	771	621	322	619	646	540	678	706	659	584	666	743	446	676	440	527	596	307	715	311	417	591	436	446	651	723	571	690	766	673	442	572	441	757	594	700	441	0	720	653	430	671	667	480	
423	573	692	796	393	767	457	588	742	679	765	344	618	333	375	737	625	304	504	392	351	693	481	381	562	372	425	608	483	375	334	731	319	482	749	390	596	707	674	785	392	503	388	652	701	659	372	788	452	390	643	673	760	351	720	0	514	382	635	667	393	
603	424	792	523	434	664	775	663	515	758	779	721	562	793	422	774	720	730	739	675	330	518	383	573	372	353	769	749	666	339	729	321	446	557	452	431	417	597	681	515	337	490	541	587	518	538	425	697	706	387	538	609	529	754	653	514	0	760	729	530	618	
690	748	575	410	575	663	583	797	371	506	430	425	622	695	555	388	705	689	692	620	475	493	486	384	446	378	774	510	476	466	656	787	671	798	749	335	635	414	741	458	422	372	591	570	589	357	568	712	611	401	318	666	736	356	430	382	760	0	330	679	595	
681	477	789	448	601	457	603	490	685	423	684	767	683	393	704	752	495	685	654	328	453	648	419	716	347	789	616	747	786	749	607	476	737	503	716	736	497	593	316	420	764	680	675	641	402	753	596	606	384	526	525	780	585	490	671	635	729	330	0	600	722	
423	706	769	788	736	588	354	618	541	536	731	679	560	726	590	355	679	453	418	795	507	484	424	639	513	562	662	616	602	657	671	381	727	688	330	612	339	400	349	492	551	560	539	583	699	601	415	477	495	755	441	716	671	356	667	667	530	679	600	0	302	
690	411	388	561	776	338	530	555	513	569	316	760	673	652	334	798	769	593	494	302	360	358	655	642	666	494	341	381	510	579	352	697	490	365	498	622	720	735	370	462	409	737	555	438	436	470	391	454	516	360	788	384	605	615	480	393	618	595	722	302	0	
etats
Id_Station	Poids W	Min (P)	WSPT	Priorité	
1	5	301	33,44	1	
2	4	301	33,44	2	
3	6	304	33,78	3	
4	1	305	33,89	4	
5	1	318	35,33	5	
6	5	325	36,11	6	
7	1	326	36,22	7	
8	2	330	36,67	8	
9	3	300	37,50	9	
10	8	301	37,63	10	
11	1	302	37,75	11	
12	8	305	38,13	12	
13	6	307	38,38	13	
14	1	312	39,00	14	
15	1	300	42,86	15	
16	5	304	43,43	16	
17	4	309	44,14	17	
18	8	305	50,83	18	
19	4	307	51,17	19	
20	8	309	51,50	20	
21	9	311	51,83	21	
22	4	312	52,00	22	
23	8	315	52,50	23	
24	7	316	52,67	24	
25	1	319	53,17	25	
26	5	324	54,00	26	
27	1	300	60,00	27	
28	6	300	60,00	28	
29	4	304	60,80	29	
30	1	312	62,40	30	
31	2	302	75,50	31	
32	3	304	76,00	32	
33	1	305	76,25	33	
34	1	307	76,75	34	
35	4	309	77,25	35	
36	3	311	77,75	36	
37	3	322	80,50	37	
38	6	323	80,75	38	
39	9	300	100,00	39	
40	6	301	100,33	40	
41	2	302	100,67	41	
42	6	302	100,67	42	
43	7	302	100,67	43	
44	9	307	102,33	44	
45	8	309	103,00	45	
46	6	301	150,50	46	
47	6	302	151,00	47	
48	3	302	151,00	48	
49	7	304	152,00	49	
50	6	304	152,00	50	
51	7	314	157,00	51	
52	8	303	303,00	52	
53	6	304	304,00	53	
54	2	305	305,00	54	
55	3	306	306,00	55	
56	7	307	307,00	56	
57	1	312	312,00	57	
58	8	314	314,00	58	
59	3	315	315,00	59	
60	8	318	318,00	60	

