distances
0	653	347	573	424	643	746	417	775	607	741	455	793	495	711	671	377	691	748	760	377	755	302	614	376	390	506	634	457	658	356	554	620	505	654	470	515	453	380	515	613	685	469	396	366	792	744	742	455	323	500	384	443	351	336	766	415	627	389	725	601	
653	0	614	510	628	550	797	692	413	430	628	540	365	683	408	373	746	686	608	300	324	371	547	790	722	646	371	310	648	318	686	575	442	729	795	702	772	743	762	362	579	493	301	667	690	369	409	596	318	662	388	513	726	648	558	452	619	787	506	539	368	
347	614	0	492	444	681	745	678	385	629	468	737	539	751	470	595	504	643	615	674	526	316	304	594	760	685	750	733	426	340	514	626	336	701	562	492	355	303	516	375	730	796	572	421	766	386	305	487	456	726	397	788	712	610	370	382	516	674	305	629	309	
573	510	492	0	549	793	378	461	361	633	449	635	604	502	698	322	733	620	739	780	480	627	663	650	770	706	618	525	725	721	351	318	762	459	465	701	328	381	789	677	721	714	562	337	692	397	573	571	374	506	307	550	746	666	561	601	318	782	769	330	750	
424	628	444	549	0	506	565	319	323	466	441	738	312	528	602	767	358	523	529	517	513	766	643	322	514	347	483	712	620	786	792	605	491	306	418	322	716	457	391	609	658	333	392	401	381	709	440	363	613	458	648	763	656	527	348	396	689	449	609	628	734	
643	550	681	793	506	0	582	463	383	436	338	413	590	482	751	457	413	756	646	691	364	789	336	431	386	651	439	428	481	548	426	767	683	502	506	514	501	673	552	553	760	442	743	683	372	781	496	788	758	548	780	688	580	445	645	365	386	768	491	529	433	
746	797	745	378	565	582	0	737	459	408	774	783	509	650	494	372	305	413	460	668	520	607	547	784	636	442	573	690	514	644	405	446	474	526	565	691	539	368	364	434	673	493	483	482	452	535	608	365	343	466	579	587	393	660	724	355	637	518	580	787	547	
417	692	678	461	319	463	737	0	758	696	464	323	316	448	788	449	518	350	796	340	396	661	324	403	451	516	709	406	766	685	744	384	388	679	330	563	340	628	674	428	365	576	333	663	417	358	661	333	632	361	670	334	741	504	744	331	738	523	735	436	593	
775	413	385	361	323	383	459	758	0	338	664	747	326	355	667	711	726	302	715	647	396	501	429	745	751	471	438	766	752	783	430	670	742	450	390	463	346	343	387	787	624	500	577	523	510	513	572	582	625	334	545	779	536	726	358	478	794	696	495	674	343	
607	430	629	633	466	436	408	696	338	0	674	659	691	544	659	303	716	632	351	678	402	563	618	486	346	416	673	424	769	625	608	564	350	489	589	447	503	701	661	770	549	719	434	553	333	689	381	775	453	670	680	412	772	549	521	376	424	579	434	458	717	
741	628	468	449	441	338	774	464	664	674	0	320	353	452	473	445	438	322	361	763	784	631	777	304	678	524	333	590	592	711	486	553	350	314	593	314	428	722	453	787	792	430	609	449	776	659	627	662	484	595	742	548	354	588	690	644	605	462	687	411	315	
455	540	737	635	738	413	783	323	747	659	320	0	702	744	789	734	463	534	690	366	692	450	304	698	707	640	355	666	382	786	531	687	416	584	523	776	309	417	543	591	413	642	511	710	431	334	503	738	322	683	474	394	443	766	663	356	412	374	616	476	551	
793	365	539	604	312	590	509	316	326	691	353	702	0	541	724	660	494	305	680	645	358	390	377	687	793	709	647	581	615	711	798	722	693	780	321	588	656	309	764	525	448	403	664	419	678	633	635	616	756	542	429	387	722	666	759	641	549	414	611	424	799	
495	683	751	502	528	482	650	448	355	544	452	744	541	0	662	691	628	315	503	496	524	752	404	677	797	684	551	323	671	613	354	737	506	548	454	403	535	744	611	681	565	363	385	457	425	781	666	403	501	424	628	500	676	782	532	347	534	367	322	748	513	
711	408	470	698	602	751	494	788	667	659	473	789	724	662	0	376	671	307	518	442	456	505	495	333	334	478	579	478	741	798	780	776	721	410	727	354	686	716	317	372	378	714	515	631	622	414	746	579	691	383	585	593	439	413	617	638	338	582	485	359	392	
671	373	595	322	767	457	372	449	711	303	445	734	660	691	376	0	382	458	730	631	517	461	538	608	413	378	326	564	774	321	363	330	768	503	511	388	311	564	765	437	511	685	321	545	414	361	332	442	421	334	636	730	526	672	443	641	629	603	668	601	684	
377	746	504	733	358	413	305	518	726	716	438	463	494	628	671	382	0	302	687	396	694	459	736	683	660	453	568	668	442	519	328	407	469	635	329	426	528	336	622	446	695	551	597	372	700	523	395	600	514	427	383	415	478	379	313	367	551	777	784	785	726	
691	686	643	620	523	756	413	350	302	632	322	534	305	315	307	458	302	0	646	357	500	613	629	305	533	314	771	507	645	622	701	321	519	331	367	348	727	414	568	676	595	616	723	449	798	314	769	708	760	725	587	647	763	523	598	584	668	397	471	493	666	
748	608	615	739	529	646	460	796	715	351	361	690	680	503	518	730	687	646	0	395	685	583	684	638	341	535	757	632	500	511	675	485	754	433	450	579	766	365	468	646	748	725	786	641	594	778	494	382	750	528	395	349	624	441	682	717	532	440	379	613	600	
760	300	674	780	517	691	668	340	647	678	763	366	645	496	442	631	396	357	395	0	322	619	568	785	669	340	422	785	464	553	542	670	369	580	529	525	414	577	521	561	415	345	676	590	658	474	473	317	397	363	594	487	624	563	547	794	317	540	488	393	696	
377	324	526	480	513	364	520	396	396	402	784	692	358	524	456	517	694	500	685	322	0	518	616	641	606	736	741	319	691	625	444	474	308	464	440	476	468	716	714	624	545	542	507	412	795	732	710	758	757	475	316	657	462	760	455	792	577	640	444	618	310	
755	371	316	627	766	789	607	661	501	563	631	450	390	752	505	461	459	613	583	619	518	0	711	413	460	742	772	387	668	785	422	721	624	609	495	417	573	418	587	602	618	728	560	367	409	673	473	471	612	519	532	668	410	537	665	595	574	782	662	475	437	
302	547	304	663	643	336	547	324	429	618	777	304	377	404	495	538	736	629	684	568	616	711	0	762	797	521	505	628	354	504	641	514	436	565	438	566	788	374	503	511	549	764	307	475	787	646	591	775	415	603	380	713	447	365	768	460	395	433	587	524	632	
614	790	594	650	322	431	784	403	745	486	304	698	687	677	333	608	683	305	638	785	641	413	762	0	427	377	715	305	614	498	753	393	628	620	742	627	681	692	758	488	611	558	505	488	781	516	338	497	498	502	475	364	329	756	577	412	643	490	462	616	509	
376	722	760	770	514	386	636	451	751	346	678	707	793	797	334	413	660	533	341	669	606	460	797	427	0	455	778	461	612	505	344	593	650	471	439	340	441	568	562	799	326	464	328	446	749	694	522	568	634	346	514	698	704	646	770	391	474	549	614	490	786	
390	646	685	706	347	651	442	516	471	416	524	640	709	684	478	378	453	314	535	340	736	742	521	377	455	0	680	321	575	529	743	399	626	422	705	652	558	615	361	710	423	712	538	409	419	673	634	606	364	396	630	691	322	598	477	667	377	479	487	452	543	
506	371	750	618	483	439	573	709	438	673	333	355	647	551	579	326	568	771	757	422	741	772	505	715	778	680	0	727	650	751	688	336	373	530	373	334	651	330	528	349	585	595	498	395	471	683	429	615	588	426	730	591	494	442	789	727	628	520	767	796	760	
634	310	733	525	712	428	690	406	766	424	590	666	581	323	478	564	668	507	632	785	319	387	628	305	461	321	727	0	426	787	742	466	791	698	694	542	560	653	770	551	650	509	588	424	701	795	535	767	494	478	630	741	304	719	762	544	327	365	712	349	784	
457	648	426	725	620	481	514	766	752	769	592	382	615	671	741	774	442	645	500	464	691	668	354	614	612	575	650	426	0	557	674	754	691	451	459	481	613	708	725	563	593	467	452	435	746	396	333	469	369	424	541	749	532	309	376	311	746	390	412	561	457	
658	318	340	721	786	548	644	685	783	625	711	786	711	613	798	321	519	622	511	553	625	785	504	498	505	529	751	787	557	0	466	509	666	626	794	791	630	551	445	427	584	475	701	616	787	318	319	427	627	400	716	774	745	787	578	391	693	507	349	577	681	
356	686	514	351	792	426	405	744	430	608	486	531	798	354	780	363	328	701	675	542	444	422	641	753	344	743	688	742	674	466	0	342	736	383	475	465	647	752	348	708	337	409	788	619	315	493	759	513	556	779	749	516	559	734	497	704	663	539	407	668	644	
554	575	626	318	605	767	446	384	670	564	553	687	722	737	776	330	407	321	485	670	474	721	514	393	593	399	336	466	754	509	342	0	517	794	651	689	401	311	581	556	533	369	450	572	489	397	578	667	602	533	546	354	625	379	604	717	632	695	593	517	435	
620	442	336	762	491	683	474	388	742	350	350	416	693	506	721	768	469	519	754	369	308	624	436	628	650	626	373	791	691	666	736	517	0	462	379	506	665	451	754	693	728	394	325	351	429	612	428	472	786	467	626	783	665	358	513	689	647	512	654	630	701	
505	729	701	459	306	502	526	679	450	489	314	584	780	548	410	503	635	331	433	580	464	609	565	620	471	422	530	698	451	626	383	794	462	0	783	521	435	746	367	456	761	657	442	779	725	799	321	660	714	549	324	466	344	437	593	764	596	799	574	327	398	
654	795	562	465	418	506	565	330	390	589	593	523	321	454	727	511	329	367	450	529	440	495	438	742	439	705	373	694	459	794	475	651	379	783	0	419	350	415	377	482	496	508	315	349	397	384	654	402	342	772	439	455	419	418	519	380	752	786	384	440	783	
470	702	492	701	322	514	691	563	463	447	314	776	588	403	354	388	426	348	579	525	476	417	566	627	340	652	334	542	481	791	465	689	506	521	419	0	314	471	580	372	646	360	351	664	654	344	406	716	320	753	487	361	376	468	767	569	784	726	724	438	432	
515	772	355	328	716	501	539	340	346	503	428	309	656	535	686	311	528	727	766	414	468	573	788	681	441	558	651	560	613	630	647	401	665	435	350	314	0	409	549	612	341	672	761	320	664	636	524	668	394	535	309	523	619	753	383	712	594	731	533	520	473	
453	743	303	381	457	673	368	628	343	701	722	417	309	744	716	564	336	414	365	577	716	418	374	692	568	615	330	653	708	551	752	311	451	746	415	471	409	0	564	458	477	480	521	580	444	538	463	338	683	650	537	619	755	339	640	683	467	677	672	538	714	
380	762	516	789	391	552	364	674	387	661	453	543	764	611	317	765	622	568	468	521	714	587	503	758	562	361	528	770	725	445	348	581	754	367	377	580	549	564	0	387	757	442	560	685	645	516	650	538	683	714	641	510	362	510	599	532	686	590	354	363	723	
515	362	375	677	609	553	434	428	787	770	787	591	525	681	372	437	446	676	646	561	624	602	511	488	799	710	349	551	563	427	708	556	693	456	482	372	612	458	387	0	350	625	762	301	438	626	359	424	713	698	569	711	373	664	797	665	729	797	436	536	695	
613	579	730	721	658	760	673	365	624	549	792	413	448	565	378	511	695	595	748	415	545	618	549	611	326	423	585	650	593	584	337	533	728	761	496	646	341	477	757	350	0	739	767	308	573	583	383	337	306	370	758	489	349	327	625	574	389	326	551	677	458	
685	493	796	714	333	442	493	576	500	719	430	642	403	363	714	685	551	616	725	345	542	728	764	558	464	712	595	509	467	475	409	369	394	657	508	360	672	480	442	625	739	0	405	749	308	776	773	578	499	436	671	561	789	434	496	538	449	669	784	760	420	
469	301	572	562	392	743	483	333	577	434	609	511	664	385	515	321	597	723	786	676	507	560	307	505	328	538	498	588	452	701	788	450	325	442	315	351	761	521	560	762	767	405	0	370	781	674	334	649	601	613	339	352	446	766	569	644	708	513	433	576	318	
396	667	421	337	401	683	482	663	523	553	449	710	419	457	631	545	372	449	641	590	412	367	475	488	446	409	395	424	435	616	619	572	351	779	349	664	320	580	685	301	308	749	370	0	602	395	786	715	719	732	558	792	641	614	606	523	316	318	315	712	673	
366	690	766	692	381	372	452	417	510	333	776	431	678	425	622	414	700	798	594	658	795	409	787	781	749	419	471	701	746	787	315	489	429	725	397	654	664	444	645	438	573	308	781	602	0	579	443	719	502	735	459	734	624	699	455	580	317	582	636	497	615	
792	369	386	397	709	781	535	358	513	689	659	334	633	781	414	361	523	314	778	474	732	673	646	516	694	673	683	795	396	318	493	397	612	799	384	344	636	538	516	626	583	776	674	395	579	0	622	430	601	476	571	675	400	337	571	309	591	542	699	353	457	
744	409	305	573	440	496	608	661	572	381	627	503	635	666	746	332	395	769	494	473	710	473	591	338	522	634	429	535	333	319	759	578	428	321	654	406	524	463	650	359	383	773	334	786	443	622	0	570	511	539	605	435	505	554	584	511	339	672	418	356	768	
742	596	487	571	363	788	365	333	582	775	662	738	616	403	579	442	600	708	382	317	758	471	775	497	568	606	615	767	469	427	513	667	472	660	402	716	668	338	538	424	337	578	649	715	719	430	570	0	360	417	531	536	405	466	574	351	397	438	663	339	559	
455	318	456	374	613	758	343	632	625	453	484	322	756	501	691	421	514	760	750	397	757	612	415	498	634	364	588	494	369	627	556	602	786	714	342	320	394	683	683	713	306	499	601	719	502	601	511	360	0	369	648	449	567	639	323	435	445	325	687	430	463	
323	662	726	506	458	548	466	361	334	670	595	683	542	424	383	334	427	725	528	363	475	519	603	502	346	396	426	478	424	400	779	533	467	549	772	753	535	650	714	698	370	436	613	732	735	476	539	417	369	0	723	530	576	542	593	798	554	384	522	334	352	
500	388	397	307	648	780	579	670	545	680	742	474	429	628	585	636	383	587	395	594	316	532	380	475	514	630	730	630	541	716	749	546	626	324	439	487	309	537	641	569	758	671	339	558	459	571	605	531	648	723	0	328	798	363	584	510	466	476	511	474	758	
384	513	788	550	763	688	587	334	779	412	548	394	387	500	593	730	415	647	349	487	657	668	713	364	698	691	591	741	749	774	516	354	783	466	455	361	523	619	510	711	489	561	352	792	734	675	435	536	449	530	328	0	643	601	334	670	493	611	473	366	702	
443	726	712	746	656	580	393	741	536	772	354	443	722	676	439	526	478	763	624	624	462	410	447	329	704	322	494	304	532	745	559	625	665	344	419	376	619	755	362	373	349	789	446	641	624	400	505	405	567	576	798	643	0	673	523	468	492	634	355	782	534	
351	648	610	666	527	445	660	504	726	549	588	766	666	782	413	672	379	523	441	563	760	537	365	756	646	598	442	719	309	787	734	379	358	437	418	468	753	339	510	664	327	434	766	614	699	337	554	466	639	542	363	601	673	0	636	545	654	656	330	791	429	
336	558	370	561	348	645	724	744	358	521	690	663	759	532	617	443	313	598	682	547	455	665	768	577	770	477	789	762	376	578	497	604	513	593	519	767	383	640	599	797	625	496	569	606	455	571	584	574	323	593	584	334	523	636	0	382	465	452	418	588	514	
766	452	382	601	396	365	355	331	478	376	644	356	641	347	638	641	367	584	717	794	792	595	460	412	391	667	727	544	311	391	704	717	689	764	380	569	712	683	532	665	574	538	644	523	580	309	511	351	435	798	510	670	468	545	382	0	571	419	579	660	673	
415	619	516	318	689	386	637	738	794	424	605	412	549	534	338	629	551	668	532	317	577	574	395	643	474	377	628	327	746	693	663	632	647	596	752	784	594	467	686	729	389	449	708	316	317	591	339	397	445	554	466	493	492	654	465	571	0	482	627	634	634	
627	787	674	782	449	768	518	523	696	579	462	374	414	367	582	603	777	397	440	540	640	782	433	490	549	479	520	365	390	507	539	695	512	799	786	726	731	677	590	797	326	669	513	318	582	542	672	438	325	384	476	611	634	656	452	419	482	0	766	366	773	
389	506	305	769	609	491	580	735	495	434	687	616	611	322	485	668	784	471	379	488	444	662	587	462	614	487	767	712	412	349	407	593	654	574	384	724	533	672	354	436	551	784	433	315	636	699	418	663	687	522	511	473	355	330	418	579	627	766	0	393	332	
725	539	629	330	628	529	787	436	674	458	411	476	424	748	359	601	785	493	613	393	618	475	524	616	490	452	796	349	561	577	668	517	630	327	440	438	520	538	363	536	677	760	576	712	497	353	356	339	430	334	474	366	782	791	588	660	634	366	393	0	337	
601	368	309	750	734	433	547	593	343	717	315	551	799	513	392	684	726	666	600	696	310	437	632	509	786	543	760	784	457	681	644	435	701	398	783	432	473	714	723	695	458	420	318	673	615	457	768	559	463	352	758	702	534	429	514	673	634	773	332	337	0	
etats
Id_Station	Poids W	Min (P)	WSPT	Priorité	
1	5	301	33,44	1	
2	9	305	33,89	2	
3	6	319	35,44	3	
4	3	301	37,63	4	
5	3	307	38,38	5	
6	8	309	38,63	6	
7	1	310	38,75	7	
8	9	300	42,86	8	
9	6	301	43,00	9	
10	9	301	43,00	10	
11	3	302	43,14	11	
12	4	305	43,57	12	
13	1	306	43,71	13	
14	6	309	44,14	14	
15	3	317	45,29	15	
16	1	300	50,00	16	
17	2	301	50,17	17	
18	3	302	50,33	18	
19	1	310	51,67	19	
20	5	310	51,67	20	
21	9	300	60,00	21	
22	3	301	60,20	22	
23	3	302	60,40	23	
24	5	314	62,80	24	
25	7	316	63,20	25	
26	5	323	64,60	26	
27	1	326	65,20	27	
28	1	301	75,25	28	
29	3	301	75,25	29	
30	6	303	75,75	30	
31	4	305	76,25	31	
32	9	306	76,50	32	
33	7	309	77,25	33	
34	3	310	77,50	34	
35	1	313	78,25	35	
36	1	314	78,50	36	
37	1	316	79,00	37	
38	6	318	79,50	38	
39	8	323	80,75	39	
40	8	301	100,33	40	
41	1	305	101,67	41	
42	5	305	101,67	42	
43	1	309	103,00	43	
44	3	313	104,33	44	
45	2	316	105,33	45	
46	7	331	110,33	46	
47	6	335	111,67	47	
48	7	304	152,00	48	
49	9	304	152,00	49	
50	2	308	154,00	50	
51	7	300	300,00	51	
52	8	301	301,00	52	
53	8	301	301,00	53	
54	9	301	301,00	54	
55	8	303	303,00	55	
56	5	309	309,00	56	
57	4	313	313,00	57	
58	4	315	315,00	58	
59	4	319	319,00	59	
60	8	320	320,00	60	

