distances
0	583	441	310	483	372	614	342	776	378	510	798	591	683	670	574	500	571	652	787	345	714	755	394	467	533	587	350	484	743	487	443	499	391	790	360	471	437	779	508	420	754	587	450	716	331	505	416	649	320	316	357	301	760	529	554	366	412	673	664	331	
583	0	610	641	407	644	777	565	655	472	490	400	313	493	667	501	588	567	303	468	459	783	538	474	644	306	576	647	452	696	501	576	664	590	378	478	602	306	690	507	593	509	461	625	368	335	606	724	448	524	402	711	630	408	600	478	757	696	488	452	757	
441	610	0	404	628	344	670	507	399	434	709	302	536	571	656	464	350	646	448	734	443	505	683	542	305	502	602	556	342	496	633	610	415	381	329	597	646	724	753	625	359	569	489	791	494	638	393	396	713	396	730	479	484	531	335	789	678	401	599	499	308	
310	641	404	0	617	705	321	630	431	416	331	346	560	763	462	649	346	602	518	356	544	791	640	506	559	618	601	557	599	538	619	397	790	576	425	718	647	560	356	458	585	511	651	390	363	328	757	486	415	430	392	547	594	658	596	719	548	359	311	638	353	
483	407	628	617	0	517	357	602	601	733	748	648	671	394	400	723	427	466	790	639	446	584	514	793	398	305	681	333	434	721	561	476	575	471	546	479	310	759	518	756	694	581	474	420	406	404	354	555	526	639	453	767	568	679	445	301	465	586	303	430	609	
372	644	344	705	517	0	341	321	627	484	775	349	496	573	662	675	310	762	436	721	606	758	732	748	651	437	717	644	768	799	356	561	501	375	560	507	554	501	490	616	582	409	767	545	516	386	421	741	526	409	401	520	429	339	661	380	769	644	356	737	433	
614	777	670	321	357	341	0	744	427	599	343	620	780	338	553	600	615	461	633	468	653	305	622	481	599	582	439	406	752	550	316	510	561	472	533	745	624	612	493	357	760	403	407	592	394	524	483	606	593	798	793	540	590	715	569	587	477	551	619	504	704	
342	565	507	630	602	321	744	0	449	646	319	458	360	626	705	770	563	390	623	509	486	416	790	485	661	652	789	634	469	480	692	725	697	549	555	672	406	451	565	358	544	777	471	513	442	541	670	582	329	411	334	726	787	778	310	720	669	479	305	643	378	
776	655	399	431	601	627	427	449	0	307	442	504	571	666	780	425	591	772	758	374	459	460	304	733	712	335	301	612	737	726	448	596	605	695	792	733	415	329	566	758	765	536	763	538	496	731	526	755	699	357	711	790	398	529	651	560	410	525	378	562	576	
378	472	434	416	733	484	599	646	307	0	473	795	751	744	379	671	630	509	365	462	332	328	630	406	597	626	588	352	737	547	709	327	401	737	715	769	598	790	648	401	649	522	658	761	662	499	559	606	576	458	366	703	382	784	580	312	386	396	554	760	668	
510	490	709	331	748	775	343	319	442	473	0	762	450	422	777	533	514	764	413	551	522	395	567	582	613	656	608	685	778	527	372	560	495	588	433	799	563	677	513	391	674	508	397	693	386	411	705	607	748	441	707	766	647	352	778	535	638	686	356	527	799	
798	400	302	346	648	349	620	458	504	795	762	0	590	576	753	334	440	559	641	688	375	600	353	715	469	702	523	647	484	640	502	692	595	684	711	531	544	342	352	414	363	465	797	767	650	482	326	788	576	798	765	380	473	489	785	781	745	495	326	548	342	
591	313	536	560	671	496	780	360	571	751	450	590	0	745	736	438	386	385	665	701	740	548	630	671	767	365	714	567	526	583	712	352	358	731	373	626	620	425	544	412	590	330	507	551	446	373	440	515	355	309	656	616	572	519	417	563	623	702	662	694	588	
683	493	571	763	394	573	338	626	666	744	422	576	745	0	315	760	594	584	789	785	537	638	634	633	711	732	368	402	724	515	381	486	672	670	490	414	662	326	372	589	442	738	304	344	494	666	759	443	576	734	613	543	335	699	781	773	484	449	446	737	718	
670	667	656	462	400	662	553	705	780	379	777	753	736	315	0	454	401	726	511	496	498	494	526	301	660	532	776	756	669	447	337	514	425	726	502	455	553	385	354	589	456	714	788	744	345	392	721	557	514	661	613	423	727	405	713	370	377	748	599	375	463	
574	501	464	649	723	675	600	770	425	671	533	334	438	760	454	0	506	443	514	761	363	416	497	551	792	772	318	665	570	541	764	587	712	323	779	454	325	577	606	535	354	781	324	486	600	645	367	456	597	777	527	602	652	406	507	556	786	644	655	664	469	
500	588	350	346	427	310	615	563	591	630	514	440	386	594	401	506	0	441	495	383	782	726	410	493	753	788	782	730	695	363	421	607	779	741	363	365	797	747	414	424	719	431	384	532	797	597	697	460	333	799	520	763	640	729	638	700	655	555	550	638	406	
571	567	646	602	466	762	461	390	772	509	764	559	385	584	726	443	441	0	599	700	432	603	493	322	790	403	717	730	534	714	548	710	712	418	317	571	412	526	524	391	539	565	537	586	483	556	621	447	516	628	516	682	417	485	576	362	614	799	648	706	518	
652	303	448	518	790	436	633	623	758	365	413	641	665	789	511	514	495	599	0	403	743	301	574	758	474	578	373	637	441	381	345	692	758	471	654	420	441	581	516	748	728	336	625	643	315	484	371	335	323	478	617	351	753	477	342	626	442	367	753	520	319	
787	468	734	356	639	721	468	509	374	462	551	688	701	785	496	761	383	700	403	0	610	776	481	320	632	450	546	778	344	610	383	753	623	336	768	638	547	689	757	305	743	464	723	750	666	439	357	550	597	777	399	313	356	531	676	690	703	616	352	320	387	
345	459	443	544	446	606	653	486	459	332	522	375	740	537	498	363	782	432	743	610	0	433	466	626	622	664	710	672	765	378	412	326	375	406	734	715	327	596	655	557	429	461	538	682	576	645	701	515	673	418	491	486	417	586	450	660	609	561	499	765	636	
714	783	505	791	584	758	305	416	460	328	395	600	548	638	494	416	726	603	301	776	433	0	351	661	548	435	725	703	704	339	775	606	739	392	347	764	557	776	758	409	454	707	502	784	458	492	669	385	333	702	372	732	450	357	537	485	381	389	609	459	787	
755	538	683	640	514	732	622	790	304	630	567	353	630	634	526	497	410	493	574	481	466	351	0	498	788	617	696	448	416	698	577	432	438	512	573	331	593	702	519	756	428	693	766	615	734	441	492	338	590	552	784	779	373	487	478	301	357	415	559	646	395	
394	474	542	506	793	748	481	485	733	406	582	715	671	633	301	551	493	322	758	320	626	661	498	0	569	473	443	405	719	796	381	537	742	369	444	447	665	323	640	478	310	447	780	602	550	477	544	741	402	533	527	730	717	661	697	678	756	493	669	782	468	
467	644	305	559	398	651	599	661	712	597	613	469	767	711	660	792	753	790	474	632	622	548	788	569	0	506	551	650	601	382	468	575	574	494	784	365	413	735	399	638	402	784	727	306	497	632	649	525	542	531	425	462	373	740	439	563	387	412	503	779	402	
533	306	502	618	305	437	582	652	335	626	656	702	365	732	532	772	788	403	578	450	664	435	617	473	506	0	524	308	337	655	649	394	505	491	597	414	435	306	578	712	488	597	786	699	741	309	730	717	686	399	697	458	370	555	493	771	546	329	520	619	666	
587	576	602	601	681	717	439	789	301	588	608	523	714	368	776	318	782	717	373	546	710	725	696	443	551	524	0	647	790	473	462	671	645	362	650	702	764	689	350	423	334	762	331	402	744	791	330	389	775	759	616	549	636	421	609	462	463	515	551	563	627	
350	647	556	557	333	644	406	634	612	352	685	647	567	402	756	665	730	730	637	778	672	703	448	405	650	308	647	0	550	461	320	302	308	392	340	420	518	599	403	691	600	419	733	794	776	735	338	619	605	660	667	507	679	663	301	655	534	377	585	591	427	
484	452	342	599	434	768	752	469	737	737	778	484	526	724	669	570	695	534	441	344	765	704	416	719	601	337	790	550	0	633	313	732	414	347	773	760	331	548	563	605	467	604	531	649	443	668	384	475	474	782	552	667	486	773	501	398	354	460	521	754	659	
743	696	496	538	721	799	550	480	726	547	527	640	583	515	447	541	363	714	381	610	378	339	698	796	382	655	473	461	633	0	673	514	753	638	776	469	796	597	779	316	395	772	539	730	730	534	458	390	735	405	691	453	309	358	637	317	716	364	652	438	317	
487	501	633	619	561	356	316	692	448	709	372	502	712	381	337	764	421	548	345	383	412	775	577	381	468	649	462	320	313	673	0	641	488	764	544	397	740	751	316	745	769	795	401	749	346	317	769	583	510	394	628	694	478	744	669	406	682	385	635	495	555	
443	576	610	397	476	561	510	725	596	327	560	692	352	486	514	587	607	710	692	753	326	606	432	537	575	394	671	302	732	514	641	0	504	372	674	418	409	445	552	759	446	647	674	512	538	465	688	787	687	470	797	383	388	367	388	584	693	415	498	385	607	
499	664	415	790	575	501	561	697	605	401	495	595	358	672	425	712	779	712	758	623	375	739	438	742	574	505	645	308	414	753	488	504	0	361	587	747	756	641	663	568	763	796	583	529	541	339	752	790	709	746	776	428	314	341	776	340	335	405	782	358	623	
391	590	381	576	471	375	472	549	695	737	588	684	731	670	726	323	741	418	471	336	406	392	512	369	494	491	362	392	347	638	764	372	361	0	793	471	515	465	774	389	696	374	637	437	538	563	659	511	781	553	625	776	635	407	653	777	400	554	352	323	500	
790	378	329	425	546	560	533	555	792	715	433	711	373	490	502	779	363	317	654	768	734	347	573	444	784	597	650	340	773	776	544	674	587	793	0	720	574	599	421	477	720	677	677	316	759	628	762	742	731	430	430	466	566	343	609	502	522	343	707	349	501	
360	478	597	718	479	507	745	672	733	769	799	531	626	414	455	454	365	571	420	638	715	764	331	447	365	414	702	420	760	469	397	418	747	471	720	0	700	570	656	465	690	497	728	632	545	456	527	481	419	471	618	384	784	699	579	369	506	505	768	721	656	
471	602	646	647	310	554	624	406	415	598	563	544	620	662	553	325	797	412	441	547	327	557	593	665	413	435	764	518	331	796	740	409	756	515	574	700	0	341	667	314	620	755	536	398	772	745	683	527	363	315	672	416	617	468	753	540	465	313	747	321	720	
437	306	724	560	759	501	612	451	329	790	677	342	425	326	385	577	747	526	581	689	596	776	702	323	735	306	689	599	548	597	751	445	641	465	599	570	341	0	675	517	358	702	710	457	710	431	686	561	562	625	578	315	571	467	355	533	749	419	381	719	403	
779	690	753	356	518	490	493	565	566	648	513	352	544	372	354	606	414	524	516	757	655	758	519	640	399	578	350	403	563	779	316	552	663	774	421	656	667	675	0	494	492	509	455	597	475	420	603	349	754	520	515	619	356	490	359	551	366	796	558	461	459	
508	507	625	458	756	616	357	358	758	401	391	414	412	589	589	535	424	391	748	305	557	409	756	478	638	712	423	691	605	316	745	759	568	389	477	465	314	517	494	0	300	696	755	385	490	418	309	383	324	420	530	437	408	507	777	377	712	626	401	375	679	
420	593	359	585	694	582	760	544	765	649	674	363	590	442	456	354	719	539	728	743	429	454	428	310	402	488	334	600	467	395	769	446	763	696	720	690	620	358	492	300	0	675	776	725	473	372	412	373	630	669	348	313	505	422	775	580	585	407	323	415	707	
754	509	569	511	581	409	403	777	536	522	508	465	330	738	714	781	431	565	336	464	461	707	693	447	784	597	762	419	604	772	795	647	796	374	677	497	755	702	509	696	675	0	461	420	481	639	544	592	437	580	506	655	319	401	586	499	743	495	330	715	539	
587	461	489	651	474	767	407	471	763	658	397	797	507	304	788	324	384	537	625	723	538	502	766	780	727	786	331	733	531	539	401	674	583	637	677	728	536	710	455	755	776	461	0	678	427	681	662	349	693	734	360	330	392	314	346	316	377	777	326	757	790	
450	625	791	390	420	545	592	513	538	761	693	767	551	344	744	486	532	586	643	750	682	784	615	602	306	699	402	794	649	730	749	512	529	437	316	632	398	457	597	385	725	420	678	0	753	653	406	706	548	310	319	582	655	404	385	430	623	763	313	705	692	
716	368	494	363	406	516	394	442	496	662	386	650	446	494	345	600	797	483	315	666	576	458	734	550	497	741	744	776	443	730	346	538	541	538	759	545	772	710	475	490	473	481	427	753	0	350	446	729	439	751	760	463	769	456	368	595	775	611	569	557	392	
331	335	638	328	404	386	524	541	731	499	411	482	373	666	392	645	597	556	484	439	645	492	441	477	632	309	791	735	668	534	317	465	339	563	628	456	745	431	420	418	372	639	681	653	350	0	564	399	551	525	762	375	417	579	610	412	688	355	728	730	713	
505	606	393	757	354	421	483	670	526	559	705	326	440	759	721	367	697	621	371	357	701	669	492	544	649	730	330	338	384	458	769	688	752	659	762	527	683	686	603	309	412	544	662	406	446	564	0	339	364	415	341	509	655	314	535	436	544	741	696	565	309	
416	724	396	486	555	741	606	582	755	606	607	788	515	443	557	456	460	447	335	550	515	385	338	741	525	717	389	619	475	390	583	787	790	511	742	481	527	561	349	383	373	592	349	706	729	399	339	0	411	560	724	709	480	605	314	376	743	719	459	760	780	
649	448	713	415	526	526	593	329	699	576	748	576	355	576	514	597	333	516	323	597	673	333	590	402	542	686	775	605	474	735	510	687	709	781	731	419	363	562	754	324	630	437	693	548	439	551	364	411	0	493	408	402	578	434	604	488	431	755	604	580	515	
320	524	396	430	639	409	798	411	357	458	441	798	309	734	661	777	799	628	478	777	418	702	552	533	531	399	759	660	782	405	394	470	746	553	430	471	315	625	520	420	669	580	734	310	751	525	415	560	493	0	370	348	741	365	319	327	428	580	482	688	654	
316	402	730	392	453	401	793	334	711	366	707	765	656	613	613	527	520	516	617	399	491	372	784	527	425	697	616	667	552	691	628	797	776	625	430	618	672	578	515	530	348	506	360	319	760	762	341	724	408	370	0	448	685	487	493	700	567	497	398	645	770	
357	711	479	547	767	520	540	726	790	703	766	380	616	543	423	602	763	682	351	313	486	732	779	730	462	458	549	507	667	453	694	383	428	776	466	384	416	315	619	437	313	655	330	582	463	375	509	709	402	348	448	0	647	539	386	741	552	645	536	630	466	
301	630	484	594	568	429	590	787	398	382	647	473	572	335	727	652	640	417	753	356	417	450	373	717	373	370	636	679	486	309	478	388	314	635	566	784	617	571	356	408	505	319	392	655	769	417	655	480	578	741	685	647	0	776	740	308	626	448	744	605	432	
760	408	531	658	679	339	715	778	529	784	352	489	519	699	405	406	729	485	477	531	586	357	487	661	740	555	421	663	773	358	744	367	341	407	343	699	468	467	490	507	422	401	314	404	456	579	314	605	434	365	487	539	776	0	476	657	643	655	432	641	420	
529	600	335	596	445	661	569	310	651	580	778	785	417	781	713	507	638	576	342	676	450	537	478	697	439	493	609	301	501	637	669	388	776	653	609	579	753	355	359	777	775	586	346	385	368	610	535	314	604	319	493	386	740	476	0	518	486	657	732	411	605	
554	478	789	719	301	380	587	720	560	312	535	781	563	773	370	556	700	362	626	690	660	485	301	678	563	771	462	655	398	317	406	584	340	777	502	369	540	533	551	377	580	499	316	430	595	412	436	376	488	327	700	741	308	657	518	0	530	660	503	423	376	
366	757	678	548	465	769	477	669	410	386	638	745	623	484	377	786	655	614	442	703	609	381	357	756	387	546	463	534	354	716	682	693	335	400	522	506	465	749	366	712	585	743	377	623	775	688	544	743	431	428	567	552	626	643	486	530	0	709	359	570	766	
412	696	401	359	586	644	551	479	525	396	686	495	702	449	748	644	555	799	367	616	561	389	415	493	412	329	515	377	460	364	385	415	405	554	343	505	313	419	796	626	407	495	777	763	611	355	741	719	755	580	497	645	448	655	657	660	709	0	459	704	300	
673	488	599	311	303	356	619	305	378	554	356	326	662	446	599	655	550	648	753	352	499	609	559	669	503	520	551	585	521	652	635	498	782	352	707	768	747	381	558	401	323	330	326	313	569	728	696	459	604	482	398	536	744	432	732	503	359	459	0	369	314	
664	452	499	638	430	737	504	643	562	760	527	548	694	737	375	664	638	706	520	320	765	459	646	782	779	619	563	591	754	438	495	385	358	323	349	721	321	719	461	375	415	715	757	705	557	730	565	760	580	688	645	630	605	641	411	423	570	704	369	0	524	
331	757	308	353	609	433	704	378	576	668	799	342	588	718	463	469	406	518	319	387	636	787	395	468	402	666	627	427	659	317	555	607	623	500	501	656	720	403	459	679	707	539	790	692	392	713	309	780	515	654	770	466	432	420	605	376	766	300	314	524	0	
etats
Id_Station	Poids W	Min (P)	WSPT	Priorité	
1	4	301	33,44	1	
2	7	302	33,56	2	
3	8	306	34,00	3	
4	7	311	34,56	4	
5	6	312	34,67	5	
6	3	312	34,67	6	
7	9	313	34,78	7	
8	7	324	36,00	8	
9	8	300	37,50	9	
10	1	302	37,75	10	
11	6	302	37,75	11	
12	7	304	38,00	12	
13	2	304	38,00	13	
14	8	305	38,13	14	
15	4	316	39,50	15	
16	4	317	39,63	16	
17	7	318	39,75	17	
18	3	320	40,00	18	
19	7	302	43,14	19	
20	5	304	43,43	20	
21	4	317	45,29	21	
22	4	304	50,67	22	
23	5	304	50,67	23	
24	4	305	50,83	24	
25	3	316	52,67	25	
26	9	322	53,67	26	
27	1	332	55,33	27	
28	4	300	60,00	28	
29	1	301	60,20	29	
30	3	304	60,80	30	
31	5	310	62,00	31	
32	2	312	62,40	32	
33	4	301	75,25	33	
34	5	301	75,25	34	
35	3	304	76,00	35	
36	6	308	77,00	36	
37	7	309	77,25	37	
38	4	316	79,00	38	
39	6	317	79,25	39	
40	1	318	79,50	40	
41	9	302	100,67	41	
42	2	302	100,67	42	
43	4	304	101,33	43	
44	1	311	103,67	44	
45	8	316	105,33	45	
46	3	319	106,33	46	
47	5	305	152,50	47	
48	5	312	156,00	48	
49	4	312	156,00	49	
50	3	323	161,50	50	
51	1	301	301,00	51	
52	1	301	301,00	52	
53	4	302	302,00	53	
54	6	302	302,00	54	
55	1	302	302,00	55	
56	3	304	304,00	56	
57	7	304	304,00	57	
58	1	311	311,00	58	
59	1	314	314,00	59	
60	5	327	327,00	60	

