distances
0	577	794	397	705	632	589	530	351	477	774	689	508	573	607	711	526	731	645	354	448	483	546	503	763	621	349	502	607	703	302	531	635	637	485	607	536	544	353	626	514	750	351	621	455	782	338	570	420	395	554	554	532	630	599	704	313	728	677	480	678	
577	0	385	559	547	697	575	731	302	308	562	607	526	558	794	407	578	779	409	747	699	773	654	497	463	609	790	492	679	303	415	345	343	361	614	779	441	711	432	546	524	550	342	300	698	667	677	380	388	333	330	611	458	526	607	473	446	764	336	593	661	
794	385	0	402	428	708	474	793	726	791	580	662	391	662	451	324	445	578	640	500	387	715	761	453	416	761	492	708	314	643	415	489	700	417	400	603	623	796	535	515	623	630	529	354	717	694	378	719	555	779	633	313	321	549	442	555	404	615	798	342	788	
397	559	402	0	329	726	636	674	730	302	773	382	424	650	534	729	497	387	618	736	752	637	755	365	555	744	627	422	715	586	372	306	544	666	561	400	508	555	504	620	505	690	572	748	552	550	621	433	669	606	446	314	449	518	447	518	564	666	380	578	329	
705	547	428	329	0	579	502	311	313	429	684	642	507	533	475	730	355	673	429	525	398	484	646	536	670	751	618	336	322	707	571	787	696	728	386	334	512	591	607	332	532	406	484	487	465	783	429	393	505	329	756	711	743	627	642	766	307	574	415	517	542	
632	697	708	726	579	0	794	335	692	624	791	549	555	626	369	475	581	324	316	453	756	400	782	527	512	626	305	652	462	625	698	432	393	752	597	642	400	702	591	413	371	300	518	711	628	407	350	440	756	366	737	591	612	770	400	335	521	442	671	709	373	
589	575	474	636	502	794	0	412	525	562	462	497	468	612	744	355	357	592	557	519	435	604	700	518	620	444	661	313	663	548	475	444	602	574	669	456	397	741	437	496	392	506	534	586	618	593	327	399	526	673	673	592	647	759	679	620	710	734	599	467	318	
530	731	793	674	311	335	412	0	481	300	741	775	362	770	789	727	409	498	449	649	490	414	729	726	440	374	620	727	776	471	465	349	650	719	730	723	416	617	602	715	664	585	716	773	323	527	624	680	775	586	584	672	559	663	393	596	561	504	511	729	768	
351	302	726	730	313	692	525	481	0	656	389	724	569	335	425	316	638	753	699	321	437	643	347	512	315	676	672	344	332	707	648	504	545	684	314	368	512	551	316	790	744	783	654	333	672	309	469	306	632	552	756	553	757	707	419	774	335	502	719	399	720	
477	308	791	302	429	624	562	300	656	0	554	492	524	739	332	622	455	796	779	600	620	330	471	639	529	638	761	736	572	534	616	718	761	626	429	573	728	564	762	353	723	746	713	796	326	723	618	653	538	718	314	460	627	669	779	423	363	474	743	515	567	
774	562	580	773	684	791	462	741	389	554	0	650	728	711	395	616	509	305	301	533	595	475	303	473	352	660	486	598	436	634	571	442	494	409	464	674	402	618	659	624	497	352	786	684	346	378	631	569	524	666	409	464	435	396	757	523	681	414	432	468	756	
689	607	662	382	642	549	497	775	724	492	650	0	723	663	770	367	789	421	487	428	555	384	517	556	472	451	632	380	462	585	477	451	561	683	572	333	631	757	518	670	735	420	659	656	488	317	392	430	611	354	491	490	376	749	386	631	350	710	656	666	452	
508	526	391	424	507	555	468	362	569	524	728	723	0	633	657	603	430	784	469	398	675	317	654	350	719	713	433	445	532	548	777	368	456	508	797	503	565	589	544	554	329	799	439	632	749	458	598	425	740	556	770	312	647	759	434	483	782	584	356	650	735	
573	558	662	650	533	626	612	770	335	739	711	663	633	0	503	461	617	373	523	324	336	688	570	391	350	482	579	490	709	331	704	641	736	638	761	750	752	418	538	470	475	525	646	676	393	361	525	402	398	513	768	761	520	770	465	449	615	315	668	568	602	
607	794	451	534	475	369	744	789	425	332	395	770	657	503	0	422	466	492	767	727	611	386	615	706	651	625	617	682	544	489	469	405	523	319	635	359	321	445	456	541	370	371	512	334	689	765	781	486	500	711	327	480	775	667	563	322	632	598	497	370	733	
711	407	324	729	730	475	355	727	316	622	616	367	603	461	422	0	400	313	709	499	320	502	630	459	725	524	460	301	466	339	647	437	687	789	481	350	559	302	600	377	359	321	366	708	314	512	544	551	654	550	488	719	564	693	580	554	559	548	326	625	731	
526	578	445	497	355	581	357	409	638	455	509	789	430	617	466	400	0	798	758	755	467	486	654	511	480	364	545	585	736	769	729	419	400	764	350	407	312	426	365	644	715	658	640	711	329	503	396	463	393	330	642	624	562	499	355	732	607	407	542	573	510	
731	779	578	387	673	324	592	498	753	796	305	421	784	373	492	313	798	0	349	354	738	694	591	448	769	638	307	395	728	413	786	682	428	460	531	336	557	386	609	390	781	492	456	762	713	363	494	714	351	332	454	777	714	713	637	743	588	660	346	331	736	
645	409	640	618	429	316	557	449	699	779	301	487	469	523	767	709	758	349	0	477	791	506	675	600	370	492	790	703	549	602	363	717	393	592	705	632	762	665	508	355	751	684	317	539	473	558	565	332	379	609	793	597	433	773	508	462	326	372	369	533	570	
354	747	500	736	525	453	519	649	321	600	533	428	398	324	727	499	755	354	477	0	626	317	775	319	305	633	472	440	789	386	696	629	521	482	596	409	640	581	717	485	687	491	639	497	425	349	403	317	354	448	677	465	649	474	401	385	497	673	718	454	602	
448	699	387	752	398	756	435	490	437	620	595	555	675	336	611	320	467	738	791	626	0	745	770	754	674	644	559	436	448	582	637	667	363	498	757	720	772	551	732	604	472	417	443	751	401	633	481	781	723	797	721	498	484	469	743	386	790	616	697	424	631	
483	773	715	637	484	400	604	414	643	330	475	384	317	688	386	502	486	694	506	317	745	0	384	328	364	552	604	700	784	649	659	424	490	718	606	323	786	746	455	311	367	383	578	742	481	424	784	340	604	727	766	499	624	691	462	384	433	719	597	513	421	
546	654	761	755	646	782	700	729	347	471	303	517	654	570	615	630	654	591	675	775	770	384	0	529	437	371	756	768	576	304	726	437	470	303	333	556	565	580	702	390	545	624	332	465	634	527	483	301	371	484	384	707	765	485	524	404	376	728	555	453	420	
503	497	453	365	536	527	518	726	512	639	473	556	350	391	706	459	511	448	600	319	754	328	529	0	330	440	502	786	707	503	585	506	312	637	500	786	720	660	762	790	783	447	708	300	707	620	540	471	501	773	683	703	324	494	444	680	544	670	555	442	520	
763	463	416	555	670	512	620	440	315	529	352	472	719	350	651	725	480	769	370	305	674	364	437	330	0	540	429	419	509	708	768	732	776	763	488	406	515	666	335	667	535	369	696	445	325	672	690	738	449	743	544	740	726	663	489	779	320	560	790	645	587	
621	609	761	744	751	626	444	374	676	638	660	451	713	482	625	524	364	638	492	633	644	552	371	440	540	0	799	700	741	663	512	442	424	773	370	309	616	706	426	369	635	697	472	574	404	777	670	557	539	304	304	317	781	503	490	544	596	662	520	670	691	
349	790	492	627	618	305	661	620	672	761	486	632	433	579	617	460	545	307	790	472	559	604	756	502	429	799	0	692	401	459	703	517	680	654	338	578	585	377	673	655	580	734	551	410	445	659	702	366	562	303	485	515	536	442	631	300	741	478	327	638	356	
502	492	708	422	336	652	313	727	344	736	598	380	445	490	682	301	585	395	703	440	436	700	768	786	419	700	692	0	554	661	604	353	508	655	721	508	582	535	535	599	798	769	356	599	509	581	425	797	745	399	546	566	575	523	706	553	463	576	759	341	447	
607	679	314	715	322	462	663	776	332	572	436	462	532	709	544	466	736	728	549	789	448	784	576	707	509	741	401	554	0	453	316	701	740	302	384	792	604	654	606	707	638	773	772	571	378	672	625	685	681	689	310	703	437	384	334	358	658	383	790	555	417	
703	303	643	586	707	625	548	471	707	534	634	585	548	331	489	339	769	413	602	386	582	649	304	503	708	663	459	661	453	0	543	577	651	681	504	769	402	471	688	412	747	301	770	719	797	769	582	534	471	679	513	323	374	560	573	729	431	561	488	556	550	
302	415	415	372	571	698	475	465	648	616	571	477	777	704	469	647	729	786	363	696	637	659	726	585	768	512	703	604	316	543	0	763	449	667	409	453	385	496	533	329	471	381	582	663	368	546	688	325	664	746	441	576	360	690	379	769	548	691	487	301	483	
531	345	489	306	787	432	444	349	504	718	442	451	368	641	405	437	419	682	717	629	667	424	437	506	732	442	517	353	701	577	763	0	472	727	475	734	751	360	617	738	585	637	383	704	477	438	695	317	692	664	668	770	591	506	775	328	317	513	795	737	469	
635	343	700	544	696	393	602	650	545	761	494	561	456	736	523	687	400	428	393	521	363	490	470	312	776	424	680	508	740	651	449	472	0	658	458	619	744	649	526	539	501	682	391	414	527	452	591	373	507	621	583	737	529	742	593	552	433	646	689	664	630	
637	361	417	666	728	752	574	719	684	626	409	683	508	638	319	789	764	460	592	482	498	718	303	637	763	773	654	655	302	681	667	727	658	0	597	375	426	799	454	673	416	519	728	346	773	397	697	661	430	659	426	415	529	397	676	575	682	569	359	651	609	
485	614	400	561	386	597	669	730	314	429	464	572	797	761	635	481	350	531	705	596	757	606	333	500	488	370	338	721	384	504	409	475	458	597	0	577	535	604	600	586	761	323	558	489	787	515	765	474	437	647	655	626	503	383	553	764	406	691	789	383	365	
607	779	603	400	334	642	456	723	368	573	674	333	503	750	359	350	407	336	632	409	720	323	556	786	406	309	578	508	792	769	453	734	619	375	577	0	682	619	698	597	432	422	674	668	468	545	778	774	792	375	554	447	769	553	336	363	410	599	326	416	788	
536	441	623	508	512	400	397	416	512	728	402	631	565	752	321	559	312	557	762	640	772	786	565	720	515	616	585	582	604	402	385	751	744	426	535	682	0	343	552	754	738	712	683	362	374	531	433	684	322	724	665	560	758	412	351	693	301	395	406	627	397	
544	711	796	555	591	702	741	617	551	564	618	757	589	418	445	302	426	386	665	581	551	746	580	660	666	706	377	535	654	471	496	360	649	799	604	619	343	0	637	460	502	586	753	399	751	673	670	449	737	781	458	425	352	689	389	607	573	351	765	731	520	
353	432	535	504	607	591	437	602	316	762	659	518	544	538	456	600	365	609	508	717	732	455	702	762	335	426	673	535	606	688	533	617	526	454	600	698	552	637	0	641	617	572	419	733	478	519	647	706	371	549	794	421	543	604	383	383	723	791	666	590	422	
626	546	515	620	332	413	496	715	790	353	624	670	554	470	541	377	644	390	355	485	604	311	390	790	667	369	655	599	707	412	329	738	539	673	586	597	754	460	641	0	335	548	348	645	767	767	627	446	502	725	428	740	401	630	760	350	738	758	476	547	654	
514	524	623	505	532	371	392	664	744	723	497	735	329	475	370	359	715	781	751	687	472	367	545	783	535	635	580	798	638	747	471	585	501	416	761	432	738	502	617	335	0	319	512	415	767	781	404	713	336	504	349	763	774	427	523	774	636	479	490	564	421	
750	550	630	690	406	300	506	585	783	746	352	420	799	525	371	321	658	492	684	491	417	383	624	447	369	697	734	769	773	301	381	637	682	519	323	422	712	586	572	548	319	0	429	648	630	541	481	487	428	673	643	628	430	417	714	713	571	779	477	389	720	
351	342	529	572	484	518	534	716	654	713	786	659	439	646	512	366	640	456	317	639	443	578	332	708	696	472	551	356	772	770	582	383	391	728	558	674	683	753	419	348	512	429	0	791	363	537	586	550	306	324	579	797	788	343	531	350	442	569	747	405	455	
621	300	354	748	487	711	586	773	333	796	684	656	632	676	334	708	711	762	539	497	751	742	465	300	445	574	410	599	571	719	663	704	414	346	489	668	362	399	733	645	415	648	791	0	510	310	574	756	782	728	569	540	676	536	665	300	493	304	497	648	706	
455	698	717	552	465	628	618	323	672	326	346	488	749	393	689	314	329	713	473	425	401	481	634	707	325	404	445	509	378	797	368	477	527	773	787	468	374	751	478	767	767	630	363	510	0	796	639	440	490	342	547	692	440	620	360	656	768	786	533	741	682	
782	667	694	550	783	407	593	527	309	723	378	317	458	361	765	512	503	363	558	349	633	424	527	620	672	777	659	581	672	769	546	438	452	397	515	545	531	673	519	767	781	541	537	310	796	0	718	308	540	474	551	691	553	551	484	430	699	602	553	594	328	
338	677	378	621	429	350	327	624	469	618	631	392	598	525	781	544	396	494	565	403	481	784	483	540	690	670	702	425	625	582	688	695	591	697	765	778	433	670	647	627	404	481	586	574	639	718	0	388	684	571	492	319	701	316	611	300	755	647	473	674	696	
570	380	719	433	393	440	399	680	306	653	569	430	425	402	486	551	463	714	332	317	781	340	301	471	738	557	366	797	685	534	325	317	373	661	474	774	684	449	706	446	713	487	550	756	440	308	388	0	390	530	703	721	487	587	378	615	431	776	350	555	793	
420	388	555	669	505	756	526	775	632	538	524	611	740	398	500	654	393	351	379	354	723	604	371	501	449	539	562	745	681	471	664	692	507	430	437	792	322	737	371	502	336	428	306	782	490	540	684	390	0	693	651	778	780	538	623	681	439	779	634	364	340	
395	333	779	606	329	366	673	586	552	718	666	354	556	513	711	550	330	332	609	448	797	727	484	773	743	304	303	399	689	679	746	664	621	659	647	375	724	781	549	725	504	673	324	728	342	474	571	530	693	0	687	469	708	520	704	709	411	307	551	556	355	
554	330	633	446	756	737	673	584	756	314	409	491	770	768	327	488	642	454	793	677	721	766	384	683	544	304	485	546	310	513	441	668	583	426	655	554	665	458	794	428	349	643	579	569	547	551	492	703	651	687	0	433	395	490	552	598	703	468	776	479	765	
554	611	313	314	711	591	592	672	553	460	464	490	312	761	480	719	624	777	597	465	498	499	707	703	740	317	515	566	703	323	576	770	737	415	626	447	560	425	421	740	763	628	797	540	692	691	319	721	778	469	433	0	429	660	506	336	640	312	582	552	605	
532	458	321	449	743	612	647	559	757	627	435	376	647	520	775	564	562	714	433	649	484	624	765	324	726	781	536	575	437	374	360	591	529	529	503	769	758	352	543	401	774	430	788	676	440	553	701	487	780	708	395	429	0	697	732	623	472	467	700	570	593	
630	526	549	518	627	770	759	663	707	669	396	749	759	770	667	693	499	713	773	474	469	691	485	494	663	503	442	523	384	560	690	506	742	397	383	553	412	689	604	630	427	417	343	536	620	551	316	587	538	520	490	660	697	0	363	717	550	556	798	475	661	
599	607	442	447	642	400	679	393	419	779	757	386	434	465	563	580	355	637	508	401	743	462	524	444	489	490	631	706	334	573	379	775	593	676	553	336	351	389	383	760	523	714	531	665	360	484	611	378	623	704	552	506	732	363	0	657	305	512	309	692	416	
704	473	555	518	766	335	620	596	774	423	523	631	483	449	322	554	732	743	462	385	386	384	404	680	779	544	300	553	358	729	769	328	552	575	764	363	693	607	383	350	774	713	350	300	656	430	300	615	681	709	598	336	623	717	657	0	367	618	519	706	318	
313	446	404	564	307	521	710	561	335	363	681	350	782	615	632	559	607	588	326	497	790	433	376	544	320	596	741	463	658	431	548	317	433	682	406	410	301	573	723	738	636	571	442	493	768	699	755	431	439	411	703	640	472	550	305	367	0	635	793	583	434	
728	764	615	666	574	442	734	504	502	474	414	710	584	315	598	548	407	660	372	673	616	719	728	670	560	662	478	576	383	561	691	513	646	569	691	599	395	351	791	758	479	779	569	304	786	602	647	776	779	307	468	312	467	556	512	618	635	0	715	407	312	
677	336	798	380	415	671	599	511	719	743	432	656	356	668	497	326	542	346	369	718	697	597	555	555	790	520	327	759	790	488	487	795	689	359	789	326	406	765	666	476	490	477	747	497	533	553	473	350	634	551	776	582	700	798	309	519	793	715	0	795	358	
480	593	342	578	517	709	467	729	399	515	468	666	650	568	370	625	573	331	533	454	424	513	453	442	645	670	638	341	555	556	301	737	664	651	383	416	627	731	590	547	564	389	405	648	741	594	674	555	364	556	479	552	570	475	692	706	583	407	795	0	407	
678	661	788	329	542	373	318	768	720	567	756	452	735	602	733	731	510	736	570	602	631	421	420	520	587	691	356	447	417	550	483	469	630	609	365	788	397	520	422	654	421	720	455	706	682	328	696	793	340	355	765	605	593	661	416	318	434	312	358	407	0	
etats
Id_Station	Poids W	Min (P)	WSPT	Priorité	
1	2	300	33,33	1	
2	6	305	33,89	2	
3	9	314	34,89	3	
4	3	300	37,50	4	
5	7	301	37,63	5	
6	8	301	37,63	6	
7	2	302	37,75	7	
8	1	303	37,88	8	
9	1	305	38,13	9	
10	5	316	39,50	10	
11	7	318	39,75	11	
12	6	322	40,25	12	
13	5	301	43,00	13	
14	8	301	43,00	14	
15	5	302	43,14	15	
16	8	317	45,29	16	
17	9	321	45,86	17	
18	5	301	50,17	18	
19	4	302	50,33	19	
20	2	303	50,50	20	
21	1	306	51,00	21	
22	3	306	51,00	22	
23	4	306	51,00	23	
24	1	308	51,33	24	
25	8	316	52,67	25	
26	3	324	54,00	26	
27	8	355	59,17	27	
28	5	301	60,20	28	
29	1	301	60,20	29	
30	1	305	61,00	30	
31	9	306	61,20	31	
32	4	300	75,00	32	
33	4	300	75,00	33	
34	4	301	75,25	34	
35	9	302	75,50	35	
36	6	305	76,25	36	
37	9	312	78,00	37	
38	9	300	100,00	38	
39	8	300	100,00	39	
40	7	302	100,67	40	
41	2	302	100,67	41	
42	6	303	101,00	42	
43	8	304	101,33	43	
44	1	310	103,33	44	
45	3	300	150,00	45	
46	5	301	150,50	46	
47	6	302	151,00	47	
48	6	302	151,00	48	
49	6	300	300,00	49	
50	3	304	304,00	50	
51	5	304	304,00	51	
52	8	305	305,00	52	
53	3	306	306,00	53	
54	8	306	306,00	54	
55	3	307	307,00	55	
56	2	310	310,00	56	
57	2	315	315,00	57	
58	1	317	317,00	58	
59	2	318	318,00	59	
60	4	342	342,00	60	

