distances
0	326	542	535	638	662	721	570	730	677	522	384	507	505	728	718	707	384	357	318	437	323	366	529	490	539	596	449	312	628	701	795	587	671	375	361	592	733	613	375	429	615	520	573	379	610	395	719	468	778	428	565	784	626	499	498	554	599	388	792	397	
326	0	367	777	348	454	657	439	726	656	629	706	763	780	325	521	439	661	386	310	605	457	413	472	624	776	580	400	376	645	450	620	541	679	721	716	796	374	530	385	714	372	306	604	798	420	448	793	529	669	455	670	793	566	419	624	500	465	473	402	306	
542	367	0	503	731	640	460	407	366	368	445	594	585	770	454	474	520	377	364	401	779	441	380	614	639	632	322	718	385	518	531	487	594	584	617	576	686	621	384	431	588	338	678	464	759	705	583	781	683	367	744	483	673	650	648	336	680	775	618	748	371	
535	777	503	0	697	358	518	780	751	550	653	438	751	500	724	719	576	368	670	475	336	494	518	416	692	303	771	625	438	631	789	348	727	427	686	519	582	576	561	659	314	611	526	724	473	424	513	538	617	394	756	681	621	357	358	739	678	789	384	514	588	
638	348	731	697	0	341	406	462	330	475	796	522	345	546	442	479	555	410	523	518	696	620	680	470	308	436	756	536	339	423	554	461	613	750	695	396	567	507	430	545	733	642	688	413	471	757	710	325	421	481	665	644	672	349	345	484	660	519	454	333	424	
662	454	640	358	341	0	604	554	468	422	753	314	642	644	340	369	546	485	390	615	694	638	741	558	401	634	729	735	776	468	558	385	768	651	700	465	524	557	762	698	647	580	712	654	651	370	749	524	438	487	794	463	777	771	513	791	387	330	455	503	646	
721	657	460	518	406	604	0	609	793	662	502	382	477	519	781	715	381	503	595	311	545	355	420	376	399	341	350	433	561	314	798	357	792	756	659	642	617	421	500	340	485	782	693	375	302	320	736	631	484	319	530	790	582	524	467	661	397	392	654	410	751	
570	439	407	780	462	554	609	0	323	755	433	684	550	704	679	483	554	469	704	699	548	547	309	626	734	702	750	590	784	321	305	617	698	318	490	781	473	318	526	566	532	569	735	366	600	342	603	733	726	315	774	469	775	360	419	757	575	687	517	678	666	
730	726	366	751	330	468	793	323	0	403	781	335	783	324	421	320	662	700	375	796	693	638	540	456	660	508	314	764	742	384	722	730	586	627	528	556	719	556	474	577	505	455	350	662	675	720	534	768	391	784	331	474	460	497	511	320	774	555	608	323	692	
677	656	368	550	475	422	662	755	403	0	348	734	586	499	642	644	696	790	345	773	648	702	593	554	536	542	554	566	668	795	389	747	610	717	507	384	642	407	429	303	741	633	544	408	676	444	605	571	571	369	515	494	616	557	403	467	783	505	436	779	640	
522	629	445	653	796	753	502	433	781	348	0	700	555	668	659	624	320	711	421	632	486	745	328	679	716	443	358	476	780	452	727	521	701	656	420	584	703	650	495	312	443	352	374	758	627	781	477	367	765	312	313	699	593	515	333	548	389	548	336	378	339	
384	706	594	438	522	314	382	684	335	734	700	0	794	661	389	381	579	724	542	664	741	354	456	546	671	437	641	433	437	394	776	439	614	573	660	478	548	525	553	370	438	327	494	580	664	735	424	491	408	467	648	328	727	456	506	542	629	555	312	688	369	
507	763	585	751	345	642	477	550	783	586	555	794	0	687	412	460	718	390	748	352	503	487	450	315	752	758	472	653	700	615	628	342	473	538	789	498	561	575	792	754	722	532	459	402	507	372	389	401	679	623	654	468	550	526	549	559	367	621	430	579	619	
505	780	770	500	546	644	519	704	324	499	668	661	687	0	429	773	524	310	632	754	413	303	723	331	485	585	710	725	347	349	718	388	625	507	756	624	448	467	561	749	599	423	364	746	643	443	553	741	553	425	593	513	371	586	782	661	667	448	474	324	319	
728	325	454	724	442	340	781	679	421	642	659	389	412	429	0	578	422	590	424	659	492	324	772	423	347	435	794	468	666	661	411	343	391	659	495	634	306	386	558	419	424	643	458	542	306	597	769	351	680	490	330	483	721	604	374	662	643	671	693	696	435	
718	521	474	719	479	369	715	483	320	644	624	381	460	773	578	0	673	374	512	456	513	308	418	675	799	583	668	510	443	624	522	705	776	500	320	482	328	733	574	692	695	533	599	310	424	652	344	710	582	528	463	608	702	687	651	793	436	634	627	609	767	
707	439	520	576	555	546	381	554	662	696	320	579	718	524	422	673	0	331	366	651	500	665	385	726	710	421	368	394	787	502	654	306	321	527	623	530	733	438	616	761	529	370	337	665	313	615	636	313	778	532	472	796	650	651	714	742	695	635	657	654	511	
384	661	377	368	410	485	503	469	700	790	711	724	390	310	590	374	331	0	619	701	546	436	318	527	300	322	497	379	670	499	328	492	546	614	609	308	469	579	616	598	562	329	470	623	718	340	480	301	622	767	301	689	698	559	593	624	465	408	713	690	424	
357	386	364	670	523	390	595	704	375	345	421	542	748	632	424	512	366	619	0	415	448	713	628	422	380	700	384	611	656	497	474	456	348	462	408	384	586	587	558	421	588	542	362	323	794	694	735	334	736	433	431	759	490	637	555	344	668	566	793	480	364	
318	310	401	475	518	615	311	699	796	773	632	664	352	754	659	456	651	701	415	0	696	516	694	600	786	672	759	724	650	681	488	394	386	324	657	584	780	636	676	618	476	678	573	363	674	665	512	373	326	498	489	325	699	566	574	592	660	451	573	577	611	
437	605	779	336	696	694	545	548	693	648	486	741	503	413	492	513	500	546	448	696	0	375	560	637	723	402	314	751	465	311	593	718	316	314	543	330	554	358	687	719	633	648	716	389	311	713	761	607	797	316	702	365	386	529	433	754	723	706	679	652	346	
323	457	441	494	620	638	355	547	638	702	745	354	487	303	324	308	665	436	713	516	375	0	732	764	588	480	756	397	763	566	311	716	607	721	377	682	342	524	713	711	763	627	585	437	730	339	519	623	712	503	664	794	798	661	664	534	716	691	414	431	428	
366	413	380	518	680	741	420	309	540	593	328	456	450	723	772	418	385	318	628	694	560	732	0	397	632	446	470	686	375	664	771	410	515	712	341	349	628	677	448	760	541	712	442	450	587	479	622	504	482	522	623	752	395	699	663	618	448	376	792	794	491	
529	472	614	416	470	558	376	626	456	554	679	546	315	331	423	675	726	527	422	600	637	764	397	0	460	676	734	443	467	462	374	775	497	358	350	690	600	540	338	460	777	318	661	639	300	630	403	479	346	312	380	514	653	743	662	409	621	334	576	550	383	
490	624	639	692	308	401	399	734	660	536	716	671	752	485	347	799	710	300	380	786	723	588	632	460	0	798	410	732	471	629	314	567	673	417	552	753	351	431	707	759	410	581	363	762	342	584	579	539	630	302	582	681	740	579	341	361	721	339	736	318	480	
539	776	632	303	436	634	341	702	508	542	443	437	758	585	435	583	421	322	700	672	402	480	446	676	798	0	556	529	350	578	648	689	503	713	391	413	504	585	482	378	664	680	450	474	589	587	653	640	339	710	612	483	305	328	578	687	308	669	676	691	396	
596	580	322	771	756	729	350	750	314	554	358	641	472	710	794	668	368	497	384	759	314	756	470	734	410	556	0	734	351	358	684	462	491	675	631	742	505	561	385	324	479	380	783	548	539	656	660	636	487	649	394	608	342	458	633	389	332	492	509	405	328	
449	400	718	625	536	735	433	590	764	566	476	433	653	725	468	510	394	379	611	724	751	397	686	443	732	529	734	0	387	455	754	551	731	366	418	456	573	627	758	505	509	655	691	745	752	759	727	715	489	452	625	773	658	435	711	509	412	497	369	414	670	
312	376	385	438	339	776	561	784	742	668	780	437	700	347	666	443	787	670	656	650	465	763	375	467	471	350	351	387	0	417	750	666	374	675	648	610	756	481	675	709	609	505	770	742	798	376	560	447	640	649	638	315	519	599	324	520	442	792	406	638	605	
628	645	518	631	423	468	314	321	384	795	452	394	615	349	661	624	502	499	497	681	311	566	664	462	629	578	358	455	417	0	638	643	764	768	517	713	323	337	667	556	797	346	355	411	540	372	529	485	791	399	386	445	630	313	359	629	780	434	517	635	722	
701	450	531	789	554	558	798	305	722	389	727	776	628	718	411	522	654	328	474	488	593	311	771	374	314	648	684	754	750	638	0	796	568	608	339	673	772	334	477	592	467	726	440	778	440	686	334	743	364	758	679	746	725	521	397	439	467	607	699	483	656	
795	620	487	348	461	385	357	617	730	747	521	439	342	388	343	705	306	492	456	394	718	716	410	775	567	689	462	551	666	643	796	0	613	688	344	538	767	407	555	385	340	598	703	683	670	494	371	438	590	670	795	514	417	472	439	641	530	774	694	420	709	
587	541	594	727	613	768	792	698	586	610	701	614	473	625	391	776	321	546	348	386	316	607	515	497	673	503	491	731	374	764	568	613	0	636	786	347	426	672	797	462	793	474	612	654	561	386	565	628	454	525	399	562	329	570	352	324	313	665	488	632	505	
671	679	584	427	750	651	756	318	627	717	656	573	538	507	659	500	527	614	462	324	314	721	712	358	417	713	675	366	675	768	608	688	636	0	783	515	552	580	709	683	452	438	326	561	640	479	392	798	703	724	685	552	393	543	500	667	763	329	372	341	748	
375	721	617	686	695	700	659	490	528	507	420	660	789	756	495	320	623	609	408	657	543	377	341	350	552	391	631	418	648	517	339	344	786	783	0	341	426	449	792	397	444	720	599	537	316	706	700	793	689	654	725	710	745	510	394	404	783	576	685	541	542	
361	716	576	519	396	465	642	781	556	384	584	478	498	624	634	482	530	308	384	584	330	682	349	690	753	413	742	456	610	713	673	538	347	515	341	0	621	702	607	783	360	434	559	692	457	596	324	766	345	745	488	510	632	768	353	548	655	505	656	689	650	
592	796	686	582	567	524	617	473	719	642	703	548	561	448	306	328	733	469	586	780	554	342	628	600	351	504	505	573	756	323	772	767	426	552	426	621	0	644	683	582	361	397	367	566	566	482	497	649	498	399	753	482	555	344	384	756	744	657	705	303	697	
733	374	621	576	507	557	421	318	556	407	650	525	575	467	386	733	438	579	587	636	358	524	677	540	431	585	561	627	481	337	334	407	672	580	449	702	644	0	571	617	756	693	536	724	407	358	330	589	435	762	373	717	449	766	455	620	673	350	579	690	430	
613	530	384	561	430	762	500	526	474	429	495	553	792	561	558	574	616	616	558	676	687	713	448	338	707	482	385	758	675	667	477	555	797	709	792	607	683	571	0	644	326	668	311	345	305	788	431	334	407	545	509	402	763	397	720	638	775	682	771	692	571	
375	385	431	659	545	698	340	566	577	303	312	370	754	749	419	692	761	598	421	618	719	711	760	460	759	378	324	505	709	556	592	385	462	683	397	783	582	617	644	0	792	683	592	721	506	510	399	746	596	654	322	798	444	698	482	576	476	494	392	790	595	
429	714	588	314	733	647	485	532	505	741	443	438	722	599	424	695	529	562	588	476	633	763	541	777	410	664	479	509	609	797	467	340	793	452	444	360	361	756	326	792	0	732	667	581	522	610	458	360	398	786	623	561	757	447	546	443	782	500	472	720	382	
615	372	338	611	642	580	782	569	455	633	352	327	532	423	643	533	370	329	542	678	648	627	712	318	581	680	380	655	505	346	726	598	474	438	720	434	397	693	668	683	732	0	553	596	716	486	443	776	374	611	396	682	750	601	407	632	540	391	577	365	540	
520	306	678	526	688	712	693	735	350	544	374	494	459	364	458	599	337	470	362	573	716	585	442	661	363	450	783	691	770	355	440	703	612	326	599	559	367	536	311	592	667	553	0	584	758	425	608	553	683	391	745	418	412	353	647	467	781	403	417	634	663	
573	604	464	724	413	654	375	366	662	408	758	580	402	746	542	310	665	623	323	363	389	437	450	639	762	474	548	745	742	411	778	683	654	561	537	692	566	724	345	721	581	596	584	0	713	382	633	361	388	533	610	715	474	510	372	353	363	675	755	352	551	
379	798	759	473	471	651	302	600	675	676	627	664	507	643	306	424	313	718	794	674	311	730	587	300	342	589	539	752	798	540	440	670	561	640	316	457	566	407	305	506	522	716	758	713	0	595	469	635	341	494	351	427	771	455	314	785	493	662	515	732	508	
610	420	705	424	757	370	320	342	720	444	781	735	372	443	597	652	615	340	694	665	713	339	479	630	584	587	656	759	376	372	686	494	386	479	706	596	482	358	788	510	610	486	425	382	595	0	374	798	675	773	456	506	760	760	418	587	762	477	529	308	472	
395	448	583	513	710	749	736	603	534	605	477	424	389	553	769	344	636	480	735	512	761	519	622	403	579	653	660	727	560	529	334	371	565	392	700	324	497	330	431	399	458	443	608	633	469	374	0	745	538	726	710	457	472	451	328	450	668	465	522	308	436	
719	793	781	538	325	524	631	733	768	571	367	491	401	741	351	710	313	301	334	373	607	623	504	479	539	640	636	715	447	485	743	438	628	798	793	766	649	589	334	746	360	776	553	361	635	798	745	0	667	501	699	516	326	731	744	526	661	381	730	405	508	
468	529	683	617	421	438	484	726	391	571	765	408	679	553	680	582	778	622	736	326	797	712	482	346	630	339	487	489	640	791	364	590	454	703	689	345	498	435	407	596	398	374	683	388	341	675	538	667	0	790	563	567	535	506	741	545	472	775	639	523	390	
778	669	367	394	481	487	319	315	784	369	312	467	623	425	490	528	532	767	433	498	316	503	522	312	302	710	649	452	649	399	758	670	525	724	654	745	399	762	545	654	786	611	391	533	494	773	726	501	790	0	761	420	622	744	559	416	753	432	731	494	537	
428	455	744	756	665	794	530	774	331	515	313	648	654	593	330	463	472	301	431	489	702	664	623	380	582	612	394	625	638	386	679	795	399	685	725	488	753	373	509	322	623	396	745	610	351	456	710	699	563	761	0	331	377	610	732	399	472	390	453	445	737	
565	670	483	681	644	463	790	469	474	494	699	328	468	513	483	608	796	689	759	325	365	794	752	514	681	483	608	773	315	445	746	514	562	552	710	510	482	717	402	798	561	682	418	715	427	506	457	516	567	420	331	0	710	465	648	593	689	524	400	375	395	
784	793	673	621	672	777	582	775	460	616	593	727	550	371	721	702	650	698	490	699	386	798	395	653	740	305	342	658	519	630	725	417	329	393	745	632	555	449	763	444	757	750	412	474	771	760	472	326	535	622	377	710	0	437	547	683	749	674	588	713	315	
626	566	650	357	349	771	524	360	497	557	515	456	526	586	604	687	651	559	637	566	529	661	699	743	579	328	458	435	599	313	521	472	570	543	510	768	344	766	397	698	447	601	353	510	455	760	451	731	506	744	610	465	437	0	658	590	517	547	624	404	606	
499	419	648	358	345	513	467	419	511	403	333	506	549	782	374	651	714	593	555	574	433	664	663	662	341	578	633	711	324	359	397	439	352	500	394	353	384	455	720	482	546	407	647	372	314	418	328	744	741	559	732	648	547	658	0	785	477	638	701	564	745	
498	624	336	739	484	791	661	757	320	467	548	542	559	661	662	793	742	624	344	592	754	534	618	409	361	687	389	509	520	629	439	641	324	667	404	548	756	620	638	576	443	632	467	353	785	587	450	526	545	416	399	593	683	590	785	0	302	372	703	576	590	
554	500	680	678	660	387	397	575	774	783	389	629	367	667	643	436	695	465	668	660	723	716	448	621	721	308	332	412	442	780	467	530	313	763	783	655	744	673	775	476	782	540	781	363	493	762	668	661	472	753	472	689	749	517	477	302	0	391	432	585	494	
599	465	775	789	519	330	392	687	555	505	548	555	621	448	671	634	635	408	566	451	706	691	376	334	339	669	492	497	792	434	607	774	665	329	576	505	657	350	682	494	500	391	403	675	662	477	465	381	775	432	390	524	674	547	638	372	391	0	746	428	507	
388	473	618	384	454	455	654	517	608	436	336	312	430	474	693	627	657	713	793	573	679	414	792	576	736	676	509	369	406	517	699	694	488	372	685	656	705	579	771	392	472	577	417	755	515	529	522	730	639	731	453	400	588	624	701	703	432	746	0	506	461	
792	402	748	514	333	503	410	678	323	779	378	688	579	324	696	609	654	690	480	577	652	431	794	550	318	691	405	414	638	635	483	420	632	341	541	689	303	690	692	790	720	365	634	352	732	308	308	405	523	494	445	375	713	404	564	576	585	428	506	0	496	
397	306	371	588	424	646	751	666	692	640	339	369	619	319	435	767	511	424	364	611	346	428	491	383	480	396	328	670	605	722	656	709	505	748	542	650	697	430	571	595	382	540	663	551	508	472	436	508	390	537	737	395	315	606	745	590	494	507	461	496	0	
etats
Id_Station	Poids W	Min (P)	WSPT	Priorité	
1	3	302	33,56	1	
2	2	303	33,67	2	
3	7	304	33,78	3	
4	8	308	34,22	4	
5	9	313	34,78	5	
6	7	316	35,11	6	
7	1	323	35,89	7	
8	5	301	37,63	8	
9	4	304	38,00	9	
10	1	305	38,13	10	
11	8	306	38,25	11	
12	7	309	38,63	12	
13	8	309	38,63	13	
14	2	309	38,63	14	
15	6	305	43,57	15	
16	7	306	43,71	16	
17	2	306	43,71	17	
18	2	314	44,86	18	
19	8	328	46,86	19	
20	1	303	50,50	20	
21	3	307	51,17	21	
22	2	307	51,17	22	
23	6	315	52,50	23	
24	7	317	52,83	24	
25	4	317	52,83	25	
26	7	300	60,00	26	
27	2	301	60,20	27	
28	2	308	61,60	28	
29	5	316	63,20	29	
30	8	326	65,20	30	
31	9	326	65,20	31	
32	8	305	76,25	32	
33	4	305	76,25	33	
34	1	311	77,75	34	
35	7	318	79,50	35	
36	8	327	81,75	36	
37	2	302	100,67	37	
38	1	303	101,00	38	
39	8	304	101,33	39	
40	2	304	101,33	40	
41	8	306	102,00	41	
42	1	308	102,67	42	
43	6	315	105,00	43	
44	8	318	106,00	44	
45	2	336	112,00	45	
46	3	341	113,67	46	
47	5	302	151,00	47	
48	1	307	153,50	48	
49	5	309	154,50	49	
50	3	300	300,00	50	
51	6	301	301,00	51	
52	4	302	302,00	52	
53	2	303	303,00	53	
54	5	304	304,00	54	
55	9	308	308,00	55	
56	4	309	309,00	56	
57	5	309	309,00	57	
58	1	314	314,00	58	
59	3	315	315,00	59	
60	8	316	316,00	60	

