distances
0	528	761	455	537	523	642	665	371	543	746	485	396	377	662	332	649	418	309	512	399	536	666	486	387	407	782	413	635	456	739	628	777	427	629	564	483	406	591	358	357	767	511	763	771	417	565	763	769	548	459	746	322	724	536	706	566	570	468	748	394	
528	0	507	435	698	429	772	422	408	728	365	521	597	429	481	703	301	413	525	300	386	545	424	413	398	465	779	572	591	429	709	328	507	460	449	502	495	786	522	592	789	426	438	397	472	416	482	534	495	664	377	703	706	562	418	364	564	576	425	602	709	
761	507	0	365	416	423	673	660	392	622	531	530	430	671	717	372	617	702	303	741	746	473	763	580	477	486	779	483	621	588	436	305	392	740	676	494	762	707	738	738	702	575	581	773	313	594	505	599	775	791	639	561	642	585	504	760	680	457	499	766	358	
455	435	365	0	747	346	481	643	582	545	705	525	630	670	766	751	341	426	669	759	656	580	326	393	333	498	769	574	476	485	536	684	428	351	391	658	403	515	722	753	528	507	735	549	632	352	483	408	764	401	459	528	688	332	407	377	350	570	420	588	586	
537	698	416	747	0	511	525	491	702	726	720	594	768	694	613	381	433	599	444	608	340	505	568	726	520	592	424	705	528	594	758	608	351	389	631	670	571	611	637	480	664	592	673	322	617	373	563	423	433	447	697	656	634	356	681	594	505	637	308	314	755	
523	429	423	346	511	0	414	554	398	391	554	539	408	471	439	729	461	405	432	468	558	502	418	349	572	706	671	709	610	336	545	322	691	637	432	666	405	489	666	341	783	491	513	464	300	490	346	484	340	788	774	366	561	770	757	516	720	483	361	377	384	
642	772	673	481	525	414	0	673	396	784	359	546	707	544	395	628	467	382	667	750	478	342	337	596	526	464	767	587	623	621	712	355	478	466	562	632	376	417	310	722	684	740	629	379	673	733	318	405	537	362	663	608	689	498	632	412	454	688	580	602	663	
665	422	660	643	491	554	673	0	333	463	791	682	381	632	447	670	762	503	783	740	502	455	540	633	742	524	708	785	787	520	547	561	586	723	719	380	754	433	539	513	364	351	541	323	310	608	773	679	625	519	685	483	616	499	649	604	624	586	435	530	321	
371	408	392	582	702	398	396	333	0	396	484	339	432	554	359	722	457	689	558	351	557	330	372	433	695	623	542	328	585	541	712	595	780	747	347	630	624	596	750	782	654	516	486	708	732	620	361	378	577	414	789	516	593	773	328	695	606	482	661	451	457	
543	728	622	545	726	391	784	463	396	0	399	467	437	502	343	567	696	408	496	736	490	309	614	350	398	757	541	334	651	496	474	525	579	775	795	695	517	432	383	433	355	327	551	472	485	553	740	536	484	522	562	504	317	704	305	582	352	351	790	533	590	
746	365	531	705	720	554	359	791	484	399	0	381	311	549	438	607	579	671	584	479	628	651	564	421	781	693	316	561	315	430	766	657	558	656	598	569	755	366	427	592	608	495	660	522	455	403	763	308	441	603	556	732	679	588	532	554	705	594	357	709	301	
485	521	530	525	594	539	546	682	339	467	381	0	776	499	437	498	578	529	312	528	603	561	655	784	613	362	636	487	693	540	510	463	776	588	420	315	438	552	406	309	440	336	771	645	600	466	428	632	423	397	365	676	469	511	532	551	670	439	541	420	643	
396	597	430	630	768	408	707	381	432	437	311	776	0	735	754	483	701	637	456	691	588	724	733	734	555	705	553	573	539	473	507	676	451	757	592	619	575	375	361	550	750	503	584	666	767	443	658	532	649	497	673	522	377	457	333	590	341	477	780	610	779	
377	429	671	670	694	471	544	632	554	502	549	499	735	0	468	306	472	792	576	759	706	434	589	547	638	730	433	673	734	654	740	745	580	502	445	577	341	378	574	609	675	541	734	462	499	433	787	677	629	302	530	753	311	528	331	535	741	326	628	437	392	
662	481	717	766	613	439	395	447	359	343	438	437	754	468	0	618	322	520	747	303	593	502	508	755	414	659	700	391	719	675	609	582	598	748	448	325	604	666	679	776	689	710	323	384	695	323	553	545	729	433	683	665	779	385	393	318	339	319	546	682	712	
332	703	372	751	381	729	628	670	722	567	607	498	483	306	618	0	603	369	333	514	319	580	459	352	343	562	384	317	569	690	690	793	513	775	342	448	605	523	696	602	340	559	439	382	445	507	561	380	349	610	569	714	692	492	605	435	313	339	382	519	443	
649	301	617	341	433	461	467	762	457	696	579	578	701	472	322	603	0	311	676	581	366	661	769	310	479	405	785	419	422	751	539	714	470	305	399	432	644	771	368	490	501	473	520	763	499	705	476	364	543	601	659	550	427	733	346	748	783	604	459	497	539	
418	413	702	426	599	405	382	503	689	408	671	529	637	792	520	369	311	0	653	713	481	712	715	378	590	413	768	737	728	330	542	404	373	623	467	593	428	345	570	628	660	732	491	701	461	730	749	556	764	603	619	698	500	693	779	514	774	555	533	746	438	
309	525	303	669	444	432	667	783	558	496	584	312	456	576	747	333	676	653	0	423	599	354	784	473	715	780	668	764	459	778	774	447	495	410	638	781	716	626	532	626	347	459	786	397	511	399	759	603	758	795	465	646	575	667	597	444	604	768	770	554	581	
512	300	741	759	608	468	750	740	351	736	479	528	691	759	303	514	581	713	423	0	545	531	701	793	759	648	615	452	390	533	507	778	666	679	557	618	536	782	375	599	487	375	741	504	788	317	616	676	660	574	776	573	525	631	364	570	634	472	690	581	449	
399	386	746	656	340	558	478	502	557	490	628	603	588	706	593	319	366	481	599	545	0	361	613	677	528	364	476	436	710	453	594	418	466	342	546	444	488	732	590	686	517	722	533	413	348	522	601	713	448	739	370	690	588	716	705	744	731	497	504	774	476	
536	545	473	580	505	502	342	455	330	309	651	561	724	434	502	580	661	712	354	531	361	0	681	746	396	363	754	497	456	405	404	537	730	438	462	411	372	320	531	728	360	494	592	357	447	346	371	432	718	736	726	712	753	543	530	446	352	383	777	347	638	
666	424	763	326	568	418	337	540	372	614	564	655	733	589	508	459	769	715	784	701	613	681	0	610	696	729	619	586	327	502	657	708	776	434	305	398	684	678	352	510	395	637	647	464	402	796	323	348	441	358	303	557	430	415	794	474	551	458	397	774	633	
486	413	580	393	726	349	596	633	433	350	421	784	734	547	755	352	310	378	473	793	677	746	610	0	492	796	676	480	420	520	606	366	354	693	623	470	683	722	646	441	599	796	715	462	387	371	414	331	416	721	326	623	786	517	751	722	491	386	623	513	373	
387	398	477	333	520	572	526	742	695	398	781	613	555	638	414	343	479	590	715	759	528	396	696	492	0	706	741	735	460	389	794	373	759	322	310	772	311	663	351	583	539	495	327	797	584	486	643	561	465	305	455	438	557	731	569	402	459	677	416	678	353	
407	465	486	498	592	706	464	524	623	757	693	362	705	730	659	562	405	413	780	648	364	363	729	796	706	0	792	797	480	526	544	672	499	555	559	750	732	718	716	440	580	712	701	567	611	343	415	307	449	495	487	392	302	504	463	711	648	658	326	349	433	
782	779	779	769	424	671	767	708	542	541	316	636	553	433	700	384	785	768	668	615	476	754	619	676	741	792	0	757	324	481	656	653	322	718	490	383	461	595	690	309	531	437	690	582	770	475	724	446	346	546	711	744	719	419	328	571	349	482	395	695	692	
413	572	483	574	705	709	587	785	328	334	561	487	573	673	391	317	419	737	764	452	436	497	586	480	735	797	757	0	476	773	308	547	455	638	701	717	511	454	325	640	591	777	323	621	496	702	377	735	349	510	503	771	588	498	490	347	779	679	767	609	798	
635	591	621	476	528	610	623	787	585	651	315	693	539	734	719	569	422	728	459	390	710	456	327	420	460	480	324	476	0	743	794	516	735	363	662	525	637	776	439	583	751	454	724	685	506	794	575	453	402	499	323	419	386	751	637	451	583	704	489	785	682	
456	429	588	485	594	336	621	520	541	496	430	540	473	654	675	690	751	330	778	533	453	405	502	520	389	526	481	773	743	0	512	361	725	325	347	358	628	484	585	799	795	787	525	302	467	351	522	351	702	307	388	611	524	391	432	448	651	664	644	358	492	
739	709	436	536	758	545	712	547	712	474	766	510	507	740	609	690	539	542	774	507	594	404	657	606	794	544	656	308	794	512	0	354	301	309	443	706	705	697	559	787	620	714	594	637	353	350	548	436	531	778	340	365	680	622	574	449	327	635	620	788	445	
628	328	305	684	608	322	355	561	595	525	657	463	676	745	582	793	714	404	447	778	418	537	708	366	373	672	653	547	516	361	354	0	779	585	428	764	456	466	657	540	302	521	671	668	634	777	658	607	688	702	300	315	675	677	478	696	339	678	541	643	784	
777	507	392	428	351	691	478	586	780	579	558	776	451	580	598	513	470	373	495	666	466	730	776	354	759	499	322	455	735	725	301	779	0	465	569	581	401	497	529	428	370	439	510	310	559	511	714	358	418	714	619	548	334	785	603	370	384	343	623	449	436	
427	460	740	351	389	637	466	723	747	775	656	588	757	502	748	775	305	623	410	679	342	438	434	693	322	555	718	638	363	325	309	585	465	0	745	580	755	418	576	526	478	335	336	487	311	454	415	472	511	494	397	462	549	428	571	494	506	582	464	603	389	
629	449	676	391	631	432	562	719	347	795	598	420	592	445	448	342	399	467	638	557	546	462	305	623	310	559	490	701	662	347	443	428	569	745	0	487	780	457	790	546	562	733	587	438	537	748	592	520	499	540	724	638	457	752	670	375	710	770	746	429	656	
564	502	494	658	670	666	632	380	630	695	569	315	619	577	325	448	432	593	781	618	444	411	398	470	772	750	383	717	525	358	706	764	581	580	487	0	610	403	433	773	553	597	558	350	300	459	480	482	785	368	570	659	627	552	737	712	730	761	657	676	688	
483	495	762	403	571	405	376	754	624	517	755	438	575	341	604	605	644	428	716	536	488	372	684	683	311	732	461	511	637	628	705	456	401	755	780	610	0	546	791	492	573	386	787	710	509	498	617	760	780	347	600	329	310	319	664	351	410	546	385	743	578	
406	786	707	515	611	489	417	433	596	432	366	552	375	378	666	523	771	345	626	782	732	320	678	722	663	718	595	454	776	484	697	466	497	418	457	403	546	0	487	467	660	479	522	325	759	531	391	390	682	603	694	571	441	585	450	470	728	768	690	487	572	
591	522	738	722	637	666	310	539	750	383	427	406	361	574	679	696	368	570	532	375	590	531	352	646	351	716	690	325	439	585	559	657	529	576	790	433	791	487	0	364	493	371	694	328	568	472	737	622	398	540	708	355	627	579	527	401	733	678	576	620	618	
358	592	738	753	480	341	722	513	782	433	592	309	550	609	776	602	490	628	626	599	686	728	510	441	583	440	309	640	583	799	787	540	428	526	546	773	492	467	364	0	710	692	511	459	438	382	567	741	346	516	522	351	623	571	355	798	533	482	473	674	798	
357	789	702	528	664	783	684	364	654	355	608	440	750	675	689	340	501	660	347	487	517	360	395	599	539	580	531	591	751	795	620	302	370	478	562	553	573	660	493	710	0	381	416	337	368	517	489	723	354	301	599	447	663	345	734	403	702	567	364	482	746	
767	426	575	507	592	491	740	351	516	327	495	336	503	541	710	559	473	732	459	375	722	494	637	796	495	712	437	777	454	787	714	521	439	335	733	597	386	479	371	692	381	0	651	735	579	651	789	476	442	731	383	447	596	577	322	462	617	760	491	527	326	
511	438	581	735	673	513	629	541	486	551	660	771	584	734	323	439	520	491	786	741	533	592	647	715	327	701	690	323	724	525	594	671	510	336	587	558	787	522	694	511	416	651	0	591	329	541	367	769	356	325	387	533	602	322	309	675	640	491	479	315	677	
763	397	773	549	322	464	379	323	708	472	522	645	666	462	384	382	763	701	397	504	413	357	464	462	797	567	582	621	685	302	637	668	310	487	438	350	710	325	328	459	337	735	591	0	342	507	638	414	411	472	588	470	369	728	799	353	706	669	715	370	350	
771	472	313	632	617	300	673	310	732	485	455	600	767	499	695	445	499	461	511	788	348	447	402	387	584	611	770	496	506	467	353	634	559	311	537	300	509	759	568	438	368	579	329	342	0	519	604	732	380	445	459	391	512	729	551	572	549	719	508	589	736	
417	416	594	352	373	490	733	608	620	553	403	466	443	433	323	507	705	730	399	317	522	346	796	371	486	343	475	702	794	351	350	777	511	454	748	459	498	531	472	382	517	651	541	507	519	0	364	515	712	607	783	628	392	693	406	442	402	384	375	345	587	
565	482	505	483	563	346	318	773	361	740	763	428	658	787	553	561	476	749	759	616	601	371	323	414	643	415	724	377	575	522	548	658	714	415	592	480	617	391	737	567	489	789	367	638	604	364	0	471	530	564	501	668	624	395	523	390	627	624	774	361	727	
763	534	599	408	423	484	405	679	378	536	308	632	532	677	545	380	364	556	603	676	713	432	348	331	561	307	446	735	453	351	436	607	358	472	520	482	760	390	622	741	723	476	769	414	732	515	471	0	724	565	570	618	633	485	446	362	506	568	381	771	489	
769	495	775	764	433	340	537	625	577	484	441	423	649	629	729	349	543	764	758	660	448	718	441	416	465	449	346	349	402	702	531	688	418	511	499	785	780	682	398	346	354	442	356	411	380	712	530	724	0	475	433	392	435	598	641	795	603	334	696	408	598	
548	664	791	401	447	788	362	519	414	522	603	397	497	302	433	610	601	603	795	574	739	736	358	721	305	495	546	510	499	307	778	702	714	494	540	368	347	603	540	516	301	731	325	472	445	607	564	565	475	0	352	546	732	578	374	750	561	452	396	704	593	
459	377	639	459	697	774	663	685	789	562	556	365	673	530	683	569	659	619	465	776	370	726	303	326	455	487	711	503	323	388	340	300	619	397	724	570	600	694	708	522	599	383	387	588	459	783	501	570	433	352	0	354	440	628	709	699	396	699	583	406	340	
746	703	561	528	656	366	608	483	516	504	732	676	522	753	665	714	550	698	646	573	690	712	557	623	438	392	744	771	419	611	365	315	548	462	638	659	329	571	355	351	447	447	533	470	391	628	668	618	392	546	354	0	391	551	322	755	760	454	408	525	759	
322	706	642	688	634	561	689	616	593	317	679	469	377	311	779	692	427	500	575	525	588	753	430	786	557	302	719	588	386	524	680	675	334	549	457	627	310	441	627	623	663	596	602	369	512	392	624	633	435	732	440	391	0	513	563	337	787	623	376	612	482	
724	562	585	332	356	770	498	499	773	704	588	511	457	528	385	492	733	693	667	631	716	543	415	517	731	504	419	498	751	391	622	677	785	428	752	552	319	585	579	571	345	577	322	728	729	693	395	485	598	578	628	551	513	0	518	619	645	719	728	529	697	
536	418	504	407	681	757	632	649	328	305	532	532	333	331	393	605	346	779	597	364	705	530	794	751	569	463	328	490	637	432	574	478	603	571	670	737	664	450	527	355	734	322	309	799	551	406	523	446	641	374	709	322	563	518	0	663	686	517	482	642	489	
706	364	760	377	594	516	412	604	695	582	554	551	590	535	318	435	748	514	444	570	744	446	474	722	402	711	571	347	451	448	449	696	370	494	375	712	351	470	401	798	403	462	675	353	572	442	390	362	795	750	699	755	337	619	663	0	419	762	769	516	686	
566	564	680	350	505	720	454	624	606	352	705	670	341	741	339	313	783	774	604	634	731	352	551	491	459	648	349	779	583	651	327	339	384	506	710	730	410	728	733	533	702	617	640	706	549	402	627	506	603	561	396	760	787	645	686	419	0	538	476	419	609	
570	576	457	570	637	483	688	586	482	351	594	439	477	326	319	339	604	555	768	472	497	383	458	386	677	658	482	679	704	664	635	678	343	582	770	761	546	768	678	482	567	760	491	669	719	384	624	568	334	452	699	454	623	719	517	762	538	0	622	678	518	
468	425	499	420	308	361	580	435	661	790	357	541	780	628	546	382	459	533	770	690	504	777	397	623	416	326	395	767	489	644	620	541	623	464	746	657	385	690	576	473	364	491	479	715	508	375	774	381	696	396	583	408	376	728	482	769	476	622	0	628	514	
748	602	766	588	314	377	602	530	451	533	709	420	610	437	682	519	497	746	554	581	774	347	774	513	678	349	695	609	785	358	788	643	449	603	429	676	743	487	620	674	482	527	315	370	589	345	361	771	408	704	406	525	612	529	642	516	419	678	628	0	517	
394	709	358	586	755	384	663	321	457	590	301	643	779	392	712	443	539	438	581	449	476	638	633	373	353	433	692	798	682	492	445	784	436	389	656	688	578	572	618	798	746	326	677	350	736	587	727	489	598	593	340	759	482	697	489	686	609	518	514	517	0	
etats
Id_Station	Poids W	Min (P)	WSPT	Priorité	
1	1	301	33,44	1	
2	5	302	33,56	2	
3	3	302	33,56	3	
4	1	303	33,67	4	
5	6	303	33,67	5	
6	1	305	33,89	6	
7	7	305	33,89	7	
8	7	305	33,89	8	
9	1	319	35,44	9	
10	6	302	37,75	10	
11	3	302	37,75	11	
12	2	305	38,13	12	
13	6	309	38,63	13	
14	2	309	38,63	14	
15	1	309	38,63	15	
16	7	312	39,00	16	
17	9	312	39,00	17	
18	7	323	40,38	18	
19	2	301	43,00	19	
20	1	306	43,71	20	
21	7	316	45,14	21	
22	8	318	45,43	22	
23	7	302	50,33	23	
24	9	303	50,50	24	
25	9	303	50,50	25	
26	1	306	51,00	26	
27	6	312	52,00	27	
28	3	320	53,33	28	
29	9	332	55,33	29	
30	7	300	60,00	30	
31	6	304	60,80	31	
32	5	305	61,00	32	
33	9	305	61,00	33	
34	1	306	61,20	34	
35	5	312	62,40	35	
36	2	316	63,20	36	
37	8	301	75,25	37	
38	8	302	75,50	38	
39	4	318	79,50	39	
40	7	301	100,33	40	
41	4	301	100,33	41	
42	4	303	101,00	42	
43	8	304	101,33	43	
44	1	305	101,67	44	
45	2	307	102,33	45	
46	9	315	105,00	46	
47	8	301	150,50	47	
48	1	301	150,50	48	
49	8	308	154,00	49	
50	4	316	158,00	50	
51	8	300	300,00	51	
52	2	301	301,00	52	
53	1	301	301,00	53	
54	1	303	303,00	54	
55	1	305	305,00	55	
56	7	312	312,00	56	
57	5	315	315,00	57	
58	3	318	318,00	58	
59	5	324	324,00	59	
60	7	325	325,00	60	

