distances
0	361	670	400	633	332	343	680	718	678	522	404	606	515	514	300	628	327	373	792	630	703	748	424	366	639	770	689	386	523	736	344	582	674	453	657	645	688	614	510	336	520	428	506	623	378	397	505	707	723	736	305	561	410	408	739	612	322	540	360	717	
361	0	485	703	610	723	414	747	535	769	526	432	616	798	520	600	655	696	458	480	306	455	651	352	765	465	571	509	451	443	540	734	587	486	771	759	799	481	709	531	340	570	486	466	364	501	493	756	601	308	760	502	384	672	488	399	739	585	617	684	313	
670	485	0	404	508	622	344	625	591	549	559	728	576	632	416	446	439	388	432	745	614	393	409	614	765	699	663	682	426	731	339	562	337	703	630	791	492	673	318	669	389	482	678	302	738	485	311	741	375	415	564	699	513	633	568	361	465	510	658	730	356	
400	703	404	0	658	684	787	703	309	438	315	340	382	309	362	579	799	363	327	613	609	743	690	344	448	740	498	608	355	414	618	405	484	581	359	719	551	772	690	400	400	419	348	543	505	548	645	684	484	352	321	647	685	502	351	775	797	390	716	635	438	
633	610	508	658	0	359	744	786	547	667	506	335	411	388	307	773	657	703	424	707	618	313	418	746	500	661	399	799	722	702	383	311	537	753	579	532	636	444	550	597	564	771	364	531	668	543	434	789	668	568	706	457	609	718	513	527	461	757	572	714	715	
332	723	622	684	359	0	590	596	537	467	776	511	790	371	483	335	541	450	331	506	646	422	388	680	796	556	391	531	557	356	604	431	335	467	693	408	311	613	664	363	549	544	300	355	316	718	316	436	570	426	517	618	545	451	651	494	439	715	675	357	556	
343	414	344	787	744	590	0	783	544	358	778	325	556	699	400	680	767	601	565	615	574	796	793	648	549	680	547	484	377	435	553	305	447	523	376	793	543	328	416	796	587	331	693	552	608	484	337	381	640	347	531	516	582	482	384	335	614	597	493	673	343	
680	747	625	703	786	596	783	0	494	774	536	346	709	603	725	655	732	463	352	735	737	621	329	719	565	591	486	570	527	574	459	682	746	530	349	454	498	721	368	692	551	368	758	477	560	688	363	305	670	613	706	541	367	506	486	376	678	315	458	386	376	
718	535	591	309	547	537	544	494	0	584	703	325	456	390	333	321	520	648	472	538	675	683	316	456	504	497	417	603	714	407	738	615	681	431	760	365	604	320	455	547	758	535	761	532	419	441	690	762	528	528	618	686	648	489	396	393	317	409	372	584	337	
678	769	549	438	667	467	358	774	584	0	703	736	568	486	617	453	490	751	668	466	325	646	610	432	748	663	703	622	425	752	509	754	757	685	330	627	360	787	609	748	405	378	600	549	448	639	722	758	791	617	773	711	377	530	586	586	528	590	677	482	782	
522	526	559	315	506	776	778	536	703	703	0	318	607	742	305	444	658	734	423	471	346	382	425	600	443	553	683	716	798	444	799	575	483	674	372	354	567	626	789	359	360	622	685	550	712	555	590	389	575	797	420	727	706	470	495	453	750	344	668	676	368	
404	432	728	340	335	511	325	346	325	736	318	0	706	741	772	691	567	417	675	597	523	578	695	689	414	791	427	596	323	645	395	546	553	494	767	481	543	530	676	398	665	674	500	790	391	785	643	433	693	612	511	488	747	352	549	462	589	795	739	605	510	
606	616	576	382	411	790	556	709	456	568	607	706	0	585	723	570	575	466	492	303	735	481	356	309	550	462	730	490	341	451	722	703	693	539	531	394	689	445	719	674	681	371	603	583	470	451	683	767	344	403	426	380	344	760	774	671	622	664	663	784	396	
515	798	632	309	388	371	699	603	390	486	742	741	585	0	686	356	600	761	683	499	638	329	779	348	699	762	385	455	569	369	582	648	360	524	403	425	326	403	541	316	795	645	540	372	638	378	632	615	379	766	485	449	357	599	567	692	420	553	670	547	727	
514	520	416	362	307	483	400	725	333	617	305	772	723	686	0	470	457	642	713	368	772	328	514	340	615	572	456	670	562	688	346	593	779	612	436	770	669	686	373	315	455	631	732	585	341	760	699	489	473	536	652	429	364	480	719	522	604	320	397	704	558	
300	600	446	579	773	335	680	655	321	453	444	691	570	356	470	0	705	669	673	355	577	398	536	796	400	674	399	704	694	616	666	678	356	353	746	725	565	600	357	389	696	654	583	328	424	318	575	746	551	794	624	455	698	671	597	432	755	603	731	485	463	
628	655	439	799	657	541	767	732	520	490	658	567	575	600	457	705	0	327	606	600	746	311	342	495	605	442	464	507	612	569	546	461	705	413	701	330	341	588	672	530	771	544	601	376	544	432	782	612	611	774	331	755	529	553	474	622	741	672	765	407	526	
327	696	388	363	703	450	601	463	648	751	734	417	466	761	642	669	327	0	383	551	378	747	625	570	333	386	436	554	414	778	647	748	615	685	695	567	484	758	652	427	516	414	478	662	317	349	322	573	361	471	582	509	764	618	501	492	362	360	718	435	365	
373	458	432	327	424	331	565	352	472	668	423	675	492	683	713	673	606	383	0	325	641	747	306	407	764	799	661	617	766	497	679	687	300	577	501	467	640	486	436	556	731	733	612	467	344	576	713	486	323	671	437	416	504	777	448	723	628	490	772	622	479	
792	480	745	613	707	506	615	735	538	466	471	597	303	499	368	355	600	551	325	0	483	548	472	485	367	631	769	601	514	767	302	332	573	419	558	324	684	427	664	506	340	382	481	515	441	556	452	396	338	384	550	491	497	488	468	705	307	784	651	542	735	
630	306	614	609	618	646	574	737	675	325	346	523	735	638	772	577	746	378	641	483	0	496	792	523	387	406	434	787	749	417	403	753	527	552	752	587	453	627	706	487	766	369	575	583	550	708	615	665	744	429	306	793	471	621	760	674	517	700	682	467	497	
703	455	393	743	313	422	796	621	683	646	382	578	481	329	328	398	311	747	747	548	496	0	325	417	374	433	558	391	413	671	765	586	387	738	441	424	622	526	457	608	480	602	627	593	461	458	339	787	751	778	528	325	754	445	617	344	672	587	415	476	631	
748	651	409	690	418	388	793	329	316	610	425	695	356	779	514	536	342	625	306	472	792	325	0	451	767	448	481	389	576	371	768	513	579	529	399	789	376	347	523	639	773	512	757	385	728	679	350	739	563	348	515	420	650	612	490	347	581	330	423	614	569	
424	352	614	344	746	680	648	719	456	432	600	689	309	348	340	796	495	570	407	485	523	417	451	0	455	678	524	459	311	446	398	658	694	345	586	651	554	767	374	362	578	310	706	735	497	797	538	622	650	778	628	449	370	611	766	618	430	727	603	336	694	
366	765	765	448	500	796	549	565	504	748	443	414	550	699	615	400	605	333	764	367	387	374	767	455	0	383	316	458	796	687	556	560	403	411	484	668	632	793	674	449	738	319	628	493	753	736	633	494	375	548	721	459	755	700	606	483	541	314	300	587	768	
639	465	699	740	661	556	680	591	497	663	553	791	462	762	572	674	442	386	799	631	406	433	448	678	383	0	493	649	350	632	313	413	502	663	794	633	715	512	581	570	600	473	352	723	404	459	301	660	386	503	514	409	709	369	655	368	497	322	336	738	334	
770	571	663	498	399	391	547	486	417	703	683	427	730	385	456	399	464	436	661	769	434	558	481	524	316	493	0	631	590	406	530	340	685	709	388	385	762	352	544	654	661	368	397	449	736	778	307	385	718	609	485	478	439	316	461	371	451	527	544	701	471	
689	509	682	608	799	531	484	570	603	622	716	596	490	455	670	704	507	554	617	601	787	391	389	459	458	649	631	0	678	630	340	490	563	476	767	383	493	664	713	691	390	671	794	339	567	435	508	744	404	664	757	422	534	440	679	779	462	359	544	340	781	
386	451	426	355	722	557	377	527	714	425	798	323	341	569	562	694	612	414	766	514	749	413	576	311	796	350	590	678	0	462	560	656	663	683	652	699	702	616	732	671	517	423	708	772	547	323	598	445	710	525	535	656	622	793	306	310	791	432	646	484	470	
523	443	731	414	702	356	435	574	407	752	444	645	451	369	688	616	569	778	497	767	417	671	371	446	687	632	406	630	462	0	517	581	677	565	577	749	504	459	423	726	529	736	321	739	770	323	751	718	367	492	711	783	509	392	649	677	374	755	798	489	631	
736	540	339	618	383	604	553	459	738	509	799	395	722	582	346	666	546	647	679	302	403	765	768	398	556	313	530	340	560	517	0	778	442	558	405	452	635	526	694	677	346	409	712	740	767	319	343	516	466	533	577	499	461	380	700	490	548	776	761	414	304	
344	734	562	405	311	431	305	682	615	754	575	546	703	648	593	678	461	748	687	332	753	586	513	658	560	413	340	490	656	581	778	0	771	560	445	523	627	341	396	348	467	396	730	478	648	549	344	331	620	635	442	357	750	719	321	615	736	406	623	303	466	
582	587	337	484	537	335	447	746	681	757	483	553	693	360	779	356	705	615	300	573	527	387	579	694	403	502	685	563	663	677	442	771	0	351	346	793	589	356	636	728	374	754	606	742	659	347	678	417	674	391	390	593	724	316	463	733	784	520	680	602	796	
674	486	703	581	753	467	523	530	431	685	674	494	539	524	612	353	413	685	577	419	552	738	529	345	411	663	709	476	683	565	558	560	351	0	657	435	636	783	465	389	791	574	440	410	764	391	662	498	332	703	644	491	591	579	753	568	755	334	485	500	585	
453	771	630	359	579	693	376	349	760	330	372	767	531	403	436	746	701	695	501	558	752	441	399	586	484	794	388	767	652	577	405	445	346	657	0	486	737	707	697	592	466	318	427	464	583	664	430	414	556	553	516	431	316	719	543	406	348	325	715	639	520	
657	759	791	719	532	408	793	454	365	627	354	481	394	425	770	725	330	567	467	324	587	424	789	651	668	633	385	383	699	749	452	523	793	435	486	0	496	429	697	768	683	730	522	478	454	426	358	740	509	376	777	502	692	726	374	586	523	387	641	491	555	
645	799	492	551	636	311	543	498	604	360	567	543	689	326	669	565	341	484	640	684	453	622	376	554	632	715	762	493	702	504	635	627	589	636	737	496	0	631	653	632	735	528	344	655	398	743	792	720	424	304	526	697	350	363	667	786	529	589	702	784	707	
688	481	673	772	444	613	328	721	320	787	626	530	445	403	686	600	588	758	486	427	627	526	347	767	793	512	352	664	616	459	526	341	356	783	707	429	631	0	774	442	664	308	404	761	461	321	730	307	702	564	541	549	544	777	765	610	569	528	339	582	770	
614	709	318	690	550	664	416	368	455	609	789	676	719	541	373	357	672	652	436	664	706	457	523	374	674	581	544	713	732	423	694	396	636	465	697	697	653	774	0	482	791	473	757	424	430	611	314	739	550	601	489	641	455	711	601	514	435	759	600	519	676	
510	531	669	400	597	363	796	692	547	748	359	398	674	316	315	389	530	427	556	506	487	608	639	362	449	570	654	691	671	726	677	348	728	389	592	768	632	442	482	0	332	395	402	436	362	409	462	369	518	600	569	306	442	393	415	604	562	351	666	508	630	
336	340	389	400	564	549	587	551	758	405	360	665	681	795	455	696	771	516	731	340	766	480	773	578	738	600	661	390	517	529	346	467	374	791	466	683	735	664	791	332	0	628	577	714	655	315	619	596	675	647	745	556	582	653	308	707	549	453	657	562	557	
520	570	482	419	771	544	331	368	535	378	622	674	371	645	631	654	544	414	733	382	369	602	512	310	319	473	368	671	423	736	409	396	754	574	318	730	528	308	473	395	628	0	435	784	707	609	379	686	541	417	738	564	686	667	522	571	541	327	470	421	337	
428	486	678	348	364	300	693	758	761	600	685	500	603	540	732	583	601	478	612	481	575	627	757	706	628	352	397	794	708	321	712	730	606	440	427	522	344	404	757	402	577	435	0	793	325	750	777	684	547	473	516	560	344	426	441	589	561	504	605	481	325	
506	466	302	543	531	355	552	477	532	549	550	790	583	372	585	328	376	662	467	515	583	593	385	735	493	723	449	339	772	739	740	478	742	410	464	478	655	761	424	436	714	784	793	0	595	455	580	352	767	676	763	445	393	319	540	459	706	757	555	714	409	
623	364	738	505	668	316	608	560	419	448	712	391	470	638	341	424	544	317	344	441	550	461	728	497	753	404	736	567	547	770	767	648	659	764	583	454	398	461	430	362	655	707	325	595	0	653	797	404	611	316	642	674	538	753	753	649	427	366	790	693	301	
378	501	485	548	543	718	484	688	441	639	555	785	451	378	760	318	432	349	576	556	708	458	679	797	736	459	778	435	323	323	319	549	347	391	664	426	743	321	611	409	315	609	750	455	653	0	319	342	696	487	591	557	554	404	549	421	525	504	776	789	695	
397	493	311	645	434	316	337	363	690	722	590	643	683	632	699	575	782	322	713	452	615	339	350	538	633	301	307	508	598	751	343	344	678	662	430	358	792	730	314	462	619	379	777	580	797	319	0	541	567	604	544	503	747	356	327	605	361	666	730	472	411	
505	756	741	684	789	436	381	305	762	758	389	433	767	615	489	746	612	573	486	396	665	787	739	622	494	660	385	744	445	718	516	331	417	498	414	740	720	307	739	369	596	686	684	352	404	342	541	0	676	572	347	748	373	565	794	798	401	502	315	436	715	
707	601	375	484	668	570	640	670	528	791	575	693	344	379	473	551	611	361	323	338	744	751	563	650	375	386	718	404	710	367	466	620	674	332	556	509	424	702	550	518	675	541	547	767	611	696	567	676	0	382	504	576	620	329	609	712	610	428	433	678	602	
723	308	415	352	568	426	347	613	528	617	797	612	403	766	536	794	774	471	671	384	429	778	348	778	548	503	609	664	525	492	533	635	391	703	553	376	304	564	601	600	647	417	473	676	316	487	604	572	382	0	341	611	387	601	643	426	516	616	333	764	639	
736	760	564	321	706	517	531	706	618	773	420	511	426	485	652	624	331	582	437	550	306	528	515	628	721	514	485	757	535	711	577	442	390	644	516	777	526	541	489	569	745	738	516	763	642	591	544	347	504	341	0	655	332	528	433	591	312	433	646	720	728	
305	502	699	647	457	618	516	541	686	711	727	488	380	449	429	455	755	509	416	491	793	325	420	449	459	409	478	422	656	783	499	357	593	491	431	502	697	549	641	306	556	564	560	445	674	557	503	748	576	611	655	0	755	585	381	446	402	716	301	508	364	
561	384	513	685	609	545	582	367	648	377	706	747	344	357	364	698	529	764	504	497	471	754	650	370	755	709	439	534	622	509	461	750	724	591	316	692	350	544	455	442	582	686	344	393	538	554	747	373	620	387	332	755	0	757	645	416	313	487	585	316	476	
410	672	633	502	718	451	482	506	489	530	470	352	760	599	480	671	553	618	777	488	621	445	612	611	700	369	316	440	793	392	380	719	316	579	719	726	363	777	711	393	653	667	426	319	753	404	356	565	329	601	528	585	757	0	625	649	604	616	641	582	363	
408	488	568	351	513	651	384	486	396	586	495	549	774	567	719	597	474	501	448	468	760	617	490	766	606	655	461	679	306	649	700	321	463	753	543	374	667	765	601	415	308	522	441	540	753	549	327	794	609	643	433	381	645	625	0	486	363	707	602	529	586	
739	399	361	775	527	494	335	376	393	586	453	462	671	692	522	432	622	492	723	705	674	344	347	618	483	368	371	779	310	677	490	615	733	568	406	586	786	610	514	604	707	571	589	459	649	421	605	798	712	426	591	446	416	649	486	0	430	377	700	430	598	
612	739	465	797	461	439	614	678	317	528	750	589	622	420	604	755	741	362	628	307	517	672	581	430	541	497	451	462	791	374	548	736	784	755	348	523	529	569	435	562	549	541	561	706	427	525	361	401	610	516	312	402	313	604	363	430	0	379	480	383	667	
322	585	510	390	757	715	597	315	409	590	344	795	664	553	320	603	672	360	490	784	700	587	330	727	314	322	527	359	432	755	776	406	520	334	325	387	589	528	759	351	453	327	504	757	366	504	666	502	428	616	433	716	487	616	707	377	379	0	495	630	304	
540	617	658	716	572	675	493	458	372	677	668	739	663	670	397	731	765	718	772	651	682	415	423	603	300	336	544	544	646	798	761	623	680	485	715	641	702	339	600	666	657	470	605	555	790	776	730	315	433	333	646	301	585	641	602	700	480	495	0	557	559	
360	684	730	635	714	357	673	386	584	482	676	605	784	547	704	485	407	435	622	542	467	476	614	336	587	738	701	340	484	489	414	303	602	500	639	491	784	582	519	508	562	421	481	714	693	789	472	436	678	764	720	508	316	582	529	430	383	630	557	0	701	
717	313	356	438	715	556	343	376	337	782	368	510	396	727	558	463	526	365	479	735	497	631	569	694	768	334	471	781	470	631	304	466	796	585	520	555	707	770	676	630	557	337	325	409	301	695	411	715	602	639	728	364	476	363	586	598	667	304	559	701	0	
etats
Id_Station	Poids W	Min (P)	WSPT	Priorité	
1	1	302	33,56	1	
2	1	306	34,00	2	
3	9	314	34,89	3	
4	3	300	37,50	4	
5	1	303	37,88	5	
6	1	303	37,88	6	
7	8	303	37,88	7	
8	7	305	38,13	8	
9	1	306	38,25	9	
10	4	308	38,50	10	
11	5	310	38,75	11	
12	1	312	39,00	12	
13	2	313	39,13	13	
14	7	318	39,75	14	
15	2	300	42,86	15	
16	5	302	43,14	16	
17	9	303	43,29	17	
18	4	306	43,71	18	
19	3	308	44,00	19	
20	3	314	44,86	20	
21	2	315	45,00	21	
22	1	300	50,00	22	
23	6	308	51,33	23	
24	9	310	51,67	24	
25	6	315	52,50	25	
26	7	301	60,20	26	
27	8	302	60,40	27	
28	6	311	62,20	28	
29	5	314	62,80	29	
30	6	314	62,80	30	
31	3	329	65,80	31	
32	1	302	75,50	32	
33	6	303	75,75	33	
34	8	303	75,75	34	
35	5	305	76,25	35	
36	4	314	78,50	36	
37	2	301	100,33	37	
38	7	303	101,00	38	
39	4	303	101,00	39	
40	6	306	102,00	40	
41	1	308	102,67	41	
42	8	300	150,00	42	
43	4	306	153,00	43	
44	4	308	154,00	44	
45	9	309	154,50	45	
46	5	312	156,00	46	
47	1	313	156,50	47	
48	3	314	157,00	48	
49	1	318	159,00	49	
50	5	322	161,00	50	
51	1	323	161,50	51	
52	2	366	183,00	52	
53	5	305	305,00	53	
54	7	305	305,00	54	
55	3	306	306,00	55	
56	7	311	311,00	56	
57	1	312	312,00	57	
58	9	312	312,00	58	
59	2	316	316,00	59	
60	6	326	326,00	60	

