distances
0	482	636	510	532	696	396	591	398	601	748	364	791	580	830	479	628	716	459	832	344	693	686	840	612	320	821	794	764	356	837	781	713	749	318	817	626	390	565	554	374	682	631	758	572	376	437	445	421	380	310	564	796	827	371	394	311	650	546	520	378	
482	0	507	463	329	310	613	787	785	580	477	807	455	860	585	415	859	542	387	697	669	779	486	700	437	807	897	549	542	785	431	715	425	455	614	736	795	765	371	879	811	853	335	838	383	598	757	888	889	719	573	740	800	587	854	819	850	362	747	355	755	
636	507	0	586	673	356	731	395	686	448	592	689	670	831	524	308	645	843	755	540	734	505	587	597	782	704	459	739	731	594	766	732	303	392	320	373	685	347	414	851	725	818	686	324	450	307	859	411	693	589	364	372	345	754	830	615	859	850	381	779	314	
510	463	586	0	590	795	554	583	580	582	480	728	510	301	724	756	663	354	800	439	683	758	535	828	383	884	787	642	696	529	759	667	343	874	355	780	452	596	577	821	663	650	649	802	784	564	328	445	778	853	852	666	688	652	465	578	496	512	615	405	363	
532	329	673	590	0	515	337	498	359	767	587	527	746	554	669	750	872	313	806	868	814	876	418	858	370	589	390	688	406	890	546	553	757	589	386	767	677	792	338	499	798	491	695	678	540	845	856	762	313	761	881	627	569	634	750	842	651	317	805	600	416	
696	310	356	795	515	0	678	460	791	672	833	443	730	692	839	764	613	728	728	612	794	687	613	438	671	425	807	512	746	534	594	812	550	550	625	475	533	593	472	343	593	745	420	659	704	822	683	778	650	403	347	381	745	572	867	610	730	863	625	518	762	
396	613	731	554	337	678	0	630	525	461	465	772	483	619	490	882	640	745	862	569	447	353	609	719	561	650	780	681	503	404	362	582	494	599	804	626	694	875	670	322	590	681	858	724	859	510	348	609	628	301	746	852	512	633	394	543	527	436	756	770	574	
591	787	395	583	498	460	630	0	744	384	370	300	705	848	821	678	768	786	621	642	499	469	848	787	828	340	519	463	681	577	807	882	602	632	805	897	404	383	550	523	346	832	360	787	748	498	692	414	673	663	337	584	844	455	793	629	649	514	402	894	570	
398	785	686	580	359	791	525	744	0	518	369	335	891	780	815	612	841	802	743	520	427	858	330	734	524	445	558	842	621	325	618	739	859	714	735	330	583	627	630	483	492	754	730	677	769	468	869	704	364	774	731	739	746	882	728	346	587	780	445	763	601	
601	580	448	582	767	672	461	384	518	0	704	700	705	782	516	397	760	394	622	322	770	571	816	534	579	718	765	407	467	797	589	442	810	759	413	505	775	846	387	538	415	872	732	615	595	350	483	746	797	770	662	685	642	488	895	506	420	588	755	584	369	
748	477	592	480	587	833	465	370	369	704	0	300	885	530	357	665	468	545	816	770	413	455	404	785	891	782	866	547	766	690	574	812	471	341	300	726	648	645	365	754	826	458	579	427	340	417	470	529	352	521	533	823	726	472	842	664	725	484	311	621	588	
364	807	689	728	527	443	772	300	335	700	300	0	317	317	309	749	694	755	451	799	470	365	856	835	741	723	469	335	427	474	680	778	729	734	888	840	328	725	543	771	573	812	751	560	424	313	526	710	440	526	763	646	358	321	817	666	655	760	590	657	438	
791	455	670	510	746	730	483	705	891	705	885	317	0	644	381	449	402	611	867	312	775	821	556	323	345	356	775	713	537	662	337	448	742	863	838	794	425	724	511	558	652	840	522	824	637	333	413	735	627	726	433	616	611	486	329	595	647	560	524	498	514	
580	860	831	301	554	692	619	848	780	782	530	317	644	0	426	773	855	605	339	497	766	620	640	305	537	758	397	341	708	882	513	368	316	345	542	421	856	616	676	642	889	508	840	359	887	301	629	405	859	407	523	408	465	842	765	832	546	445	851	567	578	
830	585	524	724	669	839	490	821	815	516	357	309	381	426	0	512	867	475	425	612	522	864	758	330	347	337	334	484	618	318	822	310	398	765	706	505	670	453	787	352	630	559	479	565	738	475	400	316	558	446	383	819	787	403	606	699	730	328	556	439	471	
479	415	308	756	750	764	882	678	612	397	665	749	449	773	512	0	472	575	478	831	600	469	640	880	648	402	834	896	575	898	596	515	326	602	845	421	730	859	609	736	489	487	560	594	402	415	696	563	619	455	665	642	896	555	391	450	562	466	355	340	372	
628	859	645	663	872	613	640	768	841	760	468	694	402	855	867	472	0	449	755	574	624	427	703	722	807	786	325	647	707	429	532	676	300	864	492	578	595	520	788	661	313	881	579	865	394	368	473	533	829	316	528	769	838	888	481	343	813	734	851	867	619	
716	542	843	354	313	728	745	786	802	394	545	755	611	605	475	575	449	0	663	364	318	697	300	895	376	768	348	869	806	835	814	464	833	404	663	493	648	395	609	776	701	876	520	896	760	748	301	836	564	333	730	898	372	417	695	565	454	812	888	897	313	
459	387	755	800	806	728	862	621	743	622	816	451	867	339	425	478	755	663	0	838	839	773	741	516	516	879	457	654	721	885	764	524	710	384	530	722	861	684	624	416	665	313	383	303	360	450	553	750	483	877	439	411	383	428	385	783	572	750	694	507	562	
832	697	540	439	868	612	569	642	520	322	770	799	312	497	612	831	574	364	838	0	679	646	310	661	480	876	673	719	856	376	626	807	564	842	766	333	514	535	523	612	585	667	746	722	600	719	662	782	806	569	852	675	598	681	385	634	371	712	687	522	355	
344	669	734	683	814	794	447	499	427	770	413	470	775	766	522	600	624	318	839	679	0	584	655	876	331	329	639	557	609	558	692	583	852	377	886	605	876	764	593	708	303	787	869	746	776	674	542	896	409	729	732	526	640	389	888	571	794	888	335	742	360	
693	779	505	758	876	687	353	469	858	571	455	365	821	620	864	469	427	697	773	646	584	0	796	547	860	408	301	580	552	811	706	752	750	736	847	387	313	757	834	705	611	790	583	863	518	560	607	889	811	751	497	313	394	383	464	896	757	732	658	664	367	
686	486	587	535	418	613	609	848	330	816	404	856	556	640	758	640	703	300	741	310	655	796	0	520	767	352	698	414	433	641	740	391	439	831	709	363	687	780	571	488	759	302	326	767	807	504	305	782	895	383	604	627	646	409	476	372	869	800	669	808	696	
840	700	597	828	858	438	719	787	734	534	785	835	323	305	330	880	722	895	516	661	876	547	520	0	458	698	867	572	830	829	762	523	881	575	886	631	464	435	481	846	589	586	523	811	749	354	611	384	582	349	549	429	438	870	592	691	566	463	310	388	646	
612	437	782	383	370	671	561	828	524	579	891	741	345	537	347	648	807	376	516	480	331	860	767	458	0	780	781	581	484	548	508	335	309	428	435	427	574	716	872	366	805	768	712	588	689	362	667	478	441	894	562	594	558	476	572	537	887	378	484	465	529	
320	807	704	884	589	425	650	340	445	718	782	723	356	758	337	402	786	768	879	876	329	408	352	698	780	0	368	611	342	658	691	871	881	839	574	817	531	485	685	501	331	551	387	714	683	513	575	363	435	545	489	647	703	703	892	497	368	682	359	558	472	
821	897	459	787	390	807	780	519	558	765	866	469	775	397	334	834	325	348	457	673	639	301	698	867	781	368	0	653	366	800	318	468	813	531	780	681	334	328	567	772	308	698	313	415	398	731	442	524	836	658	679	616	730	615	429	794	318	369	761	544	512	
794	549	739	642	688	512	681	463	842	407	547	335	713	341	484	896	647	869	654	719	557	580	414	572	581	611	653	0	527	586	513	347	536	757	643	440	818	432	847	753	530	854	398	849	758	384	770	706	369	859	807	730	736	464	891	445	836	425	507	833	360	
764	542	731	696	406	746	503	681	621	467	766	427	537	708	618	575	707	806	721	856	609	552	433	830	484	342	366	527	0	887	826	549	385	871	705	669	715	690	792	439	751	493	841	508	301	867	502	766	487	732	824	322	568	697	647	346	601	898	453	483	363	
356	785	594	529	890	534	404	577	325	797	690	474	662	882	318	898	429	835	885	376	558	811	641	829	548	658	800	586	887	0	661	400	599	770	823	827	519	385	361	680	652	622	454	872	611	792	862	319	656	667	662	672	455	607	654	538	736	318	874	682	868	
837	431	766	759	546	594	362	807	618	589	574	680	337	513	822	596	532	814	764	626	692	706	740	762	508	691	318	513	826	661	0	468	761	463	549	744	622	560	300	478	381	871	775	803	633	821	698	660	348	878	862	696	690	710	456	877	404	460	759	451	571	
781	715	732	667	553	812	582	882	739	442	812	778	448	368	310	515	676	464	524	807	583	752	391	523	335	871	468	347	549	400	468	0	486	469	415	399	498	718	644	679	749	564	751	539	388	780	458	840	597	408	803	382	793	677	688	831	827	454	452	797	341	
713	425	303	343	757	550	494	602	859	810	471	729	742	316	398	326	300	833	710	564	852	750	439	881	309	881	813	536	385	599	761	486	0	642	529	745	683	344	603	382	891	787	484	379	594	497	434	396	405	696	566	578	791	733	308	355	899	338	405	576	755	
749	455	392	874	589	550	599	632	714	759	341	734	863	345	765	602	864	404	384	842	377	736	831	575	428	839	531	757	871	770	463	469	642	0	710	634	329	390	601	599	858	749	342	834	787	529	410	534	383	416	501	553	527	419	485	708	691	609	701	314	340	
318	614	320	355	386	625	804	805	735	413	300	888	838	542	706	845	492	663	530	766	886	847	709	886	435	574	780	643	705	823	549	415	529	710	0	650	625	365	363	635	339	825	692	554	741	479	796	355	310	345	863	335	378	896	849	812	750	332	498	556	867	
817	736	373	780	767	475	626	897	330	505	726	840	794	421	505	421	578	493	722	333	605	387	363	631	427	817	681	440	669	827	744	399	745	634	650	0	782	854	309	379	565	588	595	785	705	360	502	896	875	725	604	615	847	881	360	489	302	622	392	307	800	
626	795	685	452	677	533	694	404	583	775	648	328	425	856	670	730	595	648	861	514	876	313	687	464	574	531	334	818	715	519	622	498	683	329	625	782	0	428	380	464	810	675	738	662	421	714	498	745	716	583	676	679	853	456	350	567	377	509	650	300	648	
390	765	347	596	792	593	875	383	627	846	645	725	724	616	453	859	520	395	684	535	764	757	780	435	716	485	328	432	690	385	560	718	344	390	365	854	428	0	859	880	502	704	627	843	788	896	531	387	750	443	791	305	851	733	651	531	455	766	592	757	352	
565	371	414	577	338	472	670	550	630	387	365	543	511	676	787	609	788	609	624	523	593	834	571	481	872	685	567	847	792	361	300	644	603	601	363	309	380	859	0	655	430	465	483	453	468	437	850	895	463	471	605	542	748	656	710	649	560	765	473	616	813	
554	879	851	821	499	343	322	523	483	538	754	771	558	642	352	736	661	776	416	612	708	705	488	846	366	501	772	753	439	680	478	679	382	599	635	379	464	880	655	0	752	520	336	490	728	305	375	635	413	366	663	418	417	769	392	807	389	313	543	352	362	
374	811	725	663	798	593	590	346	492	415	826	573	652	889	630	489	313	701	665	585	303	611	759	589	805	331	308	530	751	652	381	749	891	858	339	565	810	502	430	752	0	440	350	329	737	775	305	638	591	452	438	665	755	652	633	729	830	387	722	779	600	
682	853	818	650	491	745	681	832	754	872	458	812	840	508	559	487	881	876	313	667	787	790	302	586	768	551	698	854	493	622	871	564	787	749	825	588	675	704	465	520	440	0	448	620	857	807	783	314	722	736	618	613	802	483	638	425	784	586	760	697	842	
631	335	686	649	695	420	858	360	730	732	579	751	522	840	479	560	579	520	383	746	869	583	326	523	712	387	313	398	841	454	775	751	484	342	692	595	738	627	483	336	350	448	0	894	721	748	430	343	617	417	402	787	841	332	579	589	553	823	763	753	486	
758	838	324	802	678	659	724	787	677	615	427	560	824	359	565	594	865	896	303	722	746	863	767	811	588	714	415	849	508	872	803	539	379	834	554	785	662	843	453	490	329	620	894	0	812	569	575	683	864	770	556	497	846	829	324	667	865	579	368	693	748	
572	383	450	784	540	704	859	748	769	595	340	424	637	887	738	402	394	760	360	600	776	518	807	749	689	683	398	758	301	611	633	388	594	787	741	705	421	788	468	728	737	857	721	812	0	735	664	756	370	438	561	662	851	702	431	418	499	638	320	839	302	
376	598	307	564	845	822	510	498	468	350	417	313	333	301	475	415	368	748	450	719	674	560	504	354	362	513	731	384	867	792	821	780	497	529	479	360	714	896	437	305	775	807	748	569	735	0	686	546	380	632	393	520	598	304	307	634	430	621	516	575	784	
437	757	859	328	856	683	348	692	869	483	470	526	413	629	400	696	473	301	553	662	542	607	305	611	667	575	442	770	502	862	698	458	434	410	796	502	498	531	850	375	305	783	430	575	664	686	0	552	698	616	594	546	802	880	832	343	732	537	554	776	541	
445	888	411	445	762	778	609	414	704	746	529	710	735	405	316	563	533	836	750	782	896	889	782	384	478	363	524	706	766	319	660	840	396	534	355	896	745	387	895	635	638	314	343	683	756	546	552	0	468	862	407	628	596	552	603	364	730	751	819	775	542	
421	889	693	778	313	650	628	673	364	797	352	440	627	859	558	619	829	564	483	806	409	811	895	582	441	435	836	369	487	656	348	597	405	383	310	875	716	750	463	413	591	722	617	864	370	380	698	468	0	478	532	537	766	419	572	381	396	304	834	520	413	
380	719	589	853	761	403	301	663	774	770	521	526	726	407	446	455	316	333	877	569	729	751	383	349	894	545	658	859	732	667	878	408	696	416	345	725	583	443	471	366	452	736	417	770	438	632	616	862	478	0	460	763	836	828	696	587	381	668	713	555	840	
310	573	364	852	881	347	746	337	731	662	533	763	433	523	383	665	528	730	439	852	732	497	604	549	562	489	679	807	824	662	862	803	566	501	863	604	676	791	605	663	438	618	402	556	561	393	594	407	532	460	0	488	843	372	556	338	530	414	457	855	885	
564	740	372	666	627	381	852	584	739	685	823	646	616	408	819	642	769	898	411	675	526	313	627	429	594	647	616	730	322	672	696	382	578	553	335	615	679	305	542	418	665	613	787	497	662	520	546	628	537	763	488	0	545	875	754	780	758	775	599	441	476	
796	800	345	688	569	745	512	844	746	642	726	358	611	465	787	896	838	372	383	598	640	394	646	438	558	703	730	736	568	455	690	793	791	527	378	847	853	851	748	417	755	802	841	846	851	598	802	596	766	836	843	545	0	779	485	409	672	677	636	879	408	
827	587	754	652	634	572	633	455	882	488	472	321	486	842	403	555	888	417	428	681	389	383	409	870	476	703	615	464	697	607	710	677	733	419	896	881	456	733	656	769	652	483	332	829	702	304	880	552	419	828	372	875	779	0	484	476	389	718	670	638	892	
371	854	830	465	750	867	394	793	728	895	842	817	329	765	606	391	481	695	385	385	888	464	476	592	572	892	429	891	647	654	456	688	308	485	849	360	350	651	710	392	633	638	579	324	431	307	832	603	572	696	556	754	485	484	0	872	344	328	380	473	705	
394	819	615	578	842	610	543	629	346	506	664	666	595	832	699	450	343	565	783	634	571	896	372	691	537	497	794	445	346	538	877	831	355	708	812	489	567	531	649	807	729	425	589	667	418	634	343	364	381	587	338	780	409	476	872	0	635	826	432	303	416	
311	850	859	496	651	730	527	649	587	420	725	655	647	546	730	562	813	454	572	371	794	757	869	566	887	368	318	836	601	736	404	827	899	691	750	302	377	455	560	389	830	784	553	865	499	430	732	730	396	381	530	758	672	389	344	635	0	308	318	337	428	
650	362	850	512	317	863	436	514	780	588	484	760	560	445	328	466	734	812	750	712	888	732	800	463	378	682	369	425	898	318	460	454	338	609	332	622	509	766	765	313	387	586	823	579	638	621	537	751	304	668	414	775	677	718	328	826	308	0	611	461	412	
546	747	381	615	805	625	756	402	445	755	311	590	524	851	556	355	851	888	694	687	335	658	669	310	484	359	761	507	453	874	759	452	405	701	498	392	650	592	473	543	722	760	763	368	320	516	554	819	834	713	457	599	636	670	380	432	318	611	0	804	788	
520	355	779	405	600	518	770	894	763	584	621	657	498	567	439	340	867	897	507	522	742	664	808	388	465	558	544	833	483	682	451	797	576	314	556	307	300	757	616	352	779	697	753	693	839	575	776	775	520	555	855	441	879	638	473	303	337	461	804	0	710	
378	755	314	363	416	762	574	570	601	369	588	438	514	578	471	372	619	313	562	355	360	367	696	646	529	472	512	360	363	868	571	341	755	340	867	800	648	352	813	362	600	842	486	748	302	784	541	542	413	840	885	476	408	892	705	416	428	412	788	710	0	
etats
Id_Station	Poids W	Min (P)	WSPT	Priorité	
1	1	317	39,63	8	
2	8	323	323,00	60	
3	1	327	54,50	20	
4	5	307	38,38	6	
5	6	307	102,33	39	
6	4	302	75,50	29	
7	5	305	61,00	22	
8	5	305	50,83	17	
9	4	308	154,00	45	
10	7	300	75,00	27	
11	4	303	101,00	36	
12	5	320	320,00	57	
13	4	313	313,00	54	
14	1	304	152,00	43	
15	8	320	80,00	34	
16	8	309	103,00	40	
17	9	343	171,50	47	
18	1	301	301,00	49	
19	9	306	306,00	52	
20	1	302	50,33	14	
21	5	312	104,00	41	
22	1	330	66,00	24	
23	4	305	33,89	3	
24	9	301	75,25	28	
25	6	308	61,60	23	
26	8	302	60,40	21	
27	1	331	66,20	26	
28	9	300	42,86	10	
29	1	306	102,00	38	
30	9	303	50,50	15	
31	6	305	305,00	51	
32	9	304	50,67	16	
33	1	314	52,33	19	
34	3	322	322,00	58	
35	8	322	322,00	59	
36	9	316	316,00	55	
37	7	302	151,00	42	
38	1	303	33,67	2	
39	3	302	33,56	1	
40	7	306	306,00	53	
41	7	312	39,00	7	
42	3	300	300,00	48	
43	5	318	45,43	13	
44	2	302	43,14	11	
45	8	330	66,00	25	
46	3	307	76,75	31	
47	4	305	152,50	44	
48	6	302	75,50	30	
49	6	304	304,00	50	
50	1	300	100,00	35	
51	6	308	154,00	46	
52	3	310	44,29	12	
53	9	305	101,67	37	
54	7	315	78,75	33	
55	5	305	38,13	5	
56	4	303	37,88	4	
57	9	307	76,75	32	
58	6	308	51,33	18	
59	1	335	41,88	9	
60	6	319	319,00	56	
