distances
0	388	713	463	699	686	333	445	812	640	791	592	891	865	770	844	558	620	392	324	586	607	850	581	758	793	604	518	759	548	611	831	858	624	805	878	406	379	426	786	878	793	690	425	538	841	462	544	335	829	785	568	856	762	739	587	478	363	417	674	801	
388	0	712	850	551	771	495	566	703	779	432	426	815	367	824	821	600	413	763	715	709	755	797	782	324	684	590	649	856	645	565	627	764	559	422	860	639	434	418	343	469	389	433	676	682	525	317	547	519	394	381	384	850	755	372	842	544	694	398	348	598	
713	712	0	544	756	849	333	663	394	542	597	859	608	847	496	780	680	791	856	582	794	853	705	729	665	618	715	806	444	323	426	526	676	775	395	645	506	451	689	857	378	819	376	581	856	478	568	367	470	337	690	518	759	323	816	636	372	573	710	464	561	
463	850	544	0	613	783	777	661	741	327	756	407	849	774	663	548	490	524	703	706	342	456	618	832	698	470	721	468	698	591	721	413	591	795	558	871	831	616	610	497	751	708	530	664	501	382	629	672	432	859	799	685	363	611	640	698	709	416	625	353	840	
699	551	756	613	0	519	334	833	313	894	367	693	837	583	746	593	738	713	701	703	458	418	606	674	611	620	322	799	677	373	763	432	434	807	601	831	401	598	635	639	768	673	391	719	527	406	727	559	799	642	833	687	568	373	700	866	307	402	889	833	815	
686	771	849	783	519	0	473	324	780	667	704	802	332	747	707	351	661	364	654	493	845	404	716	372	360	583	500	728	308	824	783	867	611	673	386	567	582	851	737	324	361	821	774	744	734	374	386	815	551	307	576	538	529	713	874	791	353	771	647	884	349	
333	495	333	777	334	473	0	781	688	708	783	440	589	649	304	528	404	896	440	363	302	486	692	863	319	876	503	471	512	505	801	373	462	664	568	535	749	396	473	611	777	686	351	652	633	392	725	418	603	482	724	308	837	305	357	760	661	854	530	757	642	
445	566	663	661	833	324	781	0	314	784	407	463	798	667	581	390	897	571	411	814	555	481	514	609	420	703	540	804	567	519	305	446	473	891	402	344	840	513	887	363	424	882	875	878	461	587	555	406	575	830	676	655	712	308	704	731	876	825	843	389	577	
812	703	394	741	313	780	688	314	0	378	579	324	410	390	727	787	637	392	543	728	600	465	691	738	491	323	863	811	846	540	505	305	726	791	507	890	316	521	713	338	752	449	463	599	671	792	835	305	360	858	329	511	781	672	434	755	399	503	353	614	507	
640	779	542	327	894	667	708	784	378	0	341	594	616	844	572	649	494	532	831	308	336	805	832	787	848	687	362	611	747	859	883	360	452	375	492	800	484	846	614	745	421	312	673	659	340	783	635	681	893	617	802	700	728	524	793	609	330	560	794	500	376	
791	432	597	756	367	704	783	407	579	341	0	896	634	619	320	763	809	425	357	508	575	724	515	690	578	737	410	398	809	386	548	586	478	800	456	431	448	365	454	337	442	672	300	507	718	652	703	677	639	896	687	830	495	497	754	793	309	805	729	451	562	
592	426	859	407	693	802	440	463	324	594	896	0	593	513	489	345	838	864	406	348	487	877	818	874	877	836	596	425	403	306	405	410	880	325	350	735	822	594	573	679	890	636	570	335	632	886	882	507	782	370	480	627	462	375	774	355	303	397	715	707	319	
891	815	608	849	837	332	589	798	410	616	634	593	0	437	617	781	889	479	487	348	791	354	486	876	449	488	804	428	841	855	681	854	863	730	885	486	609	516	634	537	482	456	539	751	625	434	744	713	596	816	660	440	358	484	833	700	320	322	466	363	658	
865	367	847	774	583	747	649	667	390	844	619	513	437	0	569	541	371	367	581	816	739	454	503	463	330	490	396	528	557	808	712	730	445	558	557	518	887	397	732	371	470	402	725	341	872	810	313	495	702	522	560	499	772	865	770	377	693	407	850	464	786	
770	824	496	663	746	707	304	581	727	572	320	489	617	569	0	389	587	559	674	559	848	436	888	860	899	781	816	690	865	506	426	894	656	314	881	388	482	592	460	591	511	773	813	396	849	835	646	880	718	790	652	314	684	361	689	502	426	778	504	535	415	
844	821	780	548	593	351	528	390	787	649	763	345	781	541	389	0	376	827	593	589	840	575	503	505	876	721	782	841	411	614	826	745	741	674	568	642	617	897	335	591	320	374	589	740	752	863	717	888	509	543	620	491	711	814	668	629	519	882	592	432	363	
558	600	680	490	738	661	404	897	637	494	809	838	889	371	587	376	0	859	310	309	804	659	532	445	806	431	746	883	753	624	812	664	341	586	634	346	746	830	858	758	394	469	602	818	574	879	353	593	479	684	518	738	747	410	446	403	662	322	622	413	545	
620	413	791	524	713	364	896	571	392	532	425	864	479	367	559	827	859	0	411	857	571	643	649	525	839	640	633	579	775	482	527	695	452	869	607	726	597	472	473	438	412	712	872	542	656	416	367	465	606	544	648	747	832	730	346	346	857	495	655	579	343	
392	763	856	703	701	654	440	411	543	831	357	406	487	581	674	593	310	411	0	552	828	526	552	727	301	547	483	356	567	709	595	831	362	416	453	531	353	740	356	534	511	678	322	658	415	366	464	730	434	384	552	530	411	880	371	417	896	882	777	728	589	
324	715	582	706	703	493	363	814	728	308	508	348	348	816	559	589	309	857	552	0	525	555	600	798	505	490	351	764	868	746	449	478	807	719	334	684	611	627	858	487	306	477	817	680	382	330	463	330	334	624	608	377	827	897	863	554	731	618	799	491	540	
586	709	794	342	458	845	302	555	600	336	575	487	791	739	848	840	804	571	828	525	0	873	554	360	403	541	357	551	758	677	839	543	825	548	888	345	679	302	885	400	813	496	322	535	367	441	640	627	361	592	468	775	875	633	475	666	340	857	440	655	417	
607	755	853	456	418	404	486	481	465	805	724	877	354	454	436	575	659	643	526	555	873	0	752	444	600	474	566	428	795	313	312	640	686	375	888	347	692	680	319	502	778	874	768	641	434	869	367	504	735	466	482	594	489	589	515	854	850	421	873	562	670	
850	797	705	618	606	716	692	514	691	832	515	818	486	503	888	503	532	649	552	600	554	752	0	445	762	402	398	423	596	895	605	704	471	537	374	797	669	729	705	824	460	333	604	680	797	684	604	443	801	722	402	631	654	800	583	356	330	819	376	837	540	
581	782	729	832	674	372	863	609	738	787	690	874	876	463	860	505	445	525	727	798	360	444	445	0	305	491	787	460	311	479	737	400	736	654	576	721	380	683	326	695	323	743	779	373	513	720	507	512	857	460	837	310	856	690	721	428	847	623	714	799	630	
758	324	665	698	611	360	319	420	491	848	578	877	449	330	899	876	806	839	301	505	403	600	762	305	0	774	569	683	403	686	539	591	862	388	824	348	794	590	743	366	358	614	643	752	500	571	690	753	718	790	705	732	600	814	819	458	568	897	309	779	522	
793	684	618	470	620	583	876	703	323	687	737	836	488	490	781	721	431	640	547	490	541	474	402	491	774	0	398	538	895	631	668	821	842	488	435	477	727	839	546	763	754	437	542	700	737	509	472	772	369	670	536	649	656	583	867	878	719	866	308	665	600	
604	590	715	721	322	500	503	540	863	362	410	596	804	396	816	782	746	633	483	351	357	566	398	787	569	398	0	864	651	797	502	704	578	473	821	598	854	841	599	684	631	803	354	770	302	384	319	642	706	383	398	436	433	676	847	828	668	856	380	869	344	
518	649	806	468	799	728	471	804	811	611	398	425	428	528	690	841	883	579	356	764	551	428	423	460	683	538	864	0	479	818	828	873	657	744	582	373	342	798	818	474	794	350	794	381	362	718	843	422	464	534	502	815	331	785	437	804	704	856	605	495	853	
759	856	444	698	677	308	512	567	846	747	809	403	841	557	865	411	753	775	567	868	758	795	596	311	403	895	651	479	0	819	333	489	366	688	783	662	614	898	543	897	693	835	333	846	538	631	763	377	534	739	300	776	460	705	841	484	382	585	724	623	719	
548	645	323	591	373	824	505	519	540	859	386	306	855	808	506	614	624	482	709	746	677	313	895	479	686	631	797	818	819	0	788	773	595	764	540	796	403	439	665	771	856	753	467	831	838	864	412	388	619	413	789	433	529	891	826	668	544	365	331	362	553	
611	565	426	721	763	783	801	305	505	883	548	405	681	712	426	826	812	527	595	449	839	312	605	737	539	668	502	828	333	788	0	363	751	859	413	777	852	654	303	758	309	518	540	318	520	819	699	342	426	404	877	716	799	834	763	360	525	458	388	494	583	
831	627	526	413	432	867	373	446	305	360	586	410	854	730	894	745	664	695	831	478	543	640	704	400	591	821	704	873	489	773	363	0	624	577	794	832	545	565	438	572	727	483	357	366	642	514	333	754	827	580	312	814	497	382	362	752	390	633	355	877	746	
858	764	676	591	434	611	462	473	726	452	478	880	863	445	656	741	341	452	362	807	825	686	471	736	862	842	578	657	366	595	751	624	0	447	679	615	676	766	684	832	559	614	306	511	846	658	546	509	351	304	814	533	382	560	500	543	819	763	435	422	502	
624	559	775	795	807	673	664	891	791	375	800	325	730	558	314	674	586	869	416	719	548	375	537	654	388	488	473	744	688	764	859	577	447	0	818	795	607	527	804	623	371	322	390	464	732	521	376	858	587	363	637	333	318	819	729	894	615	663	371	414	458	
805	422	395	558	601	386	568	402	507	492	456	350	885	557	881	568	634	607	453	334	888	888	374	576	824	435	821	582	783	540	413	794	679	818	0	648	616	326	562	866	826	684	330	899	322	511	767	377	373	841	798	576	594	539	802	854	762	524	712	563	742	
878	860	645	871	831	567	535	344	890	800	431	735	486	518	388	642	346	726	531	684	345	347	797	721	348	477	598	373	662	796	777	832	615	795	648	0	741	436	573	475	732	385	792	445	322	730	351	607	534	435	588	741	811	632	779	815	587	723	379	434	574	
406	639	506	831	401	582	749	840	316	484	448	822	609	887	482	617	746	597	353	611	679	692	669	380	794	727	854	342	614	403	852	545	676	607	616	741	0	854	643	735	724	760	760	864	844	856	506	656	355	710	872	692	625	648	645	852	554	327	373	451	671	
379	434	451	616	598	851	396	513	521	846	365	594	516	397	592	897	830	472	740	627	302	680	729	683	590	839	841	798	898	439	654	565	766	527	326	436	854	0	504	809	721	497	404	862	302	604	420	369	572	462	748	844	469	576	401	418	694	871	652	678	362	
426	418	689	610	635	737	473	887	713	614	454	573	634	732	460	335	858	473	356	858	885	319	705	326	743	546	599	818	543	665	303	438	684	804	562	573	643	504	0	753	321	431	698	366	899	438	574	354	752	821	668	432	642	504	641	579	747	405	735	741	573	
786	343	857	497	639	324	611	363	338	745	337	679	537	371	591	591	758	438	534	487	400	502	824	695	366	763	684	474	897	771	758	572	832	623	866	475	735	809	753	0	861	448	324	588	694	484	413	790	302	670	830	797	773	746	795	516	617	526	843	672	733	
878	469	378	751	768	361	777	424	752	421	442	890	482	470	511	320	394	412	511	306	813	778	460	323	358	754	631	794	693	856	309	727	559	371	826	732	724	721	321	861	0	365	378	782	837	659	342	784	519	870	587	452	879	742	803	595	793	449	738	444	595	
793	389	819	708	673	821	686	882	449	312	672	636	456	402	773	374	469	712	678	477	496	874	333	743	614	437	803	350	835	753	518	483	614	322	684	385	760	497	431	448	365	0	699	889	530	368	676	459	795	434	495	460	850	659	575	718	515	422	663	342	800	
690	433	376	530	391	774	351	875	463	673	300	570	539	725	813	589	602	872	322	817	322	768	604	779	643	542	354	794	333	467	540	357	306	390	330	792	760	404	698	324	378	699	0	322	377	832	307	890	579	389	623	409	616	784	380	305	318	695	825	771	347	
425	676	581	664	719	744	652	878	599	659	507	335	751	341	396	740	818	542	658	680	535	641	680	373	752	700	770	381	846	831	318	366	511	464	899	445	864	862	366	588	782	889	322	0	645	751	493	373	444	468	438	704	443	811	403	472	464	374	625	846	741	
538	682	856	501	527	734	633	461	671	340	718	632	625	872	849	752	574	656	415	382	367	434	797	513	500	737	302	362	538	838	520	642	846	732	322	322	844	302	899	694	837	530	377	645	0	689	436	523	394	702	710	823	312	479	882	311	572	731	891	658	776	
841	525	478	382	406	374	392	587	792	783	652	886	434	810	835	863	879	416	366	330	441	869	684	720	571	509	384	718	631	864	819	514	658	521	511	730	856	604	438	484	659	368	832	751	689	0	582	888	818	837	503	773	626	647	549	801	503	538	702	385	676	
462	317	568	629	727	386	725	555	835	635	703	882	744	313	646	717	353	367	464	463	640	367	604	507	690	472	319	843	763	412	699	333	546	376	767	351	506	420	574	413	342	676	307	493	436	582	0	755	400	620	536	855	732	366	436	837	687	422	568	686	790	
544	547	367	672	559	815	418	406	305	681	677	507	713	495	880	888	593	465	730	330	627	504	443	512	753	772	642	422	377	388	342	754	509	858	377	607	656	369	354	790	784	459	890	373	523	888	755	0	565	841	678	726	747	887	568	814	711	307	457	784	533	
335	519	470	432	799	551	603	575	360	893	639	782	596	702	718	509	479	606	434	334	361	735	801	857	718	369	706	464	534	619	426	827	351	587	373	534	355	572	752	302	519	795	579	444	394	818	400	565	0	354	591	737	780	623	786	614	446	669	509	645	836	
829	394	337	859	642	307	482	830	858	617	896	370	816	522	790	543	684	544	384	624	592	466	722	460	790	670	383	534	739	413	404	580	304	363	841	435	710	462	821	670	870	434	389	468	702	837	620	841	354	0	324	505	702	442	354	512	494	663	419	369	679	
785	381	690	799	833	576	724	676	329	802	687	480	660	560	652	620	518	648	552	608	468	482	402	837	705	536	398	502	300	789	877	312	814	637	798	588	872	748	668	830	587	495	623	438	710	503	536	678	591	324	0	460	493	819	425	636	444	745	854	652	451	
568	384	518	685	687	538	308	655	511	700	830	627	440	499	314	491	738	747	530	377	775	594	631	310	732	649	436	815	776	433	716	814	533	333	576	741	692	844	432	797	452	460	409	704	823	773	855	726	737	505	460	0	310	310	653	872	414	676	558	651	526	
856	850	759	363	568	529	837	712	781	728	495	462	358	772	684	711	747	832	411	827	875	489	654	856	600	656	433	331	460	529	799	497	382	318	594	811	625	469	642	773	879	850	616	443	312	626	732	747	780	702	493	310	0	700	715	574	526	446	594	524	825	
762	755	323	611	373	713	305	308	672	524	497	375	484	865	361	814	410	730	880	897	633	589	800	690	814	583	676	785	705	891	834	382	560	819	539	632	648	576	504	746	742	659	784	811	479	647	366	887	623	442	819	310	700	0	586	474	832	443	417	673	509	
739	372	816	640	700	874	357	704	434	793	754	774	833	770	689	668	446	346	371	863	475	515	583	721	819	867	847	437	841	826	763	362	500	729	802	779	645	401	641	795	803	575	380	403	882	549	436	568	786	354	425	653	715	586	0	784	315	806	884	527	682	
587	842	636	698	866	791	760	731	755	609	793	355	700	377	502	629	403	346	417	554	666	854	356	428	458	878	828	804	484	668	360	752	543	894	854	815	852	418	579	516	595	718	305	472	311	801	837	814	614	512	636	872	574	474	784	0	857	438	401	703	331	
478	544	372	709	307	353	661	876	399	330	309	303	320	693	426	519	662	857	896	731	340	850	330	847	568	719	668	704	382	544	525	390	819	615	762	587	554	694	747	617	793	515	318	464	572	503	687	711	446	494	444	414	526	832	315	857	0	832	443	335	385	
363	694	573	416	402	771	854	825	503	560	805	397	322	407	778	882	322	495	882	618	857	421	819	623	897	866	856	856	585	365	458	633	763	663	524	723	327	871	405	526	449	422	695	374	731	538	422	307	669	663	745	676	446	443	806	438	832	0	572	431	760	
417	398	710	625	889	647	530	843	353	794	729	715	466	850	504	592	622	655	777	799	440	873	376	714	309	308	380	605	724	331	388	355	435	371	712	379	373	652	735	843	738	663	825	625	891	702	568	457	509	419	854	558	594	417	884	401	443	572	0	543	677	
674	348	464	353	833	884	757	389	614	500	451	707	363	464	535	432	413	579	728	491	655	562	837	799	779	665	869	495	623	362	494	877	422	414	563	434	451	678	741	672	444	342	771	846	658	385	686	784	645	369	652	651	524	673	527	703	335	431	543	0	452	
801	598	561	840	815	349	642	577	507	376	562	319	658	786	415	363	545	343	589	540	417	670	540	630	522	600	344	853	719	553	583	746	502	458	742	574	671	362	573	733	595	800	347	741	776	676	790	533	836	679	451	526	825	509	682	331	385	760	677	452	0	
etats
Id_Station	Poids W	Min (P)	WSPT	Priorité	
1	8	310	34,44	3	
2	1	304	50,67	24	
3	6	310	62,00	33	
4	8	301	43,00	16	
5	3	309	34,33	2	
6	4	313	44,71	20	
7	5	301	150,50	45	
8	6	301	301,00	51	
9	2	320	35,56	6	
10	4	300	60,00	28	
11	3	311	44,43	18	
12	1	311	44,43	19	
13	1	301	60,20	30	
14	2	334	334,00	60	
15	4	300	100,00	41	
16	3	309	38,63	11	
17	2	300	33,33	1	
18	1	316	39,50	13	
19	1	316	316,00	58	
20	6	310	310,00	56	
21	3	310	38,75	12	
22	5	300	60,00	29	
23	9	302	302,00	52	
24	4	305	61,00	31	
25	5	316	79,00	40	
26	5	310	62,00	34	
27	5	320	53,33	27	
28	7	305	76,25	37	
29	3	310	34,44	4	
30	6	300	37,50	8	
31	1	308	308,00	55	
32	6	311	34,56	5	
33	6	309	61,80	32	
34	1	325	325,00	59	
35	1	304	304,00	53	
36	1	308	154,00	48	
37	2	336	42,00	14	
38	9	312	104,00	42	
39	9	305	152,50	47	
40	1	301	37,63	9	
41	8	301	150,50	46	
42	1	333	111,00	44	
43	7	300	42,86	15	
44	7	301	75,25	36	
45	5	303	37,88	10	
46	4	305	305,00	54	
47	2	310	77,50	39	
48	4	327	46,71	21	
49	1	315	157,50	50	
50	3	300	50,00	22	
51	2	320	35,56	7	
52	7	310	62,00	35	
53	3	300	50,00	23	
54	4	306	76,50	38	
55	8	305	50,83	25	
56	8	315	52,50	26	
57	4	308	154,00	49	
58	6	302	43,14	17	
59	8	314	314,00	57	
60	1	323	107,67	43	
