distances
0	471	431	388	853	770	430	808	687	720	580	619	628	479	443	327	325	400	734	492	851	350	723	898	606	380	751	837	793	783	451	394	443	622	559	336	308	365	725	605	482	847	666	652	700	708	627	476	564	433	645	720	642	603	680	791	318	559	598	515	324	
471	0	750	414	572	593	883	503	882	450	644	368	442	866	882	730	657	327	611	792	368	543	352	349	700	420	374	312	536	432	625	425	475	537	504	863	824	304	810	710	515	473	768	369	847	725	435	852	852	321	354	454	554	698	451	301	389	400	575	655	711	
431	750	0	827	666	878	511	435	623	585	426	896	360	604	613	625	555	527	731	828	374	327	363	501	540	461	865	640	523	312	476	300	801	561	783	897	695	419	491	412	648	893	549	662	834	354	691	623	872	761	597	883	691	446	636	644	354	637	815	433	626	
388	414	827	0	810	301	885	452	358	721	449	788	777	361	863	764	367	439	402	661	794	685	779	381	461	564	391	866	887	716	516	758	346	391	485	583	632	583	656	352	842	510	876	625	424	709	787	496	616	615	444	892	791	327	625	480	396	544	676	313	602	
853	572	666	810	0	339	748	496	349	581	737	479	372	545	830	736	565	385	523	501	386	400	886	774	346	447	360	737	353	879	574	631	665	528	555	482	510	571	415	399	401	579	895	474	520	498	663	402	762	570	400	712	631	682	706	340	617	409	645	544	323	
770	593	878	301	339	0	697	888	674	388	659	469	368	536	851	419	837	644	359	358	835	367	744	690	580	533	324	423	365	747	722	314	552	761	808	677	771	614	368	482	554	542	577	700	787	504	400	835	692	890	842	601	506	572	858	815	681	649	371	437	594	
430	883	511	885	748	697	0	359	666	322	332	571	730	386	718	481	325	430	315	742	811	474	669	405	842	854	583	480	612	624	781	546	779	741	765	515	663	789	377	876	360	684	604	304	648	748	500	566	503	473	516	663	401	448	885	717	626	754	329	745	642	
808	503	435	452	496	888	359	0	393	442	615	572	779	447	521	463	730	332	683	596	521	553	772	521	857	472	448	478	325	471	771	351	451	899	393	735	864	773	633	827	687	474	404	777	406	768	881	771	416	682	794	468	508	888	503	303	888	709	506	537	330	
687	882	623	358	349	674	666	393	0	673	628	890	632	787	335	527	481	322	308	576	884	645	444	880	433	852	311	732	389	633	480	783	879	303	787	740	445	374	867	557	879	468	826	733	354	610	499	665	383	401	373	660	605	482	668	821	627	787	450	554	640	
720	450	585	721	581	388	322	442	673	0	593	610	750	518	569	648	871	301	599	444	822	351	437	539	636	562	561	581	842	398	495	507	439	666	870	449	419	580	487	404	348	689	655	462	449	393	829	301	534	759	579	849	892	615	498	449	695	740	622	411	329	
580	644	426	449	737	659	332	615	628	593	0	316	870	772	479	505	603	579	727	507	827	876	859	493	698	380	785	552	852	797	801	789	420	844	868	376	735	307	521	465	665	636	520	510	384	537	627	865	898	401	748	490	852	620	857	786	760	510	565	822	527	
619	368	896	788	479	469	571	572	890	610	316	0	648	759	803	696	893	601	473	712	694	814	602	661	884	360	705	877	815	875	736	428	804	418	397	872	703	488	631	619	661	466	881	330	596	833	782	401	317	629	792	892	771	590	700	702	425	647	851	594	755	
628	442	360	777	372	368	730	779	632	750	870	648	0	608	647	605	448	850	739	350	622	414	301	701	653	659	842	659	526	643	620	341	328	348	519	823	370	552	607	379	496	616	714	736	566	325	851	581	742	751	390	404	388	513	310	787	882	725	754	748	420	
479	866	604	361	545	536	386	447	787	518	772	759	608	0	660	679	326	704	590	733	331	493	897	778	368	753	638	776	898	339	368	676	441	737	479	674	595	411	392	433	488	326	339	696	848	569	635	404	341	666	600	509	642	345	638	600	607	782	514	386	662	
443	882	613	863	830	851	718	521	335	569	479	803	647	660	0	567	609	491	556	335	630	354	339	363	821	485	482	415	435	782	838	365	522	464	399	816	706	808	632	545	405	698	387	634	352	773	876	833	480	657	713	518	582	552	648	652	759	861	605	873	642	
327	730	625	764	736	419	481	463	527	648	505	696	605	679	567	0	715	426	887	758	726	548	325	565	607	374	542	825	775	535	505	358	370	638	817	617	423	418	643	319	314	553	332	723	625	713	318	304	390	477	705	854	847	840	860	567	596	828	322	739	549	
325	657	555	367	565	837	325	730	481	871	603	893	448	326	609	715	0	327	896	504	582	523	353	445	597	608	309	479	864	613	600	894	521	360	872	370	896	658	517	468	747	755	788	508	853	473	828	643	534	486	366	722	397	637	879	453	339	574	408	566	852	
400	327	527	439	385	644	430	332	322	301	579	601	850	704	491	426	327	0	309	423	308	787	402	837	322	827	573	398	817	358	539	794	853	884	573	328	548	647	347	376	312	682	463	426	893	842	429	561	511	483	869	498	318	456	422	698	811	861	451	335	452	
734	611	731	402	523	359	315	683	308	599	727	473	739	590	556	887	896	309	0	400	727	861	354	417	790	584	848	656	751	880	592	596	778	307	580	751	367	734	322	405	480	712	582	801	640	562	318	535	708	762	559	619	597	357	532	772	432	570	440	340	593	
492	792	828	661	501	358	742	596	576	444	507	712	350	733	335	758	504	423	400	0	342	629	543	342	821	520	668	856	561	471	477	430	466	516	316	635	354	787	465	382	721	360	366	638	458	845	786	728	630	843	482	858	470	498	307	407	500	651	655	329	445	
851	368	374	794	386	835	811	521	884	822	827	694	622	331	630	726	582	308	727	342	0	628	319	360	675	811	899	766	336	836	350	891	741	405	748	524	783	664	308	547	436	749	369	320	318	428	827	682	787	331	383	418	329	634	663	779	656	416	778	843	363	
350	543	327	685	400	367	474	553	645	351	876	814	414	493	354	548	523	787	861	629	628	0	522	439	762	353	775	855	651	888	301	451	875	805	806	551	527	783	455	813	707	742	872	574	619	473	878	828	462	312	628	648	483	304	608	610	687	521	435	444	362	
723	352	363	779	886	744	669	772	444	437	859	602	301	897	339	325	353	402	354	543	319	522	0	389	870	361	833	457	729	526	805	817	877	497	810	872	827	726	841	416	417	538	528	476	475	685	733	639	827	874	456	476	567	770	573	832	506	391	818	845	388	
898	349	501	381	774	690	405	521	880	539	493	661	701	778	363	565	445	837	417	342	360	439	389	0	847	415	511	495	602	404	333	308	583	333	883	406	336	496	824	503	532	492	482	517	889	663	886	338	416	779	366	790	655	465	887	440	728	355	832	357	465	
606	700	540	461	346	580	842	857	433	636	698	884	653	368	821	607	597	322	790	821	675	762	870	847	0	821	514	714	468	671	708	635	779	396	477	357	538	421	677	301	491	474	616	428	527	370	821	693	857	685	733	576	544	773	551	463	425	416	711	322	310	
380	420	461	564	447	533	854	472	852	562	380	360	659	753	485	374	608	827	584	520	811	353	361	415	821	0	342	506	540	481	670	502	446	764	427	834	742	352	411	495	609	500	760	803	479	778	708	707	553	382	819	876	738	313	619	849	309	529	359	861	714	
751	374	865	391	360	324	583	448	311	561	785	705	842	638	482	542	309	573	848	668	899	775	833	511	514	342	0	733	399	645	882	470	471	307	814	808	463	657	672	555	312	606	831	819	710	467	628	783	669	475	525	791	782	373	894	583	729	493	535	433	877	
837	312	640	866	737	423	480	478	732	581	552	877	659	776	415	825	479	398	656	856	766	855	457	495	714	506	733	0	613	376	351	675	356	879	653	574	681	772	516	561	811	624	331	815	355	316	338	839	665	759	399	731	702	360	769	524	895	677	767	364	507	
793	536	523	887	353	365	612	325	389	842	852	815	526	898	435	775	864	817	751	561	336	651	729	602	468	540	399	613	0	650	864	408	695	559	364	532	807	355	699	520	741	327	557	878	518	325	365	507	795	445	777	673	862	558	492	839	781	839	837	405	335	
783	432	312	716	879	747	624	471	633	398	797	875	643	339	782	535	613	358	880	471	836	888	526	404	671	481	645	376	650	0	825	762	881	830	679	802	764	712	424	439	531	604	423	562	308	347	381	652	428	740	598	348	716	792	338	626	609	659	558	888	302	
451	625	476	516	574	722	781	771	480	495	801	736	620	368	838	505	600	539	592	477	350	301	805	333	708	670	882	351	864	825	0	829	478	493	736	488	451	487	355	895	332	699	728	573	893	600	538	452	550	415	493	362	350	402	497	313	574	518	580	516	706	
394	425	300	758	631	314	546	351	783	507	789	428	341	676	365	358	894	794	596	430	891	451	817	308	635	502	470	675	408	762	829	0	767	742	492	469	812	885	383	827	366	751	300	595	410	465	343	373	454	888	718	514	781	443	834	422	481	746	310	456	834	
443	475	801	346	665	552	779	451	879	439	420	804	328	441	522	370	521	853	778	466	741	875	877	583	779	446	471	356	695	881	478	767	0	678	702	513	316	486	539	354	440	796	750	586	391	693	317	442	447	512	415	643	790	771	514	350	328	350	601	787	342	
622	537	561	391	528	761	741	899	303	666	844	418	348	737	464	638	360	884	307	516	405	805	497	333	396	764	307	879	559	830	493	742	678	0	475	407	452	504	641	892	693	305	329	657	837	605	792	859	395	829	651	603	851	370	827	689	311	601	405	727	595	
559	504	783	485	555	808	765	393	787	870	868	397	519	479	399	817	872	573	580	316	748	806	810	883	477	427	814	653	364	679	736	492	702	475	0	492	613	810	885	710	737	753	700	606	762	577	353	687	573	777	879	439	331	341	379	505	463	409	662	440	536	
336	863	897	583	482	677	515	735	740	449	376	872	823	674	816	617	370	328	751	635	524	551	872	406	357	834	808	574	532	802	488	469	513	407	492	0	888	444	685	336	664	777	760	425	700	459	762	545	820	421	311	660	475	712	834	833	767	858	449	552	637	
308	824	695	632	510	771	663	864	445	419	735	703	370	595	706	423	896	548	367	354	783	527	827	336	538	742	463	681	807	764	451	812	316	452	613	888	0	483	469	851	434	568	585	804	696	774	682	694	469	388	752	421	306	428	580	755	681	810	685	421	386	
365	304	419	583	571	614	789	773	374	580	307	488	552	411	808	418	658	647	734	787	664	783	726	496	421	352	657	772	355	712	487	885	486	504	810	444	483	0	421	487	404	878	776	407	862	894	747	664	494	704	656	753	684	781	647	577	607	498	387	329	523	
725	810	491	656	415	368	377	633	867	487	521	631	607	392	632	643	517	347	322	465	308	455	841	824	677	411	672	516	699	424	355	383	539	641	885	685	469	421	0	726	855	430	840	583	744	473	598	423	480	834	741	586	484	613	466	531	509	749	830	381	378	
605	710	412	352	399	482	876	827	557	404	465	619	379	433	545	319	468	376	405	382	547	813	416	503	301	495	555	561	520	439	895	827	354	892	710	336	851	487	726	0	464	309	787	695	336	796	769	445	606	504	400	548	705	649	581	832	338	643	646	715	393	
482	515	648	842	401	554	360	687	879	348	665	661	496	488	405	314	747	312	480	721	436	707	417	532	491	609	312	811	741	531	332	366	440	693	737	664	434	404	855	464	0	323	558	546	640	892	867	579	546	690	453	813	632	323	787	883	630	392	495	806	720	
847	473	893	510	579	542	684	474	468	689	636	466	616	326	698	553	755	682	712	360	749	742	538	492	474	500	606	624	327	604	699	751	796	305	753	777	568	878	430	309	323	0	591	841	339	439	418	778	486	895	745	565	623	756	541	895	351	543	359	483	420	
666	768	549	876	895	577	604	404	826	655	520	881	714	339	387	332	788	463	582	366	369	872	528	482	616	760	831	331	557	423	728	300	750	329	700	760	585	776	840	787	558	591	0	642	445	411	355	300	376	614	647	373	596	567	566	648	545	751	516	497	848	
652	369	662	625	474	700	304	777	733	462	510	330	736	696	634	723	508	426	801	638	320	574	476	517	428	803	819	815	878	562	573	595	586	657	606	425	804	407	583	695	546	841	642	0	368	824	738	635	476	621	461	753	430	490	737	509	328	743	497	409	639	
700	847	834	424	520	787	648	406	354	449	384	596	566	848	352	625	853	893	640	458	318	619	475	889	527	479	710	355	518	308	893	410	391	837	762	700	696	862	744	336	640	339	445	368	0	734	742	354	321	615	511	341	853	806	381	690	325	523	706	574	787	
708	725	354	709	498	504	748	768	610	393	537	833	325	569	773	713	473	842	562	845	428	473	685	663	370	778	467	316	325	347	600	465	693	605	577	459	774	894	473	796	892	439	411	824	734	0	437	495	465	421	666	663	410	842	522	602	773	685	551	856	300	
627	435	691	787	663	400	500	881	499	829	627	782	851	635	876	318	828	429	318	786	827	878	733	886	821	708	628	338	365	381	538	343	317	792	353	762	682	747	598	769	867	418	355	738	742	437	0	448	672	350	614	821	507	607	726	591	657	515	805	613	437	
476	852	623	496	402	835	566	771	665	301	865	401	581	404	833	304	643	561	535	728	682	828	639	338	693	707	783	839	507	652	452	373	442	859	687	545	694	664	423	445	579	778	300	635	354	495	448	0	536	668	464	897	536	523	701	586	849	793	844	796	422	
564	852	872	616	762	692	503	416	383	534	898	317	742	341	480	390	534	511	708	630	787	462	827	416	857	553	669	665	795	428	550	454	447	395	573	820	469	494	480	606	546	486	376	476	321	465	672	536	0	540	754	606	894	458	306	311	401	868	809	408	554	
433	321	761	615	570	890	473	682	401	759	401	629	751	666	657	477	486	483	762	843	331	312	874	779	685	382	475	759	445	740	415	888	512	829	777	421	388	704	834	504	690	895	614	621	615	421	350	668	540	0	331	738	835	680	645	828	771	869	403	642	307	
645	354	597	444	400	842	516	794	373	579	748	792	390	600	713	705	366	869	559	482	383	628	456	366	733	819	525	399	777	598	493	718	415	651	879	311	752	656	741	400	453	745	647	461	511	666	614	464	754	331	0	869	492	679	668	682	731	317	645	309	309	
720	454	883	892	712	601	663	468	660	849	490	892	404	509	518	854	722	498	619	858	418	648	476	790	576	876	791	731	673	348	362	514	643	603	439	660	421	753	586	548	813	565	373	753	341	663	821	897	606	738	869	0	590	863	669	542	350	401	874	529	314	
642	554	691	791	631	506	401	508	605	892	852	771	388	642	582	847	397	318	597	470	329	483	567	655	544	738	782	702	862	716	350	781	790	851	331	475	306	684	484	705	632	623	596	430	853	410	507	536	894	835	492	590	0	700	571	672	688	657	360	878	361	
603	698	446	327	682	572	448	888	482	615	620	590	513	345	552	840	637	456	357	498	634	304	770	465	773	313	373	360	558	792	402	443	771	370	341	712	428	781	613	649	323	756	567	490	806	842	607	523	458	680	679	863	700	0	367	695	300	600	783	692	610	
680	451	636	625	706	858	885	503	668	498	857	700	310	638	648	860	879	422	532	307	663	608	573	887	551	619	894	769	492	338	497	834	514	827	379	834	580	647	466	581	787	541	566	737	381	522	726	701	306	645	668	669	571	367	0	523	830	525	387	410	392	
791	301	644	480	340	815	717	303	821	449	786	702	787	600	652	567	453	698	772	407	779	610	832	440	463	849	583	524	839	626	313	422	350	689	505	833	755	577	531	832	883	895	648	509	690	602	591	586	311	828	682	542	672	695	523	0	609	650	659	552	881	
318	389	354	396	617	681	626	888	627	695	760	425	882	607	759	596	339	811	432	500	656	687	506	728	425	309	729	895	781	609	574	481	328	311	463	767	681	607	509	338	630	351	545	328	325	773	657	849	401	771	731	350	688	300	830	609	0	686	801	803	835	
559	400	637	544	409	649	754	709	787	740	510	647	725	782	861	828	574	861	570	651	416	521	391	355	416	529	493	677	839	659	518	746	350	601	409	858	810	498	749	643	392	543	751	743	523	685	515	793	868	869	317	401	657	600	525	650	686	0	523	809	305	
598	575	815	676	645	371	329	506	450	622	565	851	754	514	605	322	408	451	440	655	778	435	818	832	711	359	535	767	837	558	580	310	601	405	662	449	685	387	830	646	495	359	516	497	706	551	805	844	809	403	645	874	360	783	387	659	801	523	0	695	402	
515	655	433	313	544	437	745	537	554	411	822	594	748	386	873	739	566	335	340	329	843	444	845	357	322	861	433	364	405	888	516	456	787	727	440	552	421	329	381	715	806	483	497	409	574	856	613	796	408	642	309	529	878	692	410	552	803	809	695	0	355	
324	711	626	602	323	594	642	330	640	329	527	755	420	662	642	549	852	452	593	445	363	362	388	465	310	714	877	507	335	302	706	834	342	595	536	637	386	523	378	393	720	420	848	639	787	300	437	422	554	307	309	314	361	610	392	881	835	305	402	355	0	
etats
Id_Station	Poids W	Min (P)	WSPT	Priorité	
1	6	300	50,00	16	
2	6	304	60,80	23	
3	7	309	309,00	52	
4	1	305	152,50	44	
5	8	304	60,80	24	
6	7	312	104,00	37	
7	9	320	64,00	26	
8	7	329	82,25	33	
9	1	305	76,25	29	
10	4	327	46,71	15	
11	8	303	75,75	28	
12	7	309	61,80	25	
13	7	301	43,00	10	
14	4	304	304,00	50	
15	8	329	109,67	40	
16	2	316	316,00	57	
17	1	308	154,00	46	
18	9	312	78,00	31	
19	1	308	51,33	18	
20	1	311	34,56	5	
21	7	304	38,00	7	
22	1	303	43,29	12	
23	5	319	45,57	14	
24	5	337	337,00	60	
25	6	313	313,00	54	
26	2	302	33,56	2	
27	1	305	50,83	17	
28	1	316	105,33	39	
29	2	321	80,25	32	
30	3	301	100,33	34	
31	8	301	150,50	41	
32	1	302	302,00	47	
33	2	303	60,60	22	
34	2	307	153,50	45	
35	6	311	311,00	53	
36	4	302	75,50	27	
37	4	310	77,50	30	
38	6	303	37,88	6	
39	2	315	315,00	55	
40	1	313	104,33	38	
41	5	323	40,38	9	
42	7	304	152,00	43	
43	4	302	60,40	21	
44	2	307	307,00	51	
45	5	307	34,11	4	
46	1	333	333,00	59	
47	3	302	151,00	42	
48	6	320	320,00	58	
49	4	307	102,33	36	
50	1	300	33,33	1	
51	8	301	43,00	11	
52	1	316	39,50	8	
53	1	315	315,00	56	
54	4	312	52,00	19	
55	1	306	102,00	35	
56	4	303	303,00	49	
57	2	302	302,00	48	
58	5	313	44,71	13	
59	6	302	33,56	3	
60	3	301	60,20	20	
