distances
0	711	407	646	597	356	374	595	544	689	706	455	580	585	447	345	620	318	415	761	400	360	414	429	715	760	638	812	400	896	779	398	672	840	526	560	505	692	349	815	627	321	576	433	728	363	365	310	344	444	494	504	392	352	457	871	896	561	784	774	409	
711	0	782	565	544	650	848	881	778	684	631	596	786	326	705	470	771	409	484	671	688	522	825	766	778	632	512	833	673	899	592	482	868	769	398	887	888	824	496	851	866	342	854	751	381	374	365	407	796	888	569	369	445	310	773	405	818	652	553	557	657	
407	782	0	310	515	802	476	759	359	478	381	814	579	601	820	795	510	410	619	589	878	399	744	310	432	566	697	722	866	640	660	490	457	837	325	304	319	758	372	862	437	318	714	720	468	814	408	376	836	575	817	736	836	559	856	615	699	415	591	532	642	
646	565	310	0	373	503	672	511	641	734	756	543	639	447	422	671	435	525	423	680	451	668	575	424	580	352	574	774	439	603	614	497	311	670	719	675	856	739	502	502	760	472	440	689	330	364	329	388	479	513	397	571	536	572	522	581	643	819	585	344	757	
597	544	515	373	0	885	508	841	301	653	829	602	533	454	490	411	510	688	860	316	577	663	873	820	781	609	425	449	665	773	795	394	541	784	895	717	612	451	405	337	822	784	664	490	734	327	769	656	523	622	351	544	807	399	337	897	344	746	633	409	438	
356	650	802	503	885	0	537	751	315	859	889	819	474	864	830	363	404	407	888	546	821	876	870	822	721	772	315	663	711	460	343	480	408	868	810	309	788	870	511	459	450	467	346	599	744	417	609	605	767	637	545	848	527	574	676	746	393	436	537	767	654	
374	848	476	672	508	537	0	313	335	771	385	814	447	574	532	724	821	604	649	562	775	377	707	750	778	517	569	347	467	361	879	864	433	364	504	849	758	532	898	859	562	733	432	651	676	606	573	499	491	369	884	772	613	539	774	335	418	594	861	790	729	
595	881	759	511	841	751	313	0	538	732	490	779	697	541	852	425	437	836	420	778	567	393	619	723	712	373	477	702	379	823	731	813	708	399	769	406	322	349	545	873	662	801	717	427	301	714	638	730	856	590	372	524	889	465	525	757	371	897	657	702	892	
544	778	359	641	301	315	335	538	0	558	776	616	435	403	493	418	820	844	417	565	429	585	385	529	811	386	838	718	305	834	821	329	881	856	389	407	471	513	647	771	533	661	430	859	748	798	462	375	454	589	609	837	756	770	374	408	320	516	788	504	364	
689	684	478	734	653	859	771	732	558	0	607	890	693	470	344	433	814	480	765	617	333	524	786	370	662	431	474	414	780	661	831	484	654	738	459	320	680	604	815	736	896	322	857	845	775	329	401	820	498	589	802	381	678	737	610	629	416	866	557	866	478	
706	631	381	756	829	889	385	490	776	607	0	764	651	895	379	513	668	464	564	668	637	656	689	455	513	601	835	676	377	859	842	376	744	403	415	884	529	490	738	573	409	516	839	885	343	536	898	457	418	796	559	601	793	300	413	475	809	872	423	631	555	
455	596	814	543	602	819	814	779	616	890	764	0	311	866	759	776	847	360	843	856	376	757	634	575	325	702	510	769	807	418	336	585	889	426	488	572	826	839	741	409	523	445	576	731	649	651	614	848	857	369	616	341	898	845	580	680	804	897	883	867	735	
580	786	579	639	533	474	447	697	435	693	651	311	0	691	393	867	567	570	418	884	393	564	325	506	453	871	605	846	570	321	365	730	456	678	729	860	594	747	797	325	434	602	851	421	646	581	624	469	327	697	500	346	430	549	394	633	761	356	766	396	635	
585	326	601	447	454	864	574	541	403	470	895	866	691	0	395	457	660	431	543	788	565	504	302	619	379	781	527	699	585	898	478	739	429	741	403	508	426	584	389	766	738	301	355	863	712	332	434	411	855	729	354	442	731	868	484	459	717	745	455	827	727	
447	705	820	422	490	830	532	852	493	344	379	759	393	395	0	417	473	690	599	726	595	789	889	402	463	348	837	655	832	653	368	716	512	421	895	368	661	724	355	683	427	725	561	724	751	526	334	700	448	773	446	571	379	341	531	354	517	705	336	346	533	
345	470	795	671	411	363	724	425	418	433	513	776	867	457	417	0	583	854	615	861	334	715	780	410	869	480	390	407	771	684	593	552	715	447	390	384	441	884	780	834	425	476	368	300	810	468	897	754	618	550	330	784	711	597	843	895	491	721	617	477	860	
620	771	510	435	510	404	821	437	820	814	668	847	567	660	473	583	0	309	511	820	616	475	543	888	507	763	596	610	439	799	700	790	451	580	576	851	460	898	396	786	645	842	536	414	549	562	598	342	793	539	589	654	648	312	492	488	885	892	369	564	567	
318	409	410	525	688	407	604	836	844	480	464	360	570	431	690	854	309	0	706	666	394	317	300	471	671	523	534	742	617	391	536	342	676	630	668	652	553	683	329	887	467	861	659	475	659	654	481	711	784	736	728	857	555	726	372	624	737	549	609	398	424	
415	484	619	423	860	888	649	420	417	765	564	843	418	543	599	615	511	706	0	489	399	815	674	333	740	742	727	706	465	583	876	812	835	443	441	894	553	845	562	324	359	851	394	783	316	452	708	521	543	530	780	883	680	792	437	779	864	764	556	859	754	
761	671	589	680	316	546	562	778	565	617	668	856	884	788	726	861	820	666	489	0	578	353	572	678	874	734	344	664	393	486	661	592	650	627	783	780	649	608	700	469	753	796	878	833	452	542	664	505	742	550	578	370	840	631	578	433	590	588	481	420	323	
400	688	878	451	577	821	775	567	429	333	637	376	393	565	595	334	616	394	399	578	0	720	337	391	335	734	310	804	382	777	500	795	383	521	676	890	886	609	446	783	774	683	422	311	445	391	594	845	528	551	677	507	402	495	610	410	315	397	469	683	445	
360	522	399	668	663	876	377	393	585	524	656	757	564	504	789	715	475	317	815	353	720	0	339	335	442	842	599	813	751	621	390	311	541	455	650	799	555	725	498	516	343	722	679	593	426	513	429	419	338	671	478	460	310	379	412	386	362	407	859	411	414	
414	825	744	575	873	870	707	619	385	786	689	634	325	302	889	780	543	300	674	572	337	339	0	808	352	868	313	777	836	740	373	394	894	528	631	601	330	732	554	509	590	321	429	426	622	409	545	403	348	452	672	874	882	437	698	364	572	370	829	357	467	
429	766	310	424	820	822	750	723	529	370	455	575	506	619	402	410	888	471	333	678	391	335	808	0	881	497	835	838	365	450	854	730	624	441	618	443	490	485	369	527	714	889	437	553	619	323	869	580	376	490	449	355	433	830	730	518	887	323	302	425	529	
715	778	432	580	781	721	778	712	811	662	513	325	453	379	463	869	507	671	740	874	335	442	352	881	0	889	341	563	482	508	359	321	568	531	515	850	626	692	809	305	881	520	878	843	742	771	719	859	735	388	402	629	356	612	670	470	823	421	866	364	599	
760	632	566	352	609	772	517	373	386	431	601	702	871	781	348	480	763	523	742	734	734	842	868	497	889	0	398	897	815	365	712	516	336	778	816	316	471	856	563	643	359	726	802	553	600	613	614	538	888	847	696	842	802	698	425	539	888	426	573	447	355	
638	512	697	574	425	315	569	477	838	474	835	510	605	527	837	390	596	534	727	344	310	599	313	835	341	398	0	365	501	337	549	431	600	602	369	780	319	502	454	890	700	454	716	393	792	607	461	463	340	574	517	443	889	879	829	703	560	651	456	400	885	
812	833	722	774	449	663	347	702	718	414	676	769	846	699	655	407	610	742	706	664	804	813	777	838	563	897	365	0	641	483	728	553	535	591	444	414	481	504	724	674	833	508	443	369	809	380	893	712	785	602	725	320	452	594	648	812	441	362	897	713	821	
400	673	866	439	665	711	467	379	305	780	377	807	570	585	832	771	439	617	465	393	382	751	836	365	482	815	501	641	0	885	882	338	798	394	444	391	507	699	435	508	455	434	878	835	396	618	774	358	360	898	368	645	650	489	306	640	843	683	769	879	714	
896	899	640	603	773	460	361	823	834	661	859	418	321	898	653	684	799	391	583	486	777	621	740	450	508	365	337	483	885	0	451	787	416	501	605	867	385	471	706	494	375	642	793	561	857	342	310	343	755	827	800	626	362	874	586	364	520	568	718	871	656	
779	592	660	614	795	343	879	731	821	831	842	336	365	478	368	593	700	536	876	661	500	390	373	854	359	712	549	728	882	451	0	634	546	883	595	697	875	866	598	491	811	702	664	333	848	754	818	767	765	468	300	886	432	672	659	516	330	365	514	401	749	
398	482	490	497	394	480	864	813	329	484	376	585	730	739	716	552	790	342	812	592	795	311	394	730	321	516	431	553	338	787	634	0	345	720	786	315	789	349	667	651	677	596	573	385	585	746	819	355	642	761	680	866	719	488	456	761	502	308	469	501	840	
672	868	457	311	541	408	433	708	881	654	744	889	456	429	512	715	451	676	835	650	383	541	894	624	568	336	600	535	798	416	546	345	0	712	738	824	419	534	535	451	643	321	654	550	533	637	344	776	615	814	857	387	507	478	504	557	761	761	517	665	540	
840	769	837	670	784	868	364	399	856	738	403	426	678	741	421	447	580	630	443	627	521	455	528	441	531	778	602	591	394	501	883	720	712	0	712	556	501	589	737	873	417	360	539	427	517	825	309	650	346	406	491	569	415	623	865	391	780	513	455	768	549	
526	398	325	719	895	810	504	769	389	459	415	488	729	403	895	390	576	668	441	783	676	650	631	618	515	816	369	444	444	605	595	786	738	712	0	631	800	516	520	593	802	807	620	565	328	480	510	884	634	439	347	495	470	483	761	477	744	791	492	887	621	
560	887	304	675	717	309	849	406	407	320	884	572	860	508	368	384	851	652	894	780	890	799	601	443	850	316	780	414	391	867	697	315	824	556	631	0	458	714	354	342	375	766	473	709	764	863	333	355	586	614	603	645	821	510	568	563	868	407	420	417	501	
505	888	319	856	612	788	758	322	471	680	529	826	594	426	661	441	460	553	553	649	886	555	330	490	626	471	319	481	507	385	875	789	419	501	800	458	0	660	312	473	865	721	682	829	682	793	534	877	668	352	308	530	704	511	340	802	315	525	558	585	558	
692	824	758	739	451	870	532	349	513	604	490	839	747	584	724	884	898	683	845	608	609	725	732	485	692	856	502	504	699	471	866	349	534	589	516	714	660	0	493	576	363	890	769	859	586	518	849	398	458	380	570	678	878	863	736	422	336	423	373	816	636	
349	496	372	502	405	511	898	545	647	815	738	741	797	389	355	780	396	329	562	700	446	498	554	369	809	563	454	724	435	706	598	667	535	737	520	354	312	493	0	842	325	857	560	752	409	344	651	580	441	639	647	369	591	666	401	518	383	509	882	781	672	
815	851	862	502	337	459	859	873	771	736	573	409	325	766	683	834	786	887	324	469	783	516	509	527	305	643	890	674	508	494	491	651	451	873	593	342	473	576	842	0	393	434	338	590	594	720	432	692	776	642	476	564	510	542	677	523	804	417	759	702	534	
627	866	437	760	822	450	562	662	533	896	409	523	434	738	427	425	645	467	359	753	774	343	590	714	881	359	700	833	455	375	811	677	643	417	802	375	865	363	325	393	0	301	669	555	824	497	559	451	709	706	835	767	669	852	751	508	499	475	356	873	735	
321	342	318	472	784	467	733	801	661	322	516	445	602	301	725	476	842	861	851	796	683	722	321	889	520	726	454	508	434	642	702	596	321	360	807	766	721	890	857	434	301	0	403	597	403	806	546	433	722	662	347	661	744	612	739	728	768	381	767	680	614	
576	854	714	440	664	346	432	717	430	857	839	576	851	355	561	368	536	659	394	878	422	679	429	437	878	802	716	443	878	793	664	573	654	539	620	473	682	769	560	338	669	403	0	400	821	689	658	408	692	502	333	353	756	839	595	715	741	885	837	369	563	
433	751	720	689	490	599	651	427	859	845	885	731	421	863	724	300	414	475	783	833	311	593	426	553	843	553	393	369	835	561	333	385	550	427	565	709	829	859	752	590	555	597	400	0	897	303	418	467	596	785	396	598	897	441	572	538	366	743	685	407	462	
728	381	468	330	734	744	676	301	748	775	343	649	646	712	751	810	549	659	316	452	445	426	622	619	742	600	792	809	396	857	848	585	533	517	328	764	682	586	409	594	824	403	821	897	0	607	554	411	337	529	327	429	340	358	890	517	480	441	810	481	326	
363	374	814	364	327	417	606	714	798	329	536	651	581	332	526	468	562	654	452	542	391	513	409	323	771	613	607	380	618	342	754	746	637	825	480	863	793	518	344	720	497	806	689	303	607	0	439	592	866	481	631	774	654	817	421	820	830	767	335	763	389	
365	365	408	329	769	609	573	638	462	401	898	614	624	434	334	897	598	481	708	664	594	429	545	869	719	614	461	893	774	310	818	819	344	309	510	333	534	849	651	432	559	546	658	418	554	439	0	362	422	450	634	486	451	724	346	305	768	330	834	398	819	
310	407	376	388	656	605	499	730	375	820	457	848	469	411	700	754	342	711	521	505	845	419	403	580	859	538	463	712	358	343	767	355	776	650	884	355	877	398	580	692	451	433	408	467	411	592	362	0	336	658	526	572	719	522	784	764	680	476	897	367	684	
344	796	836	479	523	767	491	856	454	498	418	857	327	855	448	618	793	784	543	742	528	338	348	376	735	888	340	785	360	755	765	642	615	346	634	586	668	458	441	776	709	722	692	596	337	866	422	336	0	571	382	535	735	757	846	501	497	512	897	861	403	
444	888	575	513	622	637	369	590	589	589	796	369	697	729	773	550	539	736	530	550	551	671	452	490	388	847	574	602	898	827	468	761	814	406	439	614	352	380	639	642	706	662	502	785	529	481	450	658	571	0	861	764	571	315	863	808	411	707	432	894	763	
494	569	817	397	351	545	884	372	609	802	559	616	500	354	446	330	589	728	780	578	677	478	672	449	402	696	517	725	368	800	300	680	857	491	347	603	308	570	647	476	835	347	333	396	327	631	634	526	382	861	0	389	443	405	313	621	751	706	885	373	694	
504	369	736	571	544	848	772	524	837	381	601	341	346	442	571	784	654	857	883	370	507	460	874	355	629	842	443	320	645	626	886	866	387	569	495	645	530	678	369	564	767	661	353	598	429	774	486	572	535	764	389	0	384	540	633	438	569	707	416	851	568	
392	445	836	536	807	527	613	889	756	678	793	898	430	731	379	711	648	555	680	840	402	310	882	433	356	802	889	452	650	362	432	719	507	415	470	821	704	878	591	510	669	744	756	897	340	654	451	719	735	571	443	384	0	490	697	341	366	624	724	390	623	
352	310	559	572	399	574	539	465	770	737	300	845	549	868	341	597	312	726	792	631	495	379	437	830	612	698	879	594	489	874	672	488	478	623	483	510	511	863	666	542	852	612	839	441	358	817	724	522	757	315	405	540	490	0	661	664	384	762	552	573	450	
457	773	856	522	337	676	774	525	374	610	413	580	394	484	531	843	492	372	437	578	610	412	698	730	670	425	829	648	306	586	659	456	504	865	761	568	340	736	401	677	751	739	595	572	890	421	346	784	846	863	313	633	697	661	0	630	751	464	324	804	835	
871	405	615	581	897	746	335	757	408	629	475	680	633	459	354	895	488	624	779	433	410	386	364	518	470	539	703	812	640	364	516	761	557	391	477	563	802	422	518	523	508	728	715	538	517	820	305	764	501	808	621	438	341	664	630	0	785	454	585	433	773	
896	818	699	643	344	393	418	371	320	416	809	804	761	717	517	491	885	737	864	590	315	362	572	887	823	888	560	441	843	520	330	502	761	780	744	868	315	336	383	804	499	768	741	366	480	830	768	680	497	411	751	569	366	384	751	785	0	863	889	320	803	
561	652	415	819	746	436	594	897	516	866	872	897	356	745	705	721	892	549	764	588	397	407	370	323	421	426	651	362	683	568	365	308	761	513	791	407	525	423	509	417	475	381	885	743	441	767	330	476	512	707	706	707	624	762	464	454	863	0	772	480	860	
784	553	591	585	633	537	861	657	788	557	423	883	766	455	336	617	369	609	556	481	469	859	829	302	866	573	456	897	769	718	514	469	517	455	492	420	558	373	882	759	356	767	837	685	810	335	834	897	897	432	885	416	724	552	324	585	889	772	0	314	594	
774	557	532	344	409	767	790	702	504	866	631	867	396	827	346	477	564	398	859	420	683	411	357	425	364	447	400	713	879	871	401	501	665	768	887	417	585	816	781	702	873	680	369	407	481	763	398	367	861	894	373	851	390	573	804	433	320	480	314	0	381	
409	657	642	757	438	654	729	892	364	478	555	735	635	727	533	860	567	424	754	323	445	414	467	529	599	355	885	821	714	656	749	840	540	549	621	501	558	636	672	534	735	614	563	462	326	389	819	684	403	763	694	568	623	450	835	773	803	860	594	381	0	
etats
Id_Station	Poids W	Min (P)	WSPT	Priorité	
1	9	313	78,25	37	
2	6	301	50,17	25	
3	5	305	38,13	13	
4	7	308	51,33	28	
5	9	303	303,00	54	
6	7	300	300,00	51	
7	2	300	60,00	30	
8	1	308	102,67	47	
9	9	328	46,86	24	
10	5	325	40,63	19	
11	7	301	100,33	42	
12	7	304	152,00	49	
13	5	301	301,00	53	
14	1	304	101,33	44	
15	3	304	50,67	27	
16	8	303	43,29	20	
17	9	306	43,71	21	
18	8	315	315,00	60	
19	1	304	76,00	33	
20	1	300	100,00	41	
21	8	301	37,63	11	
22	5	303	101,00	43	
23	1	309	77,25	35	
24	5	310	44,29	23	
25	4	324	81,00	40	
26	5	300	33,33	1	
27	6	304	304,00	55	
28	4	324	40,50	18	
29	9	308	38,50	14	
30	8	310	62,00	32	
31	1	309	34,33	5	
32	9	313	78,25	38	
33	5	307	102,33	46	
34	1	311	311,00	57	
35	1	316	158,00	50	
36	2	309	103,00	48	
37	8	304	304,00	56	
38	3	315	52,50	29	
39	2	310	38,75	15	
40	8	311	311,00	58	
41	2	305	101,67	45	
42	3	304	33,78	4	
43	7	304	76,00	34	
44	4	300	37,50	9	
45	8	323	40,38	17	
46	1	303	50,50	26	
47	4	312	312,00	59	
48	7	301	33,44	3	
49	2	313	78,25	39	
50	6	300	300,00	52	
51	9	320	35,56	8	
52	5	311	38,88	16	
53	6	309	77,25	36	
54	4	306	61,20	31	
55	6	308	44,00	22	
56	6	300	37,50	10	
57	2	315	35,00	6	
58	7	315	35,00	7	
59	1	304	38,00	12	
60	3	300	33,33	2	
