distances
0	403	453	352	822	773	603	544	340	686	436	552	782	874	694	717	662	870	338	776	718	468	563	764	816	568	587	773	391	403	696	345	664	303	767	656	634	387	782	877	869	794	708	760	508	832	557	636	565	588	543	720	424	453	589	789	362	629	532	597	546	
403	0	883	309	338	714	559	852	761	879	520	801	326	809	856	688	316	521	663	696	367	306	449	688	454	585	323	555	362	844	408	849	389	648	867	500	497	462	310	883	502	489	791	793	437	307	359	729	452	379	300	370	316	779	312	862	727	837	783	581	395	
453	883	0	368	642	425	641	326	338	450	526	373	719	868	304	420	496	574	693	650	523	649	681	365	857	576	458	360	382	529	460	412	685	582	842	586	463	810	783	779	721	330	804	704	495	825	401	789	495	725	485	576	674	611	826	362	836	467	622	440	739	
352	309	368	0	866	667	312	432	766	846	685	432	735	735	349	687	703	764	828	449	364	636	346	551	635	619	727	598	614	593	443	681	473	894	698	597	713	382	771	625	743	617	438	558	871	388	355	707	581	515	375	650	875	543	625	416	754	701	617	585	818	
822	338	642	866	0	685	620	878	859	408	472	812	730	384	517	831	595	465	385	629	622	737	889	545	440	556	792	546	518	424	370	831	745	521	515	875	569	414	852	315	485	867	663	585	619	754	358	305	708	560	718	663	519	732	530	419	512	446	640	766	545	
773	714	425	667	685	0	667	803	663	578	700	667	769	748	306	506	780	688	812	685	409	748	343	674	448	713	586	767	561	645	808	896	878	449	364	490	725	830	696	545	810	368	304	664	549	426	610	577	877	495	322	397	512	432	882	389	461	384	659	846	817	
603	559	641	312	620	667	0	711	689	839	327	607	819	756	733	553	350	326	460	790	560	533	571	676	570	325	366	548	391	349	465	318	628	644	400	473	612	456	647	669	572	429	782	506	603	699	851	366	745	554	614	831	818	496	668	426	640	356	712	714	638	
544	852	326	432	878	803	711	0	595	666	796	552	414	809	679	539	324	864	332	839	608	617	833	855	574	395	819	788	419	797	432	892	548	329	437	392	804	714	694	557	797	895	536	827	331	480	831	771	516	471	738	457	866	810	322	872	871	465	320	863	881	
340	761	338	766	859	663	689	595	0	615	899	699	502	496	794	747	772	546	661	721	709	349	524	793	482	498	521	389	484	778	684	403	859	767	514	845	548	561	696	595	753	368	779	412	414	457	528	565	615	542	660	878	855	662	389	738	766	532	560	399	329	
686	879	450	846	408	578	839	666	615	0	751	435	423	490	744	757	706	651	866	644	705	760	455	320	395	463	498	305	441	847	415	611	516	640	744	437	647	889	700	646	359	376	372	503	871	672	704	898	653	597	680	755	496	357	408	417	552	648	369	602	483	
436	520	526	685	472	700	327	796	899	751	0	750	362	482	874	388	589	363	758	430	546	576	472	698	593	637	782	828	512	804	461	777	570	747	648	704	862	396	636	837	561	829	585	375	890	543	340	828	695	365	446	590	774	766	564	370	541	358	546	550	724	
552	801	373	432	812	667	607	552	699	435	750	0	557	883	442	656	702	379	818	635	650	838	742	569	444	809	789	525	318	780	675	702	833	708	780	835	466	567	303	379	825	751	860	397	485	708	383	675	502	806	556	490	511	575	426	306	751	547	802	537	667	
782	326	719	735	730	769	819	414	502	423	362	557	0	475	774	490	821	409	445	468	482	380	488	426	769	515	309	647	515	577	858	512	508	513	417	355	803	674	473	504	498	872	813	522	849	786	717	430	343	709	590	691	708	792	703	614	336	574	571	837	413	
874	809	868	735	384	748	756	809	496	490	482	883	475	0	396	643	757	376	513	613	844	401	316	847	555	470	630	344	684	843	366	301	374	737	577	452	340	439	793	379	322	428	646	557	461	752	624	334	706	499	473	553	750	420	649	366	610	882	680	550	733	
694	856	304	349	517	306	733	679	794	744	874	442	774	396	0	832	696	328	510	403	477	391	632	575	711	331	502	379	726	612	822	383	710	549	552	693	548	538	663	552	325	352	853	704	894	757	897	458	482	385	767	882	392	771	862	772	715	700	410	787	625	
717	688	420	687	831	506	553	539	747	757	388	656	490	643	832	0	329	876	670	870	329	446	543	826	847	727	845	458	352	898	536	817	572	598	386	685	711	867	387	468	621	542	847	854	546	800	646	732	375	710	710	771	588	731	773	769	414	739	773	846	457	
662	316	496	703	595	780	350	324	772	706	589	702	821	757	696	329	0	863	515	834	333	533	632	441	368	453	632	724	526	605	781	692	766	484	685	731	643	321	571	396	734	592	449	691	858	486	666	898	588	737	815	890	627	811	629	803	709	745	459	400	790	
870	521	574	764	465	688	326	864	546	651	363	379	409	376	328	876	863	0	770	349	388	634	353	643	475	322	664	845	316	894	641	331	490	543	827	672	318	736	869	337	879	728	401	473	469	313	448	802	445	624	308	695	439	696	847	815	514	694	708	753	566	
338	663	693	828	385	812	460	332	661	866	758	818	445	513	510	670	515	770	0	592	576	318	500	871	800	333	888	325	839	620	409	872	324	686	670	787	401	799	693	729	633	838	457	745	613	729	524	469	786	501	741	804	462	475	312	899	610	660	703	654	402	
776	696	650	449	629	685	790	839	721	644	430	635	468	613	403	870	834	349	592	0	889	576	633	808	385	541	362	308	570	440	500	720	351	672	813	767	520	725	718	589	578	355	397	752	584	656	356	693	425	485	559	595	565	507	659	652	855	415	841	553	464	
718	367	523	364	622	409	560	608	709	705	546	650	482	844	477	329	333	388	576	889	0	450	796	824	689	762	355	790	778	838	377	361	321	605	491	749	724	613	896	694	834	610	311	675	633	522	427	814	676	506	796	785	334	357	533	639	547	347	675	669	430	
468	306	649	636	737	748	533	617	349	760	576	838	380	401	391	446	533	634	318	576	450	0	317	858	361	741	670	718	434	384	432	543	312	781	371	585	600	506	627	415	819	441	759	308	670	344	690	400	413	772	654	304	762	719	539	611	359	696	315	617	316	
563	449	681	346	889	343	571	833	524	455	472	742	488	316	632	543	632	353	500	633	796	317	0	459	337	834	658	448	856	380	828	376	463	778	545	725	600	878	755	683	533	811	750	728	436	797	853	773	745	730	838	775	637	461	601	708	303	337	616	323	340	
764	688	365	551	545	674	676	855	793	320	698	569	426	847	575	826	441	643	871	808	824	858	459	0	458	320	639	633	364	509	433	888	732	531	527	869	499	334	531	717	640	323	811	805	319	735	743	458	680	435	571	552	518	593	583	814	861	865	539	533	684	
816	454	857	635	440	448	570	574	482	395	593	444	769	555	711	847	368	475	800	385	689	361	337	458	0	525	701	729	738	700	752	594	819	506	391	480	548	350	702	580	729	376	421	401	762	782	580	649	740	385	400	804	592	607	800	828	435	739	503	578	750	
568	585	576	619	556	713	325	395	498	463	637	809	515	470	331	727	453	322	333	541	762	741	834	320	525	0	757	709	392	381	605	637	683	421	390	545	829	531	786	438	653	381	512	474	465	390	333	430	431	561	647	444	621	394	353	758	640	422	313	317	502	
587	323	458	727	792	586	366	819	521	498	782	789	309	630	502	845	632	664	888	362	355	670	658	639	701	757	0	845	766	482	434	828	448	356	654	393	887	666	670	768	705	602	768	799	455	625	760	893	877	775	458	611	804	372	436	359	701	302	382	767	685	
773	555	360	598	546	767	548	788	389	305	828	525	647	344	379	458	724	845	325	308	790	718	448	633	729	709	845	0	756	350	515	541	690	370	356	320	640	427	601	562	594	760	711	764	708	407	768	633	514	840	869	511	350	351	564	745	884	496	885	778	531	
391	362	382	614	518	561	391	419	484	441	512	318	515	684	726	352	526	316	839	570	778	434	856	364	738	392	766	756	0	627	653	693	805	827	823	396	410	554	579	579	717	438	471	576	494	748	530	822	823	620	364	639	868	515	420	638	681	434	652	667	603	
403	844	529	593	424	645	349	797	778	847	804	780	577	843	612	898	605	894	620	440	838	384	380	509	700	381	482	350	627	0	854	592	810	387	752	685	321	672	559	766	664	830	708	529	860	674	773	410	804	831	889	464	383	500	515	787	479	778	737	676	331	
696	408	460	443	370	808	465	432	684	415	461	675	858	366	822	536	781	641	409	500	377	432	828	433	752	605	434	515	653	854	0	713	312	487	790	858	813	880	489	567	836	544	663	454	651	725	791	728	386	599	691	301	417	369	391	401	881	829	733	577	675	
345	849	412	681	831	896	318	892	403	611	777	702	512	301	383	817	692	331	872	720	361	543	376	888	594	637	828	541	693	592	713	0	673	611	680	384	663	310	441	570	384	606	407	302	610	602	388	565	627	347	545	321	501	709	869	668	384	664	388	648	425	
664	389	685	473	745	878	628	548	859	516	570	833	508	374	710	572	766	490	324	351	321	312	463	732	819	683	448	690	805	810	312	673	0	713	393	330	302	891	427	797	553	418	657	539	699	394	885	350	797	560	316	699	544	432	356	650	383	617	385	690	607	
303	648	582	894	521	449	644	329	767	640	747	708	513	737	549	598	484	543	686	672	605	781	778	531	506	421	356	370	827	387	487	611	713	0	783	777	700	846	500	713	666	347	780	706	307	700	611	784	606	868	739	455	676	705	437	802	313	870	805	310	613	
767	867	842	698	515	364	400	437	514	744	648	780	417	577	552	386	685	827	670	813	491	371	545	527	391	390	654	356	823	752	790	680	393	783	0	444	705	482	352	773	608	549	786	529	740	723	884	668	851	307	780	521	448	458	699	651	582	617	761	406	562	
656	500	586	597	875	490	473	392	845	437	704	835	355	452	693	685	731	672	787	767	749	585	725	869	480	545	393	320	396	685	858	384	330	777	444	0	834	896	676	598	607	572	311	719	527	706	442	894	713	853	851	861	888	821	848	525	565	325	481	447	597	
634	497	463	713	569	725	612	804	548	647	862	466	803	340	548	711	643	318	401	520	724	600	600	499	548	829	887	640	410	321	813	663	302	700	705	834	0	365	529	397	535	445	505	517	485	337	717	309	752	621	715	838	858	811	716	899	462	534	638	738	319	
387	462	810	382	414	830	456	714	561	889	396	567	674	439	538	867	321	736	799	725	613	506	878	334	350	531	666	427	554	672	880	310	891	846	482	896	365	0	544	701	337	713	840	626	653	496	765	473	447	883	434	391	671	705	337	350	853	546	724	870	885	
782	310	783	771	852	696	647	694	696	700	636	303	473	793	663	387	571	869	693	718	896	627	755	531	702	786	670	601	579	559	489	441	427	500	352	676	529	544	0	330	709	524	796	412	515	646	445	637	685	597	317	746	786	322	440	683	868	359	560	846	747	
877	883	779	625	315	545	669	557	595	646	837	379	504	379	552	468	396	337	729	589	694	415	683	717	580	438	768	562	579	766	567	570	797	713	773	598	397	701	330	0	882	714	554	575	497	673	646	746	455	773	467	424	597	315	399	396	439	740	394	562	857	
869	502	721	743	485	810	572	797	753	359	561	825	498	322	325	621	734	879	633	578	834	819	533	640	729	653	705	594	717	664	836	384	553	666	608	607	535	337	709	882	0	642	350	827	664	852	617	708	880	313	501	770	720	598	500	837	821	679	721	459	739	
794	489	330	617	867	368	429	895	368	376	829	751	872	428	352	542	592	728	838	355	610	441	811	323	376	381	602	760	438	830	544	606	418	347	549	572	445	713	524	714	642	0	448	445	707	505	528	664	700	631	668	365	432	831	767	653	847	482	775	740	357	
708	791	804	438	663	304	782	536	779	372	585	860	813	646	853	847	449	401	457	397	311	759	750	811	421	512	768	711	471	708	663	407	657	780	786	311	505	840	796	554	350	448	0	307	395	654	696	741	455	877	786	318	449	464	820	866	441	874	361	701	702	
760	793	704	558	585	664	506	827	412	503	375	397	522	557	704	854	691	473	745	752	675	308	728	805	401	474	799	764	576	529	454	302	539	706	529	719	517	626	412	575	827	445	307	0	866	725	721	555	764	414	425	796	359	633	642	417	424	309	523	376	806	
508	437	495	871	619	549	603	331	414	871	890	485	849	461	894	546	858	469	613	584	633	670	436	319	762	465	455	708	494	860	651	610	699	307	740	527	485	653	515	497	664	707	395	866	0	419	752	336	447	422	603	594	879	707	414	490	423	777	564	421	587	
832	307	825	388	754	426	699	480	457	672	543	708	786	752	757	800	486	313	729	656	522	344	797	735	782	390	625	407	748	674	725	602	394	700	723	706	337	496	646	673	852	505	654	725	419	0	511	816	773	363	324	765	430	653	741	829	774	705	722	624	784	
557	359	401	355	358	610	851	831	528	704	340	383	717	624	897	646	666	448	524	356	427	690	853	743	580	333	760	768	530	773	791	388	885	611	884	442	717	765	445	646	617	528	696	721	752	511	0	401	829	417	772	363	879	795	631	386	414	756	743	452	516	
636	729	789	707	305	577	366	771	565	898	828	675	430	334	458	732	898	802	469	693	814	400	773	458	649	430	893	633	822	410	728	565	350	784	668	894	309	473	637	746	708	664	741	555	336	816	401	0	368	684	605	671	443	820	354	676	667	616	589	302	617	
565	452	495	581	708	877	745	516	615	653	695	502	343	706	482	375	588	445	786	425	676	413	745	680	740	431	877	514	823	804	386	627	797	606	851	713	752	447	685	455	880	700	455	764	447	773	829	368	0	794	771	765	425	644	735	823	849	694	852	627	320	
588	379	725	515	560	495	554	471	542	597	365	806	709	499	385	710	737	624	501	485	506	772	730	435	385	561	775	840	620	831	599	347	560	868	307	853	621	883	597	773	313	631	877	414	422	363	417	684	794	0	470	685	698	727	454	497	470	740	414	479	552	
543	300	485	375	718	322	614	738	660	680	446	556	590	473	767	710	815	308	741	559	796	654	838	571	400	647	458	869	364	889	691	545	316	739	780	851	715	434	317	467	501	668	786	425	603	324	772	605	771	470	0	778	734	337	492	726	363	712	535	576	691	
720	370	576	650	663	397	831	457	878	755	590	490	691	553	882	771	890	695	804	595	785	304	775	552	804	444	611	511	639	464	301	321	699	455	521	861	838	391	746	424	770	365	318	796	594	765	363	671	765	685	778	0	804	852	562	373	480	394	427	809	301	
424	316	674	875	519	512	818	866	855	496	774	511	708	750	392	588	627	439	462	565	334	762	637	518	592	621	804	350	868	383	417	501	544	676	448	888	858	671	786	597	720	432	449	359	879	430	879	443	425	698	734	804	0	467	410	630	423	713	336	519	899	
453	779	611	543	732	432	496	810	662	357	766	575	792	420	771	731	811	696	475	507	357	719	461	593	607	394	372	351	515	500	369	709	432	705	458	821	811	705	322	315	598	831	464	633	707	653	795	820	644	727	337	852	467	0	321	707	493	581	659	587	331	
589	312	826	625	530	882	668	322	389	408	564	426	703	649	862	773	629	847	312	659	533	539	601	583	800	353	436	564	420	515	391	869	356	437	699	848	716	337	440	399	500	767	820	642	414	741	631	354	735	454	492	562	410	321	0	635	455	845	593	816	673	
789	862	362	416	419	389	426	872	738	417	370	306	614	366	772	769	803	815	899	652	639	611	708	814	828	758	359	745	638	787	401	668	650	802	651	525	899	350	683	396	837	653	866	417	490	829	386	676	823	497	726	373	630	707	635	0	867	611	851	745	436	
362	727	836	754	512	461	640	871	766	552	541	751	336	610	715	414	709	514	610	855	547	359	303	861	435	640	701	884	681	479	881	384	383	313	582	565	462	853	868	439	821	847	441	424	423	774	414	667	849	470	363	480	423	493	455	867	0	500	727	474	677	
629	837	467	701	446	384	356	465	532	648	358	547	574	882	700	739	745	694	660	415	347	696	337	865	739	422	302	496	434	778	829	664	617	870	617	325	534	546	359	740	679	482	874	309	777	705	756	616	694	740	712	394	713	581	845	611	500	0	509	380	709	
532	783	622	617	640	659	712	320	560	369	546	802	571	680	410	773	459	708	703	841	675	315	616	539	503	313	382	885	652	737	733	388	385	805	761	481	638	724	560	394	721	775	361	523	564	722	743	589	852	414	535	427	336	659	593	851	727	509	0	442	389	
597	581	440	585	766	846	714	863	399	602	550	537	837	550	787	846	400	753	654	553	669	617	323	533	578	317	767	778	667	676	577	648	690	310	406	447	738	870	846	562	459	740	701	376	421	624	452	302	627	479	576	809	519	587	816	745	474	380	442	0	601	
546	395	739	818	545	817	638	881	329	483	724	667	413	733	625	457	790	566	402	464	430	316	340	684	750	502	685	531	603	331	675	425	607	613	562	597	319	885	747	857	739	357	702	806	587	784	516	617	320	552	691	301	899	331	673	436	677	709	389	601	0	
etats
Id_Station	Poids W	Min (P)	WSPT	Priorité	
1	6	305	43,57	20	
2	5	314	314,00	57	
3	1	310	155,00	45	
4	2	301	50,17	24	
5	5	304	304,00	51	
6	3	301	37,63	8	
7	5	301	33,44	1	
8	4	305	38,13	12	
9	4	309	103,00	40	
10	7	311	77,75	37	
11	4	305	76,25	35	
12	5	306	51,00	26	
13	7	309	154,50	44	
14	1	307	38,38	14	
15	3	302	43,14	19	
16	1	304	33,78	3	
17	2	301	43,00	17	
18	4	307	51,17	28	
19	6	329	54,83	29	
20	9	305	305,00	52	
21	8	303	37,88	9	
22	7	306	51,00	27	
23	7	310	310,00	54	
24	1	314	314,00	58	
25	1	328	164,00	49	
26	9	304	76,00	33	
27	6	315	35,00	6	
28	3	304	38,00	11	
29	4	303	60,60	32	
30	3	301	100,33	38	
31	2	304	76,00	34	
32	1	310	44,29	22	
33	5	311	311,00	56	
34	2	305	33,89	5	
35	1	313	39,13	16	
36	4	302	60,40	31	
37	4	301	301,00	50	
38	8	330	330,00	60	
39	1	315	157,50	47	
40	3	304	101,33	39	
41	8	311	38,88	15	
42	2	301	60,20	30	
43	5	313	44,71	23	
44	1	305	305,00	53	
45	9	305	38,13	13	
46	1	325	325,00	59	
47	2	310	310,00	55	
48	1	316	105,33	42	
49	3	312	104,00	41	
50	9	316	158,00	48	
51	7	317	35,22	7	
52	8	311	155,50	46	
53	1	305	76,25	36	
54	6	301	43,00	18	
55	3	303	50,50	25	
56	1	303	33,67	2	
57	1	308	44,00	21	
58	7	303	37,88	10	
59	9	304	33,78	4	
60	5	308	154,00	43	
