distances
0	780	576	538	367	708	633	560	366	451	631	648	551	309	457	402	334	620	302	466	422	
780	0	612	480	376	633	392	769	627	632	345	468	756	774	665	790	391	583	758	485	380	
576	612	0	407	684	440	648	765	696	654	399	371	798	485	604	564	527	588	554	640	513	
538	480	407	0	674	729	584	353	716	423	375	453	761	767	328	481	708	706	310	617	535	
367	376	684	674	0	445	564	648	530	516	520	300	764	724	408	559	328	785	577	639	760	
708	633	440	729	445	0	636	398	503	733	574	399	466	768	439	538	343	743	414	370	556	
633	392	648	584	564	636	0	720	412	340	322	326	458	632	706	519	672	523	607	601	359	
560	769	765	353	648	398	720	0	374	654	355	461	660	368	685	632	308	498	449	679	669	
366	627	696	716	530	503	412	374	0	337	766	752	736	350	420	740	446	771	645	343	387	
451	632	654	423	516	733	340	654	337	0	362	751	798	670	789	625	369	481	796	441	382	
631	345	399	375	520	574	322	355	766	362	0	721	607	642	763	486	797	371	790	784	370	
648	468	371	453	300	399	326	461	752	751	721	0	437	790	705	615	774	432	397	539	774	
551	756	798	761	764	466	458	660	736	798	607	437	0	475	695	451	776	756	432	595	451	
309	774	485	767	724	768	632	368	350	670	642	790	475	0	586	592	593	304	671	756	706	
457	665	604	328	408	439	706	685	420	789	763	705	695	586	0	414	783	632	736	318	441	
402	790	564	481	559	538	519	632	740	625	486	615	451	592	414	0	522	581	408	739	657	
334	391	527	708	328	343	672	308	446	369	797	774	776	593	783	522	0	739	639	719	512	
620	583	588	706	785	743	523	498	771	481	371	432	756	304	632	581	739	0	418	433	366	
302	758	554	310	577	414	607	449	645	796	790	397	432	671	736	408	639	418	0	564	650	
466	485	640	617	639	370	601	679	343	441	784	539	595	756	318	739	719	433	564	0	649	
422	380	513	535	760	556	359	669	387	382	370	774	451	706	441	657	512	366	650	649	0	
etats
Id_Station	Poids W	Min (P)	WSPT	Priorité	
1	3				
2	4				
3	2				
4	9				
5	5				
6	2				
7	1				
8	9				
9	5				
10	1				
11	2				
12	8				
13	4				
14	6				
15	8				
16	4				
17	2				
18	9				
19	6				
20	1				