distances
0	531	574	613	389	596	778	330	551	414	422	707	609	424	383	564	494	738	619	419	349	
531	0	459	328	501	515	682	469	714	748	721	767	350	332	480	434	473	737	732	553	382	
574	459	0	741	723	609	613	370	760	793	791	737	327	532	635	616	484	535	502	712	771	
613	328	741	0	694	315	510	460	353	324	746	450	737	393	587	408	303	617	715	446	747	
389	501	723	694	0	718	680	331	516	529	324	623	333	473	511	717	389	353	762	611	322	
596	515	609	315	718	0	329	472	366	447	432	567	715	604	647	786	649	315	364	674	455	
778	682	613	510	680	329	0	598	496	799	537	643	502	493	517	472	545	704	625	779	615	
330	469	370	460	331	472	598	0	658	595	478	359	705	782	381	630	580	641	779	442	339	
551	714	760	353	516	366	496	658	0	389	797	679	599	609	670	719	583	705	762	503	751	
414	748	793	324	529	447	799	595	389	0	504	376	463	648	583	787	482	452	602	773	585	
422	721	791	746	324	432	537	478	797	504	0	526	624	415	418	452	481	498	437	726	754	
707	767	737	450	623	567	643	359	679	376	526	0	470	721	541	738	362	381	525	774	388	
609	350	327	737	333	715	502	705	599	463	624	470	0	758	607	385	554	716	565	606	344	
424	332	532	393	473	604	493	782	609	648	415	721	758	0	595	704	646	486	349	469	527	
383	480	635	587	511	647	517	381	670	583	418	541	607	595	0	761	774	465	548	302	479	
564	434	616	408	717	786	472	630	719	787	452	738	385	704	761	0	601	796	725	354	594	
494	473	484	303	389	649	545	580	583	482	481	362	554	646	774	601	0	791	700	776	323	
738	737	535	617	353	315	704	641	705	452	498	381	716	486	465	796	791	0	716	699	767	
619	732	502	715	762	364	625	779	762	602	437	525	565	349	548	725	700	716	0	348	384	
419	553	712	446	611	674	779	442	503	773	726	774	606	469	302	354	776	699	348	0	552	
349	382	771	747	322	455	615	339	751	585	754	388	344	527	479	594	323	767	384	552	0	
etats
Id_Station	Poids W	Min (P)	WSPT	Priorité	
1	1	300	33,33	1	
2	2	304	33,78	2	
3	4	322	35,78	3	
4	3	304	38,00	4	
5	7	324	46,29	5	
6	9	340	48,57	6	
7	6	309	51,50	7	
8	1	309	61,80	8	
9	6	331	66,20	9	
10	9	304	76,00	10	
11	1	300	150,00	11	
12	3	305	152,50	12	
13	3	315	157,50	13	
14	1	320	160,00	14	
15	1	322	161,00	15	
16	3	312	312,00	16	
17	3	324	324,00	17	
18	6	324	324,00	18	
19	6	324	324,00	19	
20	8	349	349,00	20	
