distances
0	512	677	444	703	697	525	640	392	598	465	726	662	514	521	512	770	483	541	768	682	
512	0	643	475	558	475	565	637	567	422	469	499	430	555	558	757	778	769	798	637	404	
677	643	0	704	460	463	770	677	398	655	669	647	325	406	453	650	528	785	403	617	560	
444	475	704	0	721	645	317	573	316	622	429	437	737	380	328	606	726	790	481	672	706	
703	558	460	721	0	403	613	570	333	387	437	382	509	619	608	581	773	569	464	541	564	
697	475	463	645	403	0	720	313	748	451	387	453	767	515	522	570	686	520	709	349	504	
525	565	770	317	613	720	0	449	340	689	458	399	698	577	479	438	428	490	665	556	617	
640	637	677	573	570	313	449	0	475	531	737	668	780	362	307	788	424	772	441	514	303	
392	567	398	316	333	748	340	475	0	422	421	408	409	547	382	758	627	737	538	596	543	
598	422	655	622	387	451	689	531	422	0	458	399	669	406	520	427	736	532	364	460	480	
465	469	669	429	437	387	458	737	421	458	0	782	508	375	492	377	677	640	556	655	758	
726	499	647	437	382	453	399	668	408	399	782	0	353	649	742	512	351	355	648	450	643	
662	430	325	737	509	767	698	780	409	669	508	353	0	427	657	489	698	340	649	386	637	
514	555	406	380	619	515	577	362	547	406	375	649	427	0	664	714	382	487	375	539	629	
521	558	453	328	608	522	479	307	382	520	492	742	657	664	0	798	661	531	522	408	359	
512	757	650	606	581	570	438	788	758	427	377	512	489	714	798	0	354	730	605	521	646	
770	778	528	726	773	686	428	424	627	736	677	351	698	382	661	354	0	619	773	646	522	
483	769	785	790	569	520	490	772	737	532	640	355	340	487	531	730	619	0	657	598	616	
541	798	403	481	464	709	665	441	538	364	556	648	649	375	522	605	773	657	0	604	795	
768	637	617	672	541	349	556	514	596	460	655	450	386	539	408	521	646	598	604	0	569	
682	404	560	706	564	504	617	303	543	480	758	643	637	629	359	646	522	616	795	569	0	
etats
Id_Station	Poids W	Min (P)	WSPT	Priorité	
1	4				
2	3				
3	8				
4	1				
5	1				
6	7				
7	1				
8	9				
9	5				
10	4				
11	4				
12	7				
13	2				
14	7				
15	8				
16	7				
17	8				
18	7				
19	5				
20	4				