distances
0	391	728	664	618	390	598	704	409	479	435	683	309	480	612	412	798	502	543	685	763	
391	0	727	474	611	532	465	441	364	413	667	779	475	679	362	428	486	644	464	394	696	
728	727	0	599	493	451	332	736	721	457	344	575	345	561	354	559	435	464	635	497	460	
664	474	599	0	437	480	729	501	426	592	492	743	564	682	573	798	472	757	788	783	739	
618	611	493	437	0	717	692	335	490	521	636	689	527	453	509	372	367	736	359	384	738	
390	532	451	480	717	0	397	394	321	439	504	303	321	663	683	403	611	727	529	450	644	
598	465	332	729	692	397	0	640	422	416	626	548	519	391	789	301	676	370	579	542	338	
704	441	736	501	335	394	640	0	654	551	623	601	613	725	536	366	741	548	671	514	535	
409	364	721	426	490	321	422	654	0	306	352	307	581	545	682	717	589	418	622	686	395	
479	413	457	592	521	439	416	551	306	0	718	355	784	671	672	598	425	641	765	571	518	
435	667	344	492	636	504	626	623	352	718	0	453	617	556	557	783	374	704	603	532	412	
683	779	575	743	689	303	548	601	307	355	453	0	582	792	400	513	315	390	497	728	513	
309	475	345	564	527	321	519	613	581	784	617	582	0	560	797	708	342	419	585	738	329	
480	679	561	682	453	663	391	725	545	671	556	792	560	0	347	386	515	338	674	504	717	
612	362	354	573	509	683	789	536	682	672	557	400	797	347	0	533	673	524	511	741	717	
412	428	559	798	372	403	301	366	717	598	783	513	708	386	533	0	468	313	636	555	424	
798	486	435	472	367	611	676	741	589	425	374	315	342	515	673	468	0	620	752	318	398	
502	644	464	757	736	727	370	548	418	641	704	390	419	338	524	313	620	0	394	592	780	
543	464	635	788	359	529	579	671	622	765	603	497	585	674	511	636	752	394	0	449	712	
685	394	497	783	384	450	542	514	686	571	532	728	738	504	741	555	318	592	449	0	406	
763	696	460	739	738	644	338	535	395	518	412	513	329	717	717	424	398	780	712	406	0	
etats
Id_Station	Poids W	Min (P)	WSPT	Priorité	
1	4				
2	6				
3	1				
4	4				
5	4				
6	5				
7	3				
8	5				
9	1				
10	3				
11	3				
12	5				
13	3				
14	1				
15	9				
16	6				
17	1				
18	7				
19	2				
20	3				