distances
0	738	579	306	567	782	358	394	515	342	749	471	607	367	639	448	515	667	776	349	506	
738	0	684	664	666	300	529	443	364	646	462	450	429	583	621	530	469	715	352	429	412	
579	684	0	592	522	405	309	430	626	614	796	486	738	588	559	560	622	351	624	381	610	
306	664	592	0	661	690	427	506	623	779	781	316	490	343	751	453	675	385	484	564	457	
567	666	522	661	0	323	398	761	787	354	646	760	533	300	454	578	693	659	366	733	567	
782	300	405	690	323	0	586	581	413	640	527	690	389	777	419	769	424	462	563	454	593	
358	529	309	427	398	586	0	416	509	450	767	516	792	466	510	752	629	685	324	554	513	
394	443	430	506	761	581	416	0	674	643	437	612	319	419	538	788	643	724	525	610	489	
515	364	626	623	787	413	509	674	0	621	439	390	436	451	326	350	570	392	756	318	649	
342	646	614	779	354	640	450	643	621	0	542	593	635	406	430	644	601	799	711	417	483	
749	462	796	781	646	527	767	437	439	542	0	701	417	393	486	687	510	474	763	745	729	
471	450	486	316	760	690	516	612	390	593	701	0	645	373	303	423	415	429	597	689	304	
607	429	738	490	533	389	792	319	436	635	417	645	0	342	785	590	444	325	511	681	374	
367	583	588	343	300	777	466	419	451	406	393	373	342	0	349	510	330	766	469	449	650	
639	621	559	751	454	419	510	538	326	430	486	303	785	349	0	627	760	629	696	688	648	
448	530	560	453	578	769	752	788	350	644	687	423	590	510	627	0	462	345	455	566	796	
515	469	622	675	693	424	629	643	570	601	510	415	444	330	760	462	0	607	526	379	651	
667	715	351	385	659	462	685	724	392	799	474	429	325	766	629	345	607	0	794	378	689	
776	352	624	484	366	563	324	525	756	711	763	597	511	469	696	455	526	794	0	307	798	
349	429	381	564	733	454	554	610	318	417	745	689	681	449	688	566	379	378	307	0	700	
506	412	610	457	567	593	513	489	649	483	729	304	374	650	648	796	651	689	798	700	0	
etats
Id_Station	Poids W	Min (P)	WSPT	Priorité	
1	9	300	33,33	1	
2	4	304	33,78	2	
3	5	322	35,78	3	
4	2	304	38,00	4	
5	1	324	46,29	5	
6	1	340	48,57	6	
7	8	309	51,50	7	
8	3	309	61,80	8	
9	8	331	66,20	9	
10	4	304	76,00	10	
11	4	300	150,00	11	
12	9	305	152,50	12	
13	2	315	157,50	13	
14	8	320	160,00	14	
15	9	322	161,00	15	
16	1	312	312,00	16	
17	8	324	324,00	17	
18	9	324	324,00	18	
19	1	324	324,00	19	
20	1	349	349,00	20	
