distances
0	457	724	731	430	518	724	369	326	459	363	657	327	411	357	346	698	637	657	454	379	
457	0	640	573	607	410	588	361	530	420	427	509	410	582	335	315	680	706	320	513	754	
724	640	0	459	698	322	333	473	646	480	387	393	741	726	638	437	578	434	760	797	532	
731	573	459	0	399	530	525	516	405	705	490	387	595	516	442	742	477	685	422	322	754	
430	607	698	399	0	430	508	784	407	666	365	367	503	772	446	790	562	560	400	349	406	
518	410	322	530	430	0	794	569	734	452	431	304	684	404	504	572	326	413	470	348	526	
724	588	333	525	508	794	0	658	395	377	726	776	384	324	633	690	445	657	629	483	570	
369	361	473	516	784	569	658	0	341	416	627	655	704	650	468	616	324	491	538	461	461	
326	530	646	405	407	734	395	341	0	634	432	713	369	621	332	422	512	304	531	770	469	
459	420	480	705	666	452	377	416	634	0	689	524	656	617	331	596	743	526	561	590	700	
363	427	387	490	365	431	726	627	432	689	0	305	407	629	635	460	537	344	459	516	349	
657	509	393	387	367	304	776	655	713	524	305	0	576	530	418	643	666	726	358	740	450	
327	410	741	595	503	684	384	704	369	656	407	576	0	639	650	312	407	300	558	459	763	
411	582	726	516	772	404	324	650	621	617	629	530	639	0	753	385	742	425	787	651	601	
357	335	638	442	446	504	633	468	332	331	635	418	650	753	0	755	388	765	336	309	340	
346	315	437	742	790	572	690	616	422	596	460	643	312	385	755	0	633	415	430	570	616	
698	680	578	477	562	326	445	324	512	743	537	666	407	742	388	633	0	741	457	780	613	
637	706	434	685	560	413	657	491	304	526	344	726	300	425	765	415	741	0	552	419	567	
657	320	760	422	400	470	629	538	531	561	459	358	558	787	336	430	457	552	0	323	424	
454	513	797	322	349	348	483	461	770	590	516	740	459	651	309	570	780	419	323	0	478	
379	754	532	754	406	526	570	461	469	700	349	450	763	601	340	616	613	567	424	478	0	
etats
Id_Station	Poids W	Min (P)	WSPT	Priorité	
1	2				
2	2				
3	9				
4	1				
5	4				
6	1				
7	7				
8	9				
9	5				
10	2				
11	8				
12	2				
13	1				
14	5				
15	1				
16	1				
17	9				
18	2				
19	6				
20	7				