distances
0	628	446	452	608	496	710	680	363	430	404	420	751	646	433	723	324	672	463	510	537	
628	0	676	753	317	656	351	443	383	704	589	561	338	478	450	482	798	323	706	421	367	
446	676	0	627	518	435	339	705	315	753	688	650	575	562	715	553	311	466	645	592	342	
452	753	627	0	422	746	416	730	591	526	361	735	389	737	501	738	795	596	690	701	478	
608	317	518	422	0	367	308	464	668	637	564	698	434	450	596	734	470	371	370	779	318	
496	656	435	746	367	0	618	476	705	567	552	684	474	796	572	651	335	348	691	621	525	
710	351	339	416	308	618	0	391	708	350	350	450	606	415	498	563	761	369	717	776	702	
680	443	705	730	464	476	391	0	575	342	682	742	448	482	549	476	673	313	777	595	727	
363	383	315	591	668	705	708	575	0	502	517	690	356	379	482	544	770	524	677	485	435	
430	704	753	526	637	567	350	342	502	0	425	789	440	673	336	541	372	691	569	527	430	
404	589	688	361	564	552	350	682	517	425	0	695	591	565	471	646	388	381	778	365	513	
420	561	650	735	698	684	450	742	690	789	695	0	624	315	535	412	788	774	311	317	701	
751	338	575	389	434	474	606	448	356	440	591	624	0	521	750	657	534	705	566	597	579	
646	478	562	737	450	796	415	482	379	673	565	315	521	0	551	476	589	304	611	724	410	
433	450	715	501	596	572	498	549	482	336	471	535	750	551	0	658	497	703	356	392	695	
723	482	553	738	734	651	563	476	544	541	646	412	657	476	658	0	623	549	637	422	689	
324	798	311	795	470	335	761	673	770	372	388	788	534	589	497	623	0	780	510	639	409	
672	323	466	596	371	348	369	313	524	691	381	774	705	304	703	549	780	0	452	301	521	
463	706	645	690	370	691	717	777	677	569	778	311	566	611	356	637	510	452	0	388	590	
510	421	592	701	779	621	776	595	485	527	365	317	597	724	392	422	639	301	388	0	359	
537	367	342	478	318	525	702	727	435	430	513	701	579	410	695	689	409	521	590	359	0	
etats
Id_Station	Poids W	Min (P)	WSPT	Priorité	
1	6	300	33,33	1	
2	4	304	33,78	2	
3	7	322	35,78	3	
4	1	304	38,00	4	
5	6	324	46,29	5	
6	8	340	48,57	6	
7	3	309	51,50	7	
8	6	309	61,80	8	
9	4	331	66,20	9	
10	2	304	76,00	10	
11	3	300	150,00	11	
12	4	305	152,50	12	
13	7	315	157,50	13	
14	9	320	160,00	14	
15	2	322	161,00	15	
16	5	312	312,00	16	
17	2	324	324,00	17	
18	7	324	324,00	18	
19	1	324	324,00	19	
20	4	349	349,00	20	

