distances
0	451	327	524	364	396	621	548	414	760	704	306	484	748	735	529	557	526	562	504	540	
451	0	315	548	691	371	747	698	759	776	515	384	495	433	347	670	549	377	670	309	744	
327	315	0	547	653	363	732	676	405	439	440	427	611	650	352	688	598	704	616	429	524	
524	548	547	0	485	626	423	768	546	319	526	385	352	508	745	796	316	622	743	507	494	
364	691	653	485	0	487	416	434	774	400	515	629	695	693	355	514	635	305	468	729	359	
396	371	363	626	487	0	422	661	732	436	749	426	377	770	701	541	484	666	436	450	513	
621	747	732	423	416	422	0	779	786	453	564	305	780	424	732	403	649	567	500	690	402	
548	698	676	768	434	661	779	0	612	684	368	629	337	476	682	726	458	546	464	566	786	
414	759	405	546	774	732	786	612	0	337	556	546	496	601	424	760	606	483	327	614	334	
760	776	439	319	400	436	453	684	337	0	741	503	478	558	412	486	494	458	366	768	310	
704	515	440	526	515	749	564	368	556	741	0	337	571	599	469	799	312	578	415	759	693	
306	384	427	385	629	426	305	629	546	503	337	0	380	761	733	345	592	487	673	543	549	
484	495	611	352	695	377	780	337	496	478	571	380	0	652	336	423	428	343	650	534	396	
748	433	650	508	693	770	424	476	601	558	599	761	652	0	375	423	601	455	651	501	640	
735	347	352	745	355	701	732	682	424	412	469	733	336	375	0	688	737	692	699	638	735	
529	670	688	796	514	541	403	726	760	486	799	345	423	423	688	0	616	305	798	304	485	
557	549	598	316	635	484	649	458	606	494	312	592	428	601	737	616	0	699	410	558	366	
526	377	704	622	305	666	567	546	483	458	578	487	343	455	692	305	699	0	610	608	426	
562	670	616	743	468	436	500	464	327	366	415	673	650	651	699	798	410	610	0	582	638	
504	309	429	507	729	450	690	566	614	768	759	543	534	501	638	304	558	608	582	0	317	
540	744	524	494	359	513	402	786	334	310	693	549	396	640	735	485	366	426	638	317	0	
etats
Id_Station	Poids W	Min (P)	WSPT	Priorité	
1	8	300	33,33	1	
2	3	304	33,78	2	
3	1	322	35,78	3	
4	2	304	38,00	4	
5	8	324	46,29	5	
6	1	340	48,57	6	
7	8	309	51,50	7	
8	5	309	61,80	8	
9	8	331	66,20	9	
10	8	304	76,00	10	
11	5	300	150,00	11	
12	6	305	152,50	12	
13	1	315	157,50	13	
14	1	320	160,00	14	
15	8	322	161,00	15	
16	1	312	312,00	16	
17	1	324	324,00	17	
18	5	324	324,00	18	
19	9	324	324,00	19	
20	1	349	349,00	20	
