distances
0	715	762	369	444	733	555	687	665	452	351	538	479	664	392	634	563	524	519	727	750	
715	0	798	415	417	798	451	794	798	384	531	307	495	464	516	749	771	608	511	584	519	
762	798	0	574	677	512	764	510	356	430	605	352	322	775	473	417	655	590	610	571	686	
369	415	574	0	794	538	435	392	704	530	456	578	323	668	777	792	756	687	498	618	647	
444	417	677	794	0	556	407	698	311	505	577	570	650	504	500	366	465	510	696	626	653	
733	798	512	538	556	0	498	606	592	776	351	752	392	581	674	791	767	426	781	326	526	
555	451	764	435	407	498	0	702	493	417	335	499	549	595	496	523	572	535	400	381	714	
687	794	510	392	698	606	702	0	664	483	329	631	712	654	372	613	590	696	686	686	514	
665	798	356	704	311	592	493	664	0	639	796	479	437	304	471	519	329	760	756	550	582	
452	384	430	530	505	776	417	483	639	0	317	595	425	609	684	357	367	723	417	342	363	
351	531	605	456	577	351	335	329	796	317	0	753	414	635	307	569	401	414	327	790	718	
538	307	352	578	570	752	499	631	479	595	753	0	331	403	534	747	328	332	633	301	726	
479	495	322	323	650	392	549	712	437	425	414	331	0	736	347	306	543	625	487	516	302	
664	464	775	668	504	581	595	654	304	609	635	403	736	0	771	418	471	376	307	438	541	
392	516	473	777	500	674	496	372	471	684	307	534	347	771	0	770	552	442	731	685	468	
634	749	417	792	366	791	523	613	519	357	569	747	306	418	770	0	410	675	471	384	336	
563	771	655	756	465	767	572	590	329	367	401	328	543	471	552	410	0	535	605	463	749	
524	608	590	687	510	426	535	696	760	723	414	332	625	376	442	675	535	0	724	300	446	
519	511	610	498	696	781	400	686	756	417	327	633	487	307	731	471	605	724	0	463	734	
727	584	571	618	626	326	381	686	550	342	790	301	516	438	685	384	463	300	463	0	487	
750	519	686	647	653	526	714	514	582	363	718	726	302	541	468	336	749	446	734	487	0	
etats
Id_Station	Poids W	Min (P)	WSPT	Priorité	
1	2	304	33,78	1	
2	4	328	36,44	2	
3	9	337	37,44	3	
4	4	339	37,67	4	
5	6	347	38,56	5	
6	3	304	43,43	6	
7	3	339	48,43	7	
8	8	334	55,67	8	
9	5	337	56,17	9	
10	5	423	60,43	10	
11	7	303	60,60	11	
12	1	374	62,33	12	
13	2	348	69,60	13	
14	6	380	76,00	14	
15	1	336	84,00	15	
16	1	339	113,00	16	
17	8	303	151,50	17	
18	1	322	322,00	18	
19	2	322	322,00	19	
20	2	328	328,00	20	
