distances
0	376	394	661	432	686	492	478	442	750	357	572	450	794	393	416	550	433	366	603	398	
376	0	545	629	441	775	415	680	476	570	474	768	549	592	750	427	771	695	755	552	374	
394	545	0	705	767	394	390	450	304	322	671	524	704	455	748	704	669	360	710	417	464	
661	629	705	0	755	587	777	372	767	367	339	597	682	429	448	707	383	629	547	421	798	
432	441	767	755	0	339	630	620	786	795	768	726	421	518	465	449	397	562	644	798	538	
686	775	394	587	339	0	694	669	371	334	446	534	747	625	569	523	708	366	623	668	671	
492	415	390	777	630	694	0	350	654	682	533	565	756	713	347	485	741	349	787	580	496	
478	680	450	372	620	669	350	0	749	369	580	539	413	772	788	491	545	328	391	440	444	
442	476	304	767	786	371	654	749	0	497	652	734	709	697	439	787	657	785	516	525	686	
750	570	322	367	795	334	682	369	497	0	360	745	570	755	597	626	716	368	584	348	467	
357	474	671	339	768	446	533	580	652	360	0	747	783	380	564	506	477	752	405	463	798	
572	768	524	597	726	534	565	539	734	745	747	0	485	553	707	663	423	674	786	759	439	
450	549	704	682	421	747	756	413	709	570	783	485	0	705	765	605	323	484	322	614	492	
794	592	455	429	518	625	713	772	697	755	380	553	705	0	512	585	533	415	413	755	555	
393	750	748	448	465	569	347	788	439	597	564	707	765	512	0	389	780	336	341	566	435	
416	427	704	707	449	523	485	491	787	626	506	663	605	585	389	0	507	393	522	372	337	
550	771	669	383	397	708	741	545	657	716	477	423	323	533	780	507	0	511	303	780	462	
433	695	360	629	562	366	349	328	785	368	752	674	484	415	336	393	511	0	336	491	693	
366	755	710	547	644	623	787	391	516	584	405	786	322	413	341	522	303	336	0	775	462	
603	552	417	421	798	668	580	440	525	348	463	759	614	755	566	372	780	491	775	0	471	
398	374	464	798	538	671	496	444	686	467	798	439	492	555	435	337	462	693	462	471	0	
etats
Id_Station	Poids W	Min (P)	WSPT	Priorité	
8	9	304	33,78	1	
7	9	328	36,44	2	
15	9	337	37,44	3	
3	9	339	37,67	4	
6	9	347	38,56	5	
2	7	304	43,43	6	
10	7	339	48,43	7	
5	6	334	55,67	8	
20	6	337	56,17	9	
11	7	423	60,43	10	
18	5	303	60,60	11	
1	6	374	62,33	12	
19	5	348	69,60	13	
13	5	380	76,00	14	
14	4	336	84,00	15	
4	3	339	113,00	16	
16	2	303	151,50	17	
9	1	322	322,00	18	
12	1	322	322,00	19	
17	1	328	328,00	20	
