distances
0	541	677	769	458	332	744	658	774	302	630	519	396	655	776	424	519	315	584	519	369	
541	0	508	478	328	776	376	379	559	338	746	514	486	615	700	558	445	639	546	369	746	
677	508	0	470	321	602	723	449	509	331	742	785	308	501	711	533	315	693	731	609	473	
769	478	470	0	427	723	721	656	788	347	761	660	636	733	721	609	753	755	674	710	363	
458	328	321	427	0	654	731	564	401	592	635	771	470	446	772	519	504	692	510	791	575	
332	776	602	723	654	0	616	338	480	642	464	313	322	384	748	338	714	695	715	656	479	
744	376	723	721	731	616	0	387	638	410	333	748	308	525	358	736	633	335	562	668	740	
658	379	449	656	564	338	387	0	587	311	616	586	676	638	482	613	693	491	457	582	438	
774	559	509	788	401	480	638	587	0	551	671	747	416	398	618	607	667	759	527	426	595	
302	338	331	347	592	642	410	311	551	0	670	329	440	354	572	792	410	331	649	438	662	
630	746	742	761	635	464	333	616	671	670	0	625	366	431	626	722	453	480	390	709	514	
519	514	785	660	771	313	748	586	747	329	625	0	608	619	409	669	613	475	675	564	745	
396	486	308	636	470	322	308	676	416	440	366	608	0	566	562	540	397	682	520	512	373	
655	615	501	733	446	384	525	638	398	354	431	619	566	0	777	610	682	471	780	399	366	
776	700	711	721	772	748	358	482	618	572	626	409	562	777	0	791	689	548	520	478	698	
424	558	533	609	519	338	736	613	607	792	722	669	540	610	791	0	656	368	678	616	687	
519	445	315	753	504	714	633	693	667	410	453	613	397	682	689	656	0	522	368	540	689	
315	639	693	755	692	695	335	491	759	331	480	475	682	471	548	368	522	0	444	444	493	
584	546	731	674	510	715	562	457	527	649	390	675	520	780	520	678	368	444	0	546	543	
519	369	609	710	791	656	668	582	426	438	709	564	512	399	478	616	540	444	546	0	476	
369	746	473	363	575	479	740	438	595	662	514	745	373	366	698	687	689	493	543	476	0	
etats
Id_Station	Poids W	Min (P)	WSPT	Priorité	
1	6	300	33,33	1	
2	1	304	33,78	2	
3	9	322	35,78	3	
4	1	304	38,00	4	
5	5	324	46,29	5	
6	1	340	48,57	6	
7	7	309	51,50	7	
8	6	309	61,80	8	
9	2	331	66,20	9	
10	7	304	76,00	10	
11	7	300	150,00	11	
12	3	305	152,50	12	
13	2	315	157,50	13	
14	5	320	160,00	14	
15	4	322	161,00	15	
16	8	312	312,00	16	
17	4	324	324,00	17	
18	7	324	324,00	18	
19	4	324	324,00	19	
20	2	349	349,00	20	