distances
0	690	717	376	788	762	511	517	554	452	678	337	454	660	330	568	389	753	645	686	733	
690	0	320	533	627	550	559	398	503	516	466	587	772	499	777	652	364	540	668	650	778	
717	320	0	674	667	782	639	337	669	327	388	415	528	446	757	636	320	304	529	373	760	
376	533	674	0	740	438	349	629	319	335	665	363	649	334	658	600	375	579	564	507	684	
788	627	667	740	0	797	709	571	518	742	306	752	489	445	316	444	773	494	612	674	672	
762	550	782	438	797	0	566	527	627	795	790	789	305	548	331	613	367	457	677	622	520	
511	559	639	349	709	566	0	651	571	411	574	519	451	515	726	764	795	536	337	430	343	
517	398	337	629	571	527	651	0	404	483	524	600	750	758	767	706	699	741	646	353	492	
554	503	669	319	518	627	571	404	0	446	589	347	714	711	690	486	502	485	301	798	352	
452	516	327	335	742	795	411	483	446	0	530	425	310	622	419	428	707	497	492	563	702	
678	466	388	665	306	790	574	524	589	530	0	505	573	583	733	728	436	344	468	513	597	
337	587	415	363	752	789	519	600	347	425	505	0	592	625	345	311	312	316	346	745	723	
454	772	528	649	489	305	451	750	714	310	573	592	0	561	797	472	747	302	799	599	448	
660	499	446	334	445	548	515	758	711	622	583	625	561	0	795	617	437	354	759	684	315	
330	777	757	658	316	331	726	767	690	419	733	345	797	795	0	341	583	425	569	526	453	
568	652	636	600	444	613	764	706	486	428	728	311	472	617	341	0	721	722	598	755	523	
389	364	320	375	773	367	795	699	502	707	436	312	747	437	583	721	0	407	377	761	697	
753	540	304	579	494	457	536	741	485	497	344	316	302	354	425	722	407	0	570	795	780	
645	668	529	564	612	677	337	646	301	492	468	346	799	759	569	598	377	570	0	362	307	
686	650	373	507	674	622	430	353	798	563	513	745	599	684	526	755	761	795	362	0	379	
733	778	760	684	672	520	343	492	352	702	597	723	448	315	453	523	697	780	307	379	0	
etats
Id_Station	Poids W	Min (P)	WSPT	Priorité	
1	2	300	33,33	1	
2	6	304	33,78	2	
3	1	322	35,78	3	
4	5	304	38,00	4	
5	2	324	46,29	5	
6	3	340	48,57	6	
7	6	309	51,50	7	
8	5	309	61,80	8	
9	6	331	66,20	9	
10	4	304	76,00	10	
11	6	300	150,00	11	
12	9	305	152,50	12	
13	1	315	157,50	13	
14	6	320	160,00	14	
15	1	322	161,00	15	
16	1	312	312,00	16	
17	2	324	324,00	17	
18	3	324	324,00	18	
19	9	324	324,00	19	
20	8	349	349,00	20	

