distances
0	326	325	545	362	312	571	776	753	467	601	388	795	748	391	741	484	314	646	454	339	
326	0	396	751	548	418	338	786	680	686	343	343	645	385	768	390	700	410	394	742	341	
325	396	0	636	532	557	682	745	520	332	396	640	306	437	399	663	497	432	411	623	315	
545	751	636	0	395	415	408	468	703	336	588	508	633	632	746	572	473	379	595	623	664	
362	548	532	395	0	533	315	527	368	394	595	787	346	480	439	789	486	749	588	457	631	
312	418	557	415	533	0	390	630	518	476	627	405	655	661	588	437	542	737	495	480	716	
571	338	682	408	315	390	0	557	651	711	353	404	508	465	688	362	492	767	773	692	317	
776	786	745	468	527	630	557	0	717	730	725	713	314	744	544	328	358	619	770	469	677	
753	680	520	703	368	518	651	717	0	767	623	457	637	575	448	514	361	670	407	394	607	
467	686	332	336	394	476	711	730	767	0	596	560	660	631	397	683	796	308	566	403	604	
601	343	396	588	595	627	353	725	623	596	0	477	763	736	569	362	467	674	333	604	724	
388	343	640	508	787	405	404	713	457	560	477	0	427	618	717	354	404	325	392	369	621	
795	645	306	633	346	655	508	314	637	660	763	427	0	729	623	533	330	592	626	310	769	
748	385	437	632	480	661	465	744	575	631	736	618	729	0	396	349	380	531	664	747	512	
391	768	399	746	439	588	688	544	448	397	569	717	623	396	0	431	635	507	510	480	376	
741	390	663	572	789	437	362	328	514	683	362	354	533	349	431	0	323	726	305	485	616	
484	700	497	473	486	542	492	358	361	796	467	404	330	380	635	323	0	397	345	554	319	
314	410	432	379	749	737	767	619	670	308	674	325	592	531	507	726	397	0	673	382	436	
646	394	411	595	588	495	773	770	407	566	333	392	626	664	510	305	345	673	0	301	413	
454	742	623	623	457	480	692	469	394	403	604	369	310	747	480	485	554	382	301	0	666	
339	341	315	664	631	716	317	677	607	604	724	621	769	512	376	616	319	436	413	666	0	
etats
Id_Station	Poids W	Min (P)	WSPT	Priorité	
1	4	300	33,33	1	
2	2	304	33,78	2	
3	9	322	35,78	3	
4	6	304	38,00	4	
5	8	324	46,29	5	
6	1	340	48,57	6	
7	4	309	51,50	7	
8	2	309	61,80	8	
9	3	331	66,20	9	
10	4	304	76,00	10	
11	1	300	150,00	11	
12	1	305	152,50	12	
13	8	315	157,50	13	
14	4	320	160,00	14	
15	1	322	161,00	15	
16	7	312	312,00	16	
17	8	324	324,00	17	
18	7	324	324,00	18	
19	3	324	324,00	19	
20	8	349	349,00	20	
