distances
0	465	515	745	685	318	700	363	468	503	765	593	351	568	609	359	441	566	407	717	581	
465	0	748	538	484	374	718	583	319	397	355	481	518	641	308	438	560	344	601	706	623	
515	748	0	464	467	435	426	649	609	762	541	437	582	377	513	635	719	777	753	685	791	
745	538	464	0	302	469	756	369	751	697	375	511	470	638	630	570	799	459	640	302	680	
685	484	467	302	0	418	689	436	467	350	569	691	346	436	334	346	556	757	476	354	405	
318	374	435	469	418	0	756	436	662	322	414	330	653	759	756	315	614	353	704	341	630	
700	718	426	756	689	756	0	585	695	360	412	303	502	636	359	378	324	581	774	567	473	
363	583	649	369	436	436	585	0	367	475	738	756	388	561	459	573	680	527	535	445	703	
468	319	609	751	467	662	695	367	0	678	658	315	623	605	429	703	457	620	487	769	772	
503	397	762	697	350	322	360	475	678	0	779	462	365	777	498	394	356	549	743	415	468	
765	355	541	375	569	414	412	738	658	779	0	529	347	665	447	796	736	739	565	581	379	
593	481	437	511	691	330	303	756	315	462	529	0	682	499	576	515	722	331	595	631	434	
351	518	582	470	346	653	502	388	623	365	347	682	0	773	554	439	358	695	711	571	363	
568	641	377	638	436	759	636	561	605	777	665	499	773	0	705	630	608	655	746	601	358	
609	308	513	630	334	756	359	459	429	498	447	576	554	705	0	404	508	437	708	729	492	
359	438	635	570	346	315	378	573	703	394	796	515	439	630	404	0	639	581	670	633	770	
441	560	719	799	556	614	324	680	457	356	736	722	358	608	508	639	0	456	430	314	704	
566	344	777	459	757	353	581	527	620	549	739	331	695	655	437	581	456	0	714	327	420	
407	601	753	640	476	704	774	535	487	743	565	595	711	746	708	670	430	714	0	380	427	
717	706	685	302	354	341	567	445	769	415	581	631	571	601	729	633	314	327	380	0	548	
581	623	791	680	405	630	473	703	772	468	379	434	363	358	492	770	704	420	427	548	0	
etats
Id_Station	Poids W	Min (P)	WSPT	Priorité	
1	2	300	33,33	1	
2	2	304	33,78	2	
3	8	322	35,78	3	
4	9	304	38,00	4	
5	5	324	46,29	5	
6	4	340	48,57	6	
7	7	309	51,50	7	
8	5	309	61,80	8	
9	3	331	66,20	9	
10	4	304	76,00	10	
11	1	300	150,00	11	
12	9	305	152,50	12	
13	6	315	157,50	13	
14	3	320	160,00	14	
15	8	322	161,00	15	
16	9	312	312,00	16	
17	2	324	324,00	17	
18	6	324	324,00	18	
19	5	324	324,00	19	
20	1	349	349,00	20	
