distances
0	439	407	312	454	772	759	776	728	347	341	485	534	414	455	781	495	348	677	692	476	
439	0	594	342	508	450	507	330	522	728	667	316	359	515	504	663	330	391	692	335	668	
407	594	0	477	432	586	394	739	665	476	397	441	414	685	698	507	320	516	332	382	350	
312	342	477	0	785	477	575	763	650	691	611	389	407	554	466	761	544	498	764	790	797	
454	508	432	785	0	723	580	718	323	671	492	313	438	522	626	536	514	785	723	631	420	
772	450	586	477	723	0	762	422	612	692	650	721	775	752	493	357	690	436	334	419	672	
759	507	394	575	580	762	0	630	748	675	751	323	786	503	788	505	746	697	768	431	713	
776	330	739	763	718	422	630	0	597	441	368	696	545	520	727	367	582	300	392	389	761	
728	522	665	650	323	612	748	597	0	652	392	715	510	510	474	594	731	397	483	362	521	
347	728	476	691	671	692	675	441	652	0	719	778	455	705	327	521	397	531	659	431	386	
341	667	397	611	492	650	751	368	392	719	0	707	738	577	476	510	551	413	351	653	354	
485	316	441	389	313	721	323	696	715	778	707	0	627	628	491	507	759	361	697	624	714	
534	359	414	407	438	775	786	545	510	455	738	627	0	662	723	786	730	682	570	716	722	
414	515	685	554	522	752	503	520	510	705	577	628	662	0	663	556	321	797	493	393	692	
455	504	698	466	626	493	788	727	474	327	476	491	723	663	0	575	404	716	641	479	625	
781	663	507	761	536	357	505	367	594	521	510	507	786	556	575	0	409	688	560	356	610	
495	330	320	544	514	690	746	582	731	397	551	759	730	321	404	409	0	645	391	496	521	
348	391	516	498	785	436	697	300	397	531	413	361	682	797	716	688	645	0	446	371	794	
677	692	332	764	723	334	768	392	483	659	351	697	570	493	641	560	391	446	0	694	723	
692	335	382	790	631	419	431	389	362	431	653	624	716	393	479	356	496	371	694	0	424	
476	668	350	797	420	672	713	761	521	386	354	714	722	692	625	610	521	794	723	424	0	
etats
Id_Station	Poids W	Min (P)	WSPT	Priorité	
1	2	300	33,33	1	
2	1	304	33,78	2	
3	5	322	35,78	3	
4	7	304	38,00	4	
5	9	324	46,29	5	
6	6	340	48,57	6	
7	7	309	51,50	7	
8	8	309	61,80	8	
9	9	331	66,20	9	
10	7	304	76,00	10	
11	8	300	150,00	11	
12	1	305	152,50	12	
13	4	315	157,50	13	
14	2	320	160,00	14	
15	5	322	161,00	15	
16	4	312	312,00	16	
17	2	324	324,00	17	
18	6	324	324,00	18	
19	2	324	324,00	19	
20	9	349	349,00	20	
