distances
0	601	674	472	742	668	775	482	604	431	747	753	744	503	685	437	489	467	639	749	703	
601	0	442	556	621	512	319	309	307	522	531	622	580	629	669	383	307	404	781	728	583	
674	442	0	333	770	652	490	320	422	648	704	482	758	375	522	565	526	647	511	405	684	
472	556	333	0	468	419	723	707	413	752	456	582	758	450	378	585	416	728	752	527	695	
742	621	770	468	0	386	677	396	573	386	758	417	742	786	769	792	500	473	677	703	637	
668	512	652	419	386	0	490	329	615	752	365	639	398	526	668	423	369	739	785	609	376	
775	319	490	723	677	490	0	433	675	551	379	684	334	380	702	768	320	668	400	747	442	
482	309	320	707	396	329	433	0	550	628	483	577	565	491	739	340	630	580	753	666	592	
604	307	422	413	573	615	675	550	0	726	565	340	409	481	764	583	499	339	652	355	744	
431	522	648	752	386	752	551	628	726	0	504	595	783	527	495	342	340	621	355	691	351	
747	531	704	456	758	365	379	483	565	504	0	605	612	452	747	587	334	796	318	698	746	
753	622	482	582	417	639	684	577	340	595	605	0	435	655	444	398	482	584	773	468	480	
744	580	758	758	742	398	334	565	409	783	612	435	0	569	366	552	327	403	553	412	309	
503	629	375	450	786	526	380	491	481	527	452	655	569	0	794	684	650	391	350	509	668	
685	669	522	378	769	668	702	739	764	495	747	444	366	794	0	454	697	730	578	742	383	
437	383	565	585	792	423	768	340	583	342	587	398	552	684	454	0	428	505	391	436	702	
489	307	526	416	500	369	320	630	499	340	334	482	327	650	697	428	0	647	641	487	330	
467	404	647	728	473	739	668	580	339	621	796	584	403	391	730	505	647	0	462	703	568	
639	781	511	752	677	785	400	753	652	355	318	773	553	350	578	391	641	462	0	388	484	
749	728	405	527	703	609	747	666	355	691	698	468	412	509	742	436	487	703	388	0	578	
703	583	684	695	637	376	442	592	744	351	746	480	309	668	383	702	330	568	484	578	0	
etats
Id_Station	Poids W	Min (P)	WSPT	Priorité	
1	7	300	33,33	1	
2	1	304	33,78	2	
3	9	322	35,78	3	
4	1	304	38,00	4	
5	6	324	46,29	5	
6	1	340	48,57	6	
7	1	309	51,50	7	
8	6	309	61,80	8	
9	7	331	66,20	9	
10	9	304	76,00	10	
11	5	300	150,00	11	
12	7	305	152,50	12	
13	6	315	157,50	13	
14	2	320	160,00	14	
15	2	322	161,00	15	
16	5	312	312,00	16	
17	1	324	324,00	17	
18	6	324	324,00	18	
19	2	324	324,00	19	
20	5	349	349,00	20	
