distances
0	668	343	449	513	652	304	579	716	394	662	552	328	326	584	670	533	329	384	528	467	
668	0	363	343	728	620	672	550	628	512	797	773	748	465	361	598	459	416	709	332	327	
343	363	0	428	744	490	661	397	525	320	716	709	621	484	310	316	454	544	706	406	557	
449	343	428	0	306	653	677	381	357	310	335	407	567	409	642	315	685	306	573	321	748	
513	728	744	306	0	564	770	517	575	586	357	545	630	626	373	706	483	672	749	534	744	
652	620	490	653	564	0	351	549	487	339	500	477	541	362	523	751	407	388	368	412	766	
304	672	661	677	770	351	0	370	611	397	472	660	716	373	525	531	442	463	519	787	464	
579	550	397	381	517	549	370	0	334	479	526	318	729	300	424	738	396	548	424	477	681	
716	628	525	357	575	487	611	334	0	408	504	693	791	478	390	530	351	629	640	794	494	
394	512	320	310	586	339	397	479	408	0	433	785	467	706	626	520	698	375	321	391	400	
662	797	716	335	357	500	472	526	504	433	0	663	606	362	327	466	376	508	770	695	341	
552	773	709	407	545	477	660	318	693	785	663	0	683	587	703	546	549	598	367	684	758	
328	748	621	567	630	541	716	729	791	467	606	683	0	659	464	724	396	571	379	406	684	
326	465	484	409	626	362	373	300	478	706	362	587	659	0	359	546	328	621	735	675	394	
584	361	310	642	373	523	525	424	390	626	327	703	464	359	0	492	748	672	527	790	788	
670	598	316	315	706	751	531	738	530	520	466	546	724	546	492	0	555	396	757	686	669	
533	459	454	685	483	407	442	396	351	698	376	549	396	328	748	555	0	352	474	399	523	
329	416	544	306	672	388	463	548	629	375	508	598	571	621	672	396	352	0	698	453	532	
384	709	706	573	749	368	519	424	640	321	770	367	379	735	527	757	474	698	0	794	381	
528	332	406	321	534	412	787	477	794	391	695	684	406	675	790	686	399	453	794	0	338	
467	327	557	748	744	766	464	681	494	400	341	758	684	394	788	669	523	532	381	338	0	
etats
Id_Station	Poids W	Min (P)	WSPT	Priorité	
1	4	300	33,33	1	
2	9	304	33,78	2	
3	8	322	35,78	3	
4	5	304	38,00	4	
5	3	324	46,29	5	
6	3	340	48,57	6	
7	2	309	51,50	7	
8	4	309	61,80	8	
9	9	331	66,20	9	
10	8	304	76,00	10	
11	2	300	150,00	11	
12	1	305	152,50	12	
13	7	315	157,50	13	
14	6	320	160,00	14	
15	1	322	161,00	15	
16	3	312	312,00	16	
17	1	324	324,00	17	
18	1	324	324,00	18	
19	4	324	324,00	19	
20	9	349	349,00	20	

