distances
0	424	514	577	340	632	870	883	738	652	800	630	831	698	765	433	619	461	811	751	421	414	498	444	893	467	718	304	393	771	702	648	619	457	472	573	685	745	578	416	474	389	706	447	741	401	455	878	736	806	654	770	347	584	556	722	701	634	410	797	471	
424	0	599	466	350	331	390	331	426	897	460	802	326	836	830	389	473	446	533	734	766	880	488	597	878	658	361	445	301	338	569	484	809	448	717	551	835	739	883	892	705	505	514	428	368	718	838	720	705	468	696	303	370	554	858	311	383	760	390	569	848	
514	599	0	854	367	845	726	717	580	832	495	660	719	419	342	503	324	764	544	744	471	314	813	521	804	602	488	359	732	862	773	664	759	409	310	645	764	712	502	334	590	356	364	680	682	402	595	739	847	672	497	816	730	765	519	671	894	883	526	595	352	
577	466	854	0	852	683	853	580	516	807	603	816	837	788	886	581	575	532	835	761	566	756	396	808	709	872	547	413	578	388	890	537	410	629	648	496	458	543	843	756	643	383	879	714	805	732	589	544	571	491	349	451	692	339	892	476	519	354	833	497	608	
340	350	367	852	0	477	405	538	757	793	820	450	379	450	309	447	476	726	760	484	357	662	550	416	878	373	528	718	757	870	524	572	527	440	549	565	461	630	442	361	562	653	644	387	866	631	351	480	616	572	601	775	557	370	643	883	358	635	321	457	825	
632	331	845	683	477	0	561	463	350	414	346	770	752	579	886	606	823	501	881	726	607	367	779	521	350	869	386	621	540	693	800	336	311	551	765	800	623	689	894	552	428	899	528	771	517	501	525	688	899	389	803	378	868	624	812	557	562	771	669	879	569	
870	390	726	853	405	561	0	787	434	797	486	408	441	779	752	348	858	329	478	695	400	329	685	592	805	639	853	502	312	380	345	581	624	402	423	566	787	777	695	372	668	533	550	575	835	337	415	699	336	838	797	825	895	374	381	773	434	770	401	811	320	
883	331	717	580	538	463	787	0	375	434	797	659	614	739	722	544	851	395	756	544	726	597	703	804	319	417	557	888	541	516	555	690	618	870	490	634	756	459	815	747	450	510	499	699	736	494	300	533	471	376	635	314	349	784	694	755	486	489	737	582	805	
738	426	580	516	757	350	434	375	0	641	584	630	710	657	443	673	460	697	598	472	730	681	413	404	850	597	814	606	366	556	518	332	310	635	797	721	392	857	459	699	379	810	653	832	321	722	689	336	839	516	763	825	871	663	354	578	864	435	506	780	691	
652	897	832	807	793	414	797	434	641	0	849	666	853	363	440	581	488	742	671	828	846	765	552	606	423	422	468	362	576	790	574	578	586	422	740	620	325	871	461	865	652	471	373	375	864	347	774	648	410	442	487	454	501	759	633	310	694	765	606	413	640	
800	460	495	603	820	346	486	797	584	849	0	809	434	720	817	486	392	489	811	573	597	683	378	326	761	671	577	627	621	698	804	481	441	356	517	482	858	344	337	738	777	573	333	860	762	441	882	856	562	690	509	409	880	820	831	306	312	831	813	326	631	
630	802	660	816	450	770	408	659	630	666	809	0	718	677	307	551	644	846	655	518	408	531	372	679	652	755	641	438	330	574	800	651	307	486	729	645	846	545	324	690	431	594	428	489	889	584	300	815	505	720	597	707	356	431	499	860	652	359	586	342	709	
831	326	719	837	379	752	441	614	710	853	434	718	0	325	682	323	817	359	881	748	632	429	645	416	842	422	707	520	888	723	518	549	471	588	692	605	892	670	572	790	412	487	575	765	603	732	387	883	694	678	498	653	839	384	698	777	478	562	482	832	398	
698	836	419	788	450	579	779	739	657	363	720	677	325	0	610	642	567	301	811	782	855	565	570	853	813	703	816	514	764	493	566	873	729	606	742	789	493	508	683	659	746	523	587	436	380	571	673	495	890	562	437	601	840	570	502	541	649	690	834	824	394	
765	830	342	886	309	886	752	722	443	440	817	307	682	610	0	735	431	308	632	471	393	467	856	309	535	795	629	606	664	351	462	422	715	574	834	738	507	807	341	373	405	732	591	422	860	462	596	630	390	547	577	461	415	344	745	580	481	446	608	752	418	
433	389	503	581	447	606	348	544	673	581	486	551	323	642	735	0	614	450	551	859	465	533	779	771	810	472	699	848	761	538	404	371	838	397	604	587	872	527	525	352	341	389	329	402	333	499	832	524	692	391	796	877	866	485	645	548	803	392	609	823	797	
619	473	324	575	476	823	858	851	460	488	392	644	817	567	431	614	0	430	883	858	592	714	801	464	719	316	392	852	722	559	511	827	720	621	339	638	423	612	478	740	560	505	727	784	344	831	469	587	813	545	465	687	539	870	356	797	844	665	829	831	531	
461	446	764	532	726	501	329	395	697	742	489	846	359	301	308	450	430	0	427	675	603	855	755	758	863	477	651	315	696	598	365	729	392	653	832	613	483	475	849	834	873	503	414	729	497	465	318	791	860	880	378	398	324	870	684	456	411	519	430	490	730	
811	533	544	835	760	881	478	756	598	671	811	655	881	811	632	551	883	427	0	388	722	603	540	574	444	873	863	301	799	514	564	469	896	496	896	848	684	581	312	732	683	802	453	773	898	694	680	359	401	753	687	431	388	676	538	763	737	343	418	877	735	
751	734	744	761	484	726	695	544	472	828	573	518	748	782	471	859	858	675	388	0	723	355	400	655	390	646	348	519	597	361	430	773	365	890	801	537	561	445	560	448	866	848	384	611	385	428	567	685	615	662	635	719	539	887	380	403	515	385	578	342	506	
421	766	471	566	357	607	400	726	730	846	597	408	632	855	393	465	592	603	722	723	0	389	791	361	470	631	578	742	802	684	807	368	709	490	467	356	314	640	383	606	517	388	658	852	700	848	695	683	708	367	694	394	300	375	367	533	866	873	510	518	795	
414	880	314	756	662	367	329	597	681	765	683	531	429	565	467	533	714	855	603	355	389	0	663	858	463	355	417	553	795	414	685	352	610	646	747	316	715	341	506	575	816	427	481	714	736	609	564	645	516	411	335	422	359	878	712	890	536	662	650	672	738	
498	488	813	396	550	779	685	703	413	552	378	372	645	570	856	779	801	755	540	400	791	663	0	612	473	422	704	611	880	696	324	610	314	355	464	552	338	369	432	397	794	506	505	815	632	454	589	339	888	663	843	526	832	465	633	885	864	737	549	472	661	
444	597	521	808	416	521	592	804	404	606	326	679	416	853	309	771	464	758	574	655	361	858	612	0	569	507	310	749	771	429	843	732	601	816	430	455	570	585	847	305	591	547	508	654	539	357	483	356	699	545	729	732	785	536	313	503	683	350	870	689	515	
893	878	804	709	878	350	805	319	850	423	761	652	842	813	535	810	719	863	444	390	470	463	473	569	0	405	408	346	526	730	813	658	394	381	672	666	606	895	733	316	428	348	476	716	511	488	370	443	383	774	682	845	556	349	664	637	829	784	375	399	635	
467	658	602	872	373	869	639	417	597	422	671	755	422	703	795	472	316	477	873	646	631	355	422	507	405	0	580	657	806	481	343	713	864	872	646	518	872	586	791	621	333	445	757	474	787	605	311	682	530	441	483	622	603	595	401	468	796	719	581	479	328	
718	361	488	547	528	386	853	557	814	468	577	641	707	816	629	699	392	651	863	348	578	417	704	310	408	580	0	805	660	674	813	657	677	515	761	527	821	419	575	362	814	845	883	314	605	790	664	679	530	549	868	755	389	370	511	598	540	623	605	875	575	
304	445	359	413	718	621	502	888	606	362	627	438	520	514	606	848	852	315	301	519	742	553	611	749	346	657	805	0	683	711	461	775	390	839	771	352	301	474	831	351	599	328	668	506	336	803	388	638	678	566	618	734	756	804	631	509	877	742	810	597	847	
393	301	732	578	757	540	312	541	366	576	621	330	888	764	664	761	722	696	799	597	802	795	880	771	526	806	660	683	0	614	845	461	572	898	477	640	494	626	477	788	363	680	854	555	800	482	751	833	466	810	628	381	364	861	460	426	578	599	810	307	469	
771	338	862	388	870	693	380	516	556	790	698	574	723	493	351	538	559	598	514	361	684	414	696	429	730	481	674	711	614	0	534	391	619	769	314	888	435	650	626	802	540	583	395	827	628	736	586	413	580	447	681	740	780	468	384	733	531	829	849	759	548	
702	569	773	890	524	800	345	555	518	574	804	800	518	566	462	404	511	365	564	430	807	685	324	843	813	343	813	461	845	534	0	613	805	800	682	710	612	694	595	556	696	424	391	457	752	456	743	387	530	653	354	631	505	671	357	713	425	549	462	357	497	
648	484	664	537	572	336	581	690	332	578	481	651	549	873	422	371	827	729	469	773	368	352	610	732	658	713	657	775	461	391	613	0	666	597	788	513	525	610	565	488	516	822	886	836	849	764	484	728	358	629	808	307	817	375	847	575	457	498	863	445	346	
619	809	759	410	527	311	624	618	310	586	441	307	471	729	715	838	720	392	896	365	709	610	314	601	394	864	677	390	572	619	805	666	0	799	302	309	662	449	710	529	308	666	336	539	717	531	592	869	617	308	348	349	315	475	406	806	598	347	406	472	630	
457	448	409	629	440	551	402	870	635	422	356	486	588	606	574	397	621	653	496	890	490	646	355	816	381	872	515	839	898	769	800	597	799	0	742	786	656	448	444	704	812	813	512	403	475	802	311	411	848	720	775	575	560	452	466	555	599	639	325	331	526	
472	717	310	648	549	765	423	490	797	740	517	729	692	742	834	604	339	832	896	801	467	747	464	430	672	646	761	771	477	314	682	788	302	742	0	456	739	566	527	490	473	724	846	316	517	664	719	564	392	361	859	779	383	582	583	565	789	511	520	735	847	
573	551	645	496	565	800	566	634	721	620	482	645	605	789	738	587	638	613	848	537	356	316	552	455	666	518	527	352	640	888	710	513	309	786	456	0	741	481	836	630	318	806	842	662	884	648	482	880	456	438	457	644	818	386	733	466	345	817	395	325	625	
685	835	764	458	461	623	787	756	392	325	858	846	892	493	507	872	423	483	684	561	314	715	338	570	606	872	821	301	494	435	612	525	662	656	739	741	0	816	545	876	711	570	321	716	766	780	662	674	876	638	606	614	438	516	895	773	829	566	744	317	830	
745	739	712	543	630	689	777	459	857	871	344	545	670	508	807	527	612	475	581	445	640	341	369	585	895	586	419	474	626	650	694	610	449	448	566	481	816	0	503	758	368	866	896	630	457	429	675	730	711	716	667	886	727	858	872	749	621	866	587	786	451	
578	883	502	843	442	894	695	815	459	461	337	324	572	683	341	525	478	849	312	560	383	506	432	847	733	791	575	831	477	626	595	565	710	444	527	836	545	503	0	323	388	783	799	764	784	515	642	312	571	399	870	633	861	514	566	877	782	388	410	540	700	
416	892	334	756	361	552	372	747	699	865	738	690	790	659	373	352	740	834	732	448	606	575	397	305	316	621	362	351	788	802	556	488	529	704	490	630	876	758	323	0	309	340	773	406	434	576	580	723	406	563	486	681	523	504	849	811	498	531	464	789	544	
474	705	590	643	562	428	668	450	379	652	777	431	412	746	405	341	560	873	683	866	517	816	794	591	428	333	814	599	363	540	696	516	308	812	473	318	711	368	388	309	0	860	462	654	364	760	316	327	731	828	798	482	443	391	426	602	566	823	525	376	510	
389	505	356	383	653	899	533	510	810	471	573	594	487	523	732	389	505	503	802	848	388	427	506	547	348	445	845	328	680	583	424	822	666	813	724	806	570	866	783	340	860	0	347	889	469	346	817	796	419	542	376	501	420	625	469	500	854	605	453	396	494	
706	514	364	879	644	528	550	499	653	373	333	428	575	587	591	329	727	414	453	384	658	481	505	508	476	757	883	668	854	395	391	886	336	512	846	842	321	896	799	773	462	347	0	720	640	852	624	375	677	616	557	776	593	715	371	721	415	455	841	724	632	
447	428	680	714	387	771	575	699	832	375	860	489	765	436	422	402	784	729	773	611	852	714	815	654	716	474	314	506	555	827	457	836	539	403	316	662	716	630	764	406	654	889	720	0	307	556	449	411	567	423	606	560	349	588	738	581	303	854	717	633	664	
741	368	682	805	866	517	835	736	321	864	762	889	603	380	860	333	344	497	898	385	700	736	632	539	511	787	605	336	800	628	752	849	717	475	517	884	766	457	784	434	364	469	640	307	0	710	620	425	480	454	437	860	549	892	667	822	618	565	391	540	812	
401	718	402	732	631	501	337	494	722	347	441	584	732	571	462	499	831	465	694	428	848	609	454	357	488	605	790	803	482	736	456	764	531	802	664	648	780	429	515	576	760	346	852	556	710	0	786	843	885	301	760	770	717	716	306	623	836	814	437	878	696	
455	838	595	589	351	525	415	300	689	774	882	300	387	673	596	832	469	318	680	567	695	564	589	483	370	311	664	388	751	586	743	484	592	311	719	482	662	675	642	580	316	817	624	449	620	786	0	704	771	745	573	814	384	340	350	754	751	395	834	519	723	
878	720	739	544	480	688	699	533	336	648	856	815	883	495	630	524	587	791	359	685	683	645	339	356	443	682	679	638	833	413	387	728	869	411	564	880	674	730	312	723	327	796	375	411	425	843	704	0	482	695	383	624	754	864	537	454	799	739	410	411	870	
736	705	847	571	616	899	336	471	839	410	562	505	694	890	390	692	813	860	401	615	708	516	888	699	383	530	530	678	466	580	530	358	617	848	392	456	876	711	571	406	731	419	677	567	480	885	771	482	0	552	742	383	845	802	619	332	322	553	488	571	472	
806	468	672	491	572	389	838	376	516	442	690	720	678	562	547	391	545	880	753	662	367	411	663	545	774	441	549	566	810	447	653	629	308	720	361	438	638	716	399	563	828	542	616	423	454	301	745	695	552	0	492	606	333	374	594	483	591	759	844	682	870	
654	696	497	349	601	803	797	635	763	487	509	597	498	437	577	796	465	378	687	635	694	335	843	729	682	483	868	618	628	681	354	808	348	775	859	457	606	667	870	486	798	376	557	606	437	760	573	383	742	492	0	500	726	816	851	741	480	538	682	378	472	
770	303	816	451	775	378	825	314	825	454	409	707	653	601	461	877	687	398	431	719	394	422	526	732	845	622	755	734	381	740	631	307	349	575	779	644	614	886	633	681	482	501	776	560	860	770	814	624	383	606	500	0	747	748	634	648	664	683	580	803	491	
347	370	730	692	557	868	895	349	871	501	880	356	839	840	415	866	539	324	388	539	300	359	832	785	556	603	389	756	364	780	505	817	315	560	383	818	438	727	861	523	443	420	593	349	549	717	384	754	845	333	726	747	0	391	856	450	525	320	525	555	501	
584	554	765	339	370	624	374	784	663	759	820	431	384	570	344	485	870	870	676	887	375	878	465	536	349	595	370	804	861	468	671	375	475	452	582	386	516	858	514	504	391	625	715	588	892	716	340	864	802	374	816	748	391	0	659	644	551	435	405	843	886	
556	858	519	892	643	812	381	694	354	633	831	499	698	502	745	645	356	684	538	380	367	712	633	313	664	401	511	631	460	384	357	847	406	466	583	733	895	872	566	849	426	469	371	738	667	306	350	537	619	594	851	634	856	659	0	667	518	715	401	735	558	
722	311	671	476	883	557	773	755	578	310	306	860	777	541	580	548	797	456	763	403	533	890	885	503	637	468	598	509	426	733	713	575	806	555	565	466	773	749	877	811	602	500	721	581	822	623	754	454	332	483	741	648	450	644	667	0	470	317	592	506	740	
701	383	894	519	358	562	434	486	864	694	312	652	478	649	481	803	844	411	737	515	866	536	864	683	829	796	540	877	578	531	425	457	598	599	789	345	829	621	782	498	566	854	415	303	618	836	751	799	322	591	480	664	525	551	518	470	0	609	492	576	789	
634	760	883	354	635	771	770	489	435	765	831	359	562	690	446	392	665	519	343	385	873	662	737	350	784	719	623	742	599	829	549	498	347	639	511	817	566	866	388	531	823	605	455	854	565	814	395	739	553	759	538	683	320	435	715	317	609	0	558	350	354	
410	390	526	833	321	669	401	737	506	606	813	586	482	834	608	609	829	430	418	578	510	650	549	870	375	581	605	810	810	849	462	863	406	325	520	395	744	587	410	464	525	453	841	717	391	437	834	410	488	844	682	580	525	405	401	592	492	558	0	442	425	
797	569	595	497	457	879	811	582	780	413	326	342	832	824	752	823	831	490	877	342	518	672	472	689	399	479	875	597	307	759	357	445	472	331	735	325	317	786	540	789	376	396	724	633	540	878	519	411	571	682	378	803	555	843	735	506	576	350	442	0	690	
471	848	352	608	825	569	320	805	691	640	631	709	398	394	418	797	531	730	735	506	795	738	661	515	635	328	575	847	469	548	497	346	630	526	847	625	830	451	700	544	510	494	632	664	812	696	723	870	472	870	472	491	501	886	558	740	789	354	425	690	0	
etats
Id_Station	Poids W	Min (P)	WSPT	Priorité	
1	7				
2	5				
3	4				
4	1				
5	3				
6	5				
7	2				
8	6				
9	7				
10	6				
11	9				
12	3				
13	5				
14	7				
15	7				
16	8				
17	1				
18	6				
19	5				
20	7				
21	6				
22	7				
23	4				
24	9				
25	3				
26	1				
27	9				
28	6				
29	4				
30	3				
31	1				
32	9				
33	8				
34	1				
35	5				
36	6				
37	2				
38	7				
39	8				
40	4				
41	1				
42	5				
43	8				
44	6				
45	8				
46	6				
47	6				
48	1				
49	5				
50	1				
51	1				
52	1				
53	2				
54	2				
55	7				
56	7				
57	8				
58	1				
59	5				
60	7				
	
