distances
0	463	469	707	768	393	888	731	840	656	625	300	552	698	481	878	537	851	420	377	847	357	836	388	634	391	561	466	754	310	683	573	808	527	702	485	673	895	484	823	863	816	673	450	754	493	426	503	847	331	356	862	634	860	768	718	850	591	316	635	344	
463	0	308	484	551	807	743	434	500	863	832	461	503	532	743	428	472	741	301	342	600	730	485	583	878	559	742	461	583	305	340	350	311	496	556	567	673	453	707	814	718	323	603	875	325	310	482	446	614	577	617	810	795	746	567	419	529	869	889	879	714	
469	308	0	437	444	308	562	875	403	341	659	434	613	470	371	306	566	334	304	789	632	396	717	659	760	788	709	792	696	367	790	346	400	536	639	639	774	845	734	332	426	321	763	575	790	385	308	362	585	660	545	726	431	311	335	312	706	895	521	523	487	
707	484	437	0	715	636	792	698	338	387	846	748	405	477	661	319	842	354	413	373	803	477	593	642	742	673	823	409	786	354	440	406	573	814	880	386	319	843	547	325	602	462	888	523	704	734	829	581	680	755	515	463	629	442	333	356	512	841	540	710	411	
768	551	444	715	0	896	879	857	671	301	864	390	571	629	874	696	461	314	634	658	595	553	769	330	547	668	734	636	708	898	852	504	862	526	730	522	868	549	871	876	841	399	622	402	392	887	544	743	533	374	313	795	381	618	453	706	395	575	389	756	869	
393	807	308	636	896	0	527	795	476	846	865	387	500	773	781	777	637	357	351	559	327	623	644	378	686	377	420	481	465	411	717	836	640	600	802	758	608	779	858	442	568	471	606	778	538	859	577	896	575	590	435	580	555	616	769	467	372	570	452	313	897	
888	743	562	792	879	527	0	515	763	744	415	472	690	549	508	569	661	337	873	315	811	758	529	362	346	437	301	811	727	306	749	620	833	868	813	520	722	889	677	775	636	434	741	729	445	804	392	549	799	755	381	835	471	384	529	762	468	561	686	502	594	
731	434	875	698	857	795	515	0	309	865	610	301	426	491	733	674	657	513	846	547	764	582	741	574	487	554	815	694	704	412	647	694	401	387	672	391	713	574	576	435	649	873	499	614	554	665	425	303	744	691	832	861	710	474	450	556	372	612	599	550	437	
840	500	403	338	671	476	763	309	0	845	347	546	523	605	716	511	492	386	564	774	640	714	870	786	798	777	506	601	862	507	566	440	495	375	568	724	344	663	843	782	746	544	710	750	325	830	686	726	835	889	419	709	380	474	733	556	587	440	797	413	539	
656	863	341	387	301	846	744	865	845	0	352	671	414	771	745	656	668	625	752	543	355	656	434	633	621	318	825	841	488	567	648	449	679	365	576	836	719	638	455	789	634	410	387	531	461	603	555	679	670	405	519	725	794	753	381	304	860	834	771	874	801	
625	832	659	846	864	865	415	610	347	352	0	843	644	787	674	833	489	531	830	451	434	422	551	748	737	667	453	320	389	543	766	370	722	652	859	582	569	866	751	688	887	432	689	886	518	701	694	593	632	340	725	576	766	822	809	741	623	513	766	525	752	
300	461	434	748	390	387	472	301	546	671	843	0	681	558	641	896	423	387	677	341	506	448	452	550	485	508	327	490	341	532	480	793	645	415	769	555	352	479	334	719	755	712	453	601	837	688	605	716	368	666	478	862	473	342	700	398	570	781	450	597	345	
552	503	613	405	571	500	690	426	523	414	644	681	0	762	422	348	471	600	756	512	754	729	322	523	690	815	331	820	433	411	363	719	601	776	415	851	484	495	449	711	712	739	661	665	513	646	619	785	797	642	378	608	816	387	602	842	701	396	670	804	858	
698	532	470	477	629	773	549	491	605	771	787	558	762	0	484	619	373	787	313	812	447	664	377	612	603	641	306	365	480	708	514	553	405	614	474	864	730	322	417	410	497	362	687	540	491	885	744	308	335	502	829	606	345	653	525	315	807	748	831	388	383	
481	743	371	661	874	781	508	733	716	745	674	641	422	484	0	788	369	718	763	868	393	529	571	623	850	447	411	419	467	635	515	508	366	842	720	435	330	723	392	498	384	626	386	696	563	671	789	371	676	304	480	571	863	897	328	396	502	463	346	691	348	
878	428	306	319	696	777	569	674	511	656	833	896	348	619	788	0	690	481	761	768	469	378	724	685	784	408	696	803	349	371	717	682	549	422	468	807	505	450	766	396	535	724	690	429	685	859	733	567	632	793	801	712	666	709	372	687	725	715	344	806	735	
537	472	566	842	461	637	661	657	492	668	489	423	471	373	369	690	0	538	823	589	669	625	673	483	563	415	377	779	704	788	457	452	482	449	306	498	476	892	791	581	329	715	407	753	680	453	717	455	527	808	729	540	375	627	317	645	630	302	578	631	460	
851	741	334	354	314	357	337	513	386	625	531	387	600	787	718	481	538	0	741	673	634	607	570	782	611	444	809	385	421	480	877	387	807	454	538	845	617	849	623	500	553	600	560	360	695	572	335	696	765	389	311	876	784	486	846	698	722	785	725	372	492	
420	301	304	413	634	351	873	846	564	752	830	677	756	313	763	761	823	741	0	409	440	782	870	722	374	533	748	499	537	733	699	559	815	650	748	449	783	512	813	686	674	430	726	595	542	652	356	667	630	624	652	850	793	444	643	697	309	754	480	644	372	
377	342	789	373	658	559	315	547	774	543	451	341	512	812	868	768	589	673	409	0	495	754	874	788	662	467	694	794	764	522	551	859	490	319	657	477	639	837	819	356	453	578	484	417	363	394	594	485	516	890	717	499	576	522	490	353	476	494	413	490	416	
847	600	632	803	595	327	811	764	640	355	434	506	754	447	393	469	669	634	440	495	0	786	359	712	526	340	688	562	896	721	450	379	898	560	395	559	659	725	457	317	756	825	567	754	370	358	781	756	806	783	813	349	356	878	788	804	594	335	424	629	587	
357	730	396	477	553	623	758	582	714	656	422	448	729	664	529	378	625	607	782	754	786	0	329	419	590	811	351	303	481	378	747	323	349	783	892	668	652	814	869	427	607	465	756	628	753	816	537	583	641	300	714	596	794	843	708	487	895	620	512	322	827	
836	485	717	593	769	644	529	741	870	434	551	452	322	377	571	724	673	570	870	874	359	329	0	773	810	714	853	366	618	714	476	731	673	304	577	783	846	831	747	833	373	627	558	880	624	647	838	421	369	861	760	672	508	430	467	499	822	817	863	494	646	
388	583	659	642	330	378	362	574	786	633	748	550	523	612	623	685	483	782	722	788	712	419	773	0	469	772	362	606	550	359	351	531	561	641	658	523	746	766	606	387	570	666	695	463	667	554	656	844	789	385	422	687	786	426	692	857	380	675	583	785	752	
634	878	760	742	547	686	346	487	798	621	737	485	690	603	850	784	563	611	374	662	526	590	810	469	0	468	696	435	662	384	525	895	349	834	876	328	795	500	418	307	833	383	784	450	484	666	404	420	850	687	711	363	600	812	861	372	860	846	761	338	882	
391	559	788	673	668	377	437	554	777	318	667	508	815	641	447	408	415	444	533	467	340	811	714	772	468	0	540	849	880	714	611	417	479	786	859	533	798	894	770	531	629	822	559	506	853	866	314	568	656	354	337	699	507	419	702	676	362	313	336	719	399	
561	742	709	823	734	420	301	815	506	825	453	327	331	306	411	696	377	809	748	694	688	351	853	362	696	540	0	436	576	860	793	707	586	831	414	438	572	573	771	571	488	668	527	702	434	828	805	819	651	512	526	611	541	878	423	689	738	615	879	565	801	
466	461	792	409	636	481	811	694	601	841	320	490	820	365	419	803	779	385	499	794	562	303	366	606	435	849	436	0	517	889	485	364	763	726	842	821	423	691	315	405	358	899	468	547	424	421	377	641	371	363	530	645	746	394	665	309	609	636	491	383	792	
754	583	696	786	708	465	727	704	862	488	389	341	433	480	467	349	704	421	537	764	896	481	618	550	662	880	576	517	0	424	887	311	723	537	391	324	827	798	840	524	725	870	471	557	786	836	845	570	763	407	709	893	889	406	800	339	663	341	790	697	715	
310	305	367	354	898	411	306	412	507	567	543	532	411	708	635	371	788	480	733	522	721	378	714	359	384	714	860	889	424	0	448	354	341	744	846	768	489	353	819	374	528	899	716	584	810	793	351	858	333	840	768	571	576	810	799	501	672	529	329	313	871	
683	340	790	440	852	717	749	647	566	648	766	480	363	514	515	717	457	877	699	551	450	747	476	351	525	611	793	485	887	448	0	344	635	847	418	364	470	508	809	341	485	407	806	620	876	717	663	471	329	459	762	331	505	874	894	406	733	540	738	838	533	
573	350	346	406	504	836	620	694	440	449	370	793	719	553	508	682	452	387	559	859	379	323	731	531	895	417	707	364	311	354	344	0	306	615	544	587	551	864	463	327	581	777	434	681	609	639	425	510	800	779	625	385	762	518	472	878	776	415	598	495	340	
808	311	400	573	862	640	833	401	495	679	722	645	601	405	366	549	482	807	815	490	898	349	673	561	349	479	586	763	723	341	635	306	0	503	817	494	531	764	771	384	307	743	329	362	526	492	420	833	488	381	625	445	348	547	455	473	334	750	642	687	616	
527	496	536	814	526	600	868	387	375	365	652	415	776	614	842	422	449	454	650	319	560	783	304	641	834	786	831	726	537	744	847	615	503	0	377	610	305	775	455	471	766	418	868	339	356	442	858	673	829	647	338	851	546	455	397	659	625	367	663	330	361	
702	556	639	880	730	802	813	672	568	576	859	769	415	474	720	468	306	538	748	657	395	892	577	658	876	859	414	842	391	846	418	544	817	377	0	492	756	368	556	818	790	485	665	402	880	863	667	839	888	357	648	868	493	650	546	576	321	639	619	747	832	
485	567	639	386	522	758	520	391	724	836	582	555	851	864	435	807	498	845	449	477	559	668	783	523	328	533	438	821	324	768	364	587	494	610	492	0	877	604	365	626	653	819	419	670	798	403	779	314	589	755	673	707	852	352	319	366	736	660	487	491	691	
673	673	774	319	868	608	722	713	344	719	569	352	484	730	330	505	476	617	783	639	659	652	846	746	795	798	572	423	827	489	470	551	531	305	756	877	0	381	667	726	852	730	577	701	712	440	452	592	803	572	575	591	465	626	671	869	778	843	714	769	802	
895	453	845	843	549	779	889	574	663	638	866	479	495	322	723	450	892	849	512	837	725	814	831	766	500	894	573	691	798	353	508	864	764	775	368	604	381	0	472	481	764	573	318	526	390	622	379	846	678	464	890	725	593	413	505	875	649	728	381	887	719	
484	707	734	547	871	858	677	576	843	455	751	334	449	417	392	766	791	623	813	819	457	869	747	606	418	770	771	315	840	819	809	463	771	455	556	365	667	472	0	686	676	468	426	662	746	394	464	464	454	385	736	824	555	456	417	616	393	718	806	708	644	
823	814	332	325	876	442	775	435	782	789	688	719	711	410	498	396	581	500	686	356	317	427	833	387	307	531	571	405	524	374	341	327	384	471	818	626	726	481	686	0	583	444	390	888	370	431	704	843	894	314	419	416	791	586	566	554	844	724	459	457	758	
863	718	426	602	841	568	636	649	746	634	887	755	712	497	384	535	329	553	674	453	756	607	373	570	833	629	488	358	725	528	485	581	307	766	790	653	852	764	676	583	0	884	638	363	597	838	880	806	567	776	380	661	381	869	785	768	609	424	605	609	395	
816	323	321	462	399	471	434	873	544	410	432	712	739	362	626	724	715	600	430	578	825	465	627	666	383	822	668	899	870	899	407	777	743	418	485	819	730	573	468	444	884	0	702	587	850	610	543	500	774	382	896	629	308	451	389	500	626	556	841	898	564	
673	603	763	888	622	606	741	499	710	387	689	453	661	687	386	690	407	560	726	484	567	756	558	695	784	559	527	468	471	716	806	434	329	868	665	419	577	318	426	390	638	702	0	595	364	453	491	313	705	532	497	313	560	541	597	506	434	641	735	829	830	
450	875	575	523	402	778	729	614	750	531	886	601	665	540	696	429	753	360	595	417	754	628	880	463	450	506	702	547	557	584	620	681	362	339	402	670	701	526	662	888	363	587	595	0	338	695	588	616	385	589	580	738	890	766	776	878	642	801	807	864	551	
754	325	790	704	392	538	445	554	325	461	518	837	513	491	563	685	680	695	542	363	370	753	624	667	484	853	434	424	786	810	876	609	526	356	880	798	712	390	746	370	597	850	364	338	0	835	665	339	540	446	857	470	682	663	800	836	441	569	895	714	750	
493	310	385	734	887	859	804	665	830	603	701	688	646	885	671	859	453	572	652	394	358	816	647	554	666	866	828	421	836	793	717	639	492	442	863	403	440	622	394	431	838	610	453	695	835	0	488	563	815	467	336	794	452	885	439	546	602	408	336	563	577	
426	482	308	829	544	577	392	425	686	555	694	605	619	744	789	733	717	335	356	594	781	537	838	656	404	314	805	377	845	351	663	425	420	858	667	779	452	379	464	704	880	543	491	588	665	488	0	502	429	533	758	420	315	588	539	661	512	339	465	882	872	
503	446	362	581	743	896	549	303	726	679	593	716	785	308	371	567	455	696	667	485	756	583	421	844	420	568	819	641	570	858	471	510	833	673	839	314	592	846	464	843	806	500	313	616	339	563	502	0	517	384	624	851	781	485	697	432	402	551	531	521	553	
847	614	585	680	533	575	799	744	835	670	632	368	797	335	676	632	527	765	630	516	806	641	369	789	850	656	651	371	763	333	329	800	488	829	888	589	803	678	454	894	567	774	705	385	540	815	429	517	0	608	458	428	566	415	586	725	475	533	492	874	875	
331	577	660	755	374	590	755	691	889	405	340	666	642	502	304	793	808	389	624	890	783	300	861	385	687	354	512	363	407	840	459	779	381	647	357	755	572	464	385	314	776	382	532	589	446	467	533	384	608	0	661	501	444	713	639	406	373	490	676	817	862	
356	617	545	515	313	435	381	832	419	519	725	478	378	829	480	801	729	311	652	717	813	714	760	422	711	337	526	530	709	768	762	625	625	338	648	673	575	890	736	419	380	896	497	580	857	336	758	624	458	661	0	791	850	409	744	749	436	610	724	506	324	
862	810	726	463	795	580	835	861	709	725	576	862	608	606	571	712	540	876	850	499	349	596	672	687	363	699	611	645	893	571	331	385	445	851	868	707	591	725	824	416	661	629	313	738	470	794	420	851	428	501	791	0	804	580	535	670	313	616	529	834	588	
634	795	431	629	381	555	471	710	380	794	766	473	816	345	863	666	375	784	793	576	356	794	508	786	600	507	541	746	889	576	505	762	348	546	493	852	465	593	555	791	381	308	560	890	682	452	315	781	566	444	850	804	0	503	767	760	530	545	468	769	810	
860	746	311	442	618	616	384	474	474	753	822	342	387	653	897	709	627	486	444	522	878	843	430	426	812	419	878	394	406	810	874	518	547	455	650	352	626	413	456	586	869	451	541	766	663	885	588	485	415	713	409	580	503	0	758	455	854	694	413	829	602	
768	567	335	333	453	769	529	450	733	381	809	700	602	525	328	372	317	846	643	490	788	708	467	692	861	702	423	665	800	799	894	472	455	397	546	319	671	505	417	566	785	389	597	776	800	439	539	697	586	639	744	535	767	758	0	603	782	547	543	539	591	
718	419	312	356	706	467	762	556	556	304	741	398	842	315	396	687	645	698	697	353	804	487	499	857	372	676	689	309	339	501	406	878	473	659	576	366	869	875	616	554	768	500	506	878	836	546	661	432	725	406	749	670	760	455	603	0	659	501	344	812	387	
850	529	706	512	395	372	468	372	587	860	623	570	701	807	502	725	630	722	309	476	594	895	822	380	860	362	738	609	663	672	733	776	334	625	321	736	778	649	393	844	609	626	434	642	441	602	512	402	475	373	436	313	530	854	782	659	0	752	606	345	324	
591	869	895	841	575	570	561	612	440	834	513	781	396	748	463	715	302	785	754	494	335	620	817	675	846	313	615	636	341	529	540	415	750	367	639	660	843	728	718	724	424	556	641	801	569	408	339	551	533	490	610	616	545	694	547	501	752	0	615	451	361	
316	889	521	540	389	452	686	599	797	771	766	450	670	831	346	344	578	725	480	413	424	512	863	583	761	336	879	491	790	329	738	598	642	663	619	487	714	381	806	459	605	841	735	807	895	336	465	531	492	676	724	529	468	413	543	344	606	615	0	367	725	
635	879	523	710	756	313	502	550	413	874	525	597	804	388	691	806	631	372	644	490	629	322	494	785	338	719	565	383	697	313	838	495	687	330	747	491	769	887	708	457	609	898	829	864	714	563	882	521	874	817	506	834	769	829	539	812	345	451	367	0	405	
344	714	487	411	869	897	594	437	539	801	752	345	858	383	348	735	460	492	372	416	587	827	646	752	882	399	801	792	715	871	533	340	616	361	832	691	802	719	644	758	395	564	830	551	750	577	872	553	875	862	324	588	810	602	591	387	324	361	725	405	0	
etats
Id_Station	Poids W	Min (P)	WSPT	Priorité	
1	6	324	36,00	6	
2	3	328	41,00	13	
3	1	301	50,17	18	
4	6	307	102,33	38	
5	4	305	43,57	15	
6	8	319	63,80	30	
7	6	307	34,11	4	
8	5	305	33,89	3	
9	5	307	307,00	56	
10	9	305	305,00	52	
11	5	311	44,43	16	
12	5	306	61,20	27	
13	8	300	37,50	7	
14	3	305	38,13	11	
15	4	305	50,83	21	
16	3	307	61,40	28	
17	6	302	50,33	19	
18	3	304	304,00	50	
19	7	325	325,00	60	
20	7	321	40,13	12	
21	9	305	61,00	25	
22	7	304	60,80	24	
23	9	320	106,67	42	
24	9	315	315,00	59	
25	2	304	152,00	45	
26	1	313	313,00	58	
27	9	302	75,50	31	
28	7	306	306,00	55	
29	6	304	50,67	20	
30	8	302	37,75	10	
31	7	310	51,67	22	
32	6	302	302,00	48	
33	5	300	60,00	23	
34	5	306	102,00	37	
35	7	309	309,00	57	
36	4	302	75,50	32	
37	1	309	77,25	35	
38	5	305	76,25	33	
39	8	301	37,63	8	
40	1	305	76,25	34	
41	7	303	303,00	49	
42	9	304	33,78	2	
43	4	300	150,00	44	
44	2	305	305,00	53	
45	2	308	61,60	29	
46	8	323	35,89	5	
47	7	333	111,00	43	
48	3	301	100,33	36	
49	8	301	37,63	9	
50	9	314	157,00	47	
51	4	304	304,00	51	
52	6	307	102,33	39	
53	1	311	103,67	41	
54	3	309	103,00	40	
55	9	313	44,71	17	
56	7	305	305,00	54	
57	7	305	152,50	46	
58	1	305	61,00	26	
59	6	301	33,44	1	
60	1	300	42,86	14	

