distances
0	576	862	725	530	573	309	351	718	784	489	816	408	481	522	783	526	565	842	640	751	593	482	560	327	771	768	322	307	650	764	765	600	321	580	581	556	747	813	473	812	369	595	426	631	443	596	438	511	367	425	462	870	830	444	346	872	813	487	601	672	
576	0	750	371	557	528	547	650	333	875	840	747	818	820	345	683	862	779	711	455	361	866	520	638	870	405	382	713	398	703	883	379	371	307	406	830	373	891	737	792	371	837	865	824	746	470	856	526	615	806	380	697	303	451	621	356	850	352	673	473	833	
862	750	0	820	884	399	811	470	430	568	600	815	885	377	563	882	573	365	642	663	301	772	757	880	304	537	698	358	392	708	602	671	551	384	675	729	314	497	359	441	532	691	556	747	648	406	679	488	686	590	376	894	744	380	394	852	407	820	636	469	736	
725	371	820	0	718	315	707	516	547	550	368	830	319	693	828	430	536	305	453	497	432	667	405	783	333	633	861	731	335	786	373	419	556	758	324	494	726	347	365	364	491	382	666	654	382	370	818	830	802	690	400	832	423	381	813	840	432	470	800	318	438	
530	557	884	718	0	897	334	634	661	752	743	315	706	475	750	848	433	547	753	383	437	457	581	749	621	466	337	305	643	659	843	621	765	718	508	616	683	536	508	860	641	882	725	538	600	892	850	630	820	546	578	841	488	334	661	513	608	444	782	576	564	
573	528	399	315	897	0	340	529	599	357	820	349	866	376	733	807	423	828	628	577	358	568	341	616	409	634	864	314	749	548	857	755	382	456	659	618	870	850	487	303	534	372	645	834	809	730	595	693	700	344	858	479	702	359	305	331	462	568	739	763	679	
309	547	811	707	334	340	0	691	790	440	792	355	520	609	669	749	320	442	300	685	831	340	783	838	701	434	832	742	556	853	688	341	730	873	683	559	330	767	865	487	570	402	599	680	832	800	627	634	619	818	531	716	871	793	705	390	839	743	885	463	325	
351	650	470	516	634	529	691	0	806	790	541	547	575	657	540	411	795	332	863	832	465	606	748	387	780	819	895	420	878	813	866	489	596	895	489	680	585	663	608	744	546	711	864	321	679	613	707	761	803	728	725	766	564	896	318	662	724	799	439	453	876	
718	333	430	547	661	599	790	806	0	495	755	845	440	809	390	318	714	713	345	596	830	509	415	415	795	405	319	742	527	821	549	648	394	479	438	612	806	309	474	566	706	325	890	638	362	750	806	505	330	667	321	497	587	860	833	812	802	503	446	526	773	
784	875	568	550	752	357	440	790	495	0	580	732	383	522	647	739	634	400	501	702	323	410	782	546	713	606	594	873	655	785	543	352	418	460	501	460	476	310	480	827	852	393	723	763	412	735	639	332	562	716	739	392	684	584	319	848	731	370	781	566	461	
489	840	600	368	743	820	792	541	755	580	0	421	676	304	462	371	633	864	441	654	877	783	514	839	344	766	619	395	565	824	644	891	885	391	732	825	457	399	509	708	669	883	619	401	388	878	785	839	425	466	524	862	788	755	656	876	850	771	558	719	875	
816	747	815	830	315	349	355	547	845	732	421	0	494	851	898	590	612	724	588	307	622	456	842	816	388	433	631	772	525	890	323	518	760	499	477	792	328	489	312	478	315	781	683	301	489	845	320	470	821	587	843	763	491	833	639	505	424	535	705	774	701	
408	818	885	319	706	866	520	575	440	383	676	494	0	660	331	599	725	376	497	560	338	632	420	331	776	585	329	891	801	349	386	524	581	462	509	700	561	714	728	651	882	711	551	454	866	377	711	412	838	442	406	698	630	823	884	800	652	425	851	625	531	
481	820	377	693	475	376	609	657	809	522	304	851	660	0	343	595	723	522	612	753	802	815	520	742	353	809	439	411	536	825	850	360	832	306	791	735	538	821	590	816	729	307	822	726	859	483	518	714	593	687	587	403	455	667	768	463	564	657	398	845	679	
522	345	563	828	750	733	669	540	390	647	462	898	331	343	0	455	643	606	537	400	327	600	487	498	560	844	540	462	508	714	781	527	552	749	887	635	503	732	580	363	792	622	320	506	683	446	839	451	750	429	545	836	782	834	783	492	674	530	652	541	575	
783	683	882	430	848	807	749	411	318	739	371	590	599	595	455	0	732	632	352	633	447	818	832	519	659	537	655	633	696	876	710	321	706	410	446	306	613	383	460	373	715	329	439	871	442	598	790	440	710	840	414	328	492	637	716	840	836	590	314	866	645	
526	862	573	536	433	423	320	795	714	634	633	612	725	723	643	732	0	799	611	433	743	552	861	692	674	880	593	465	890	580	611	309	409	885	655	870	443	378	495	339	761	350	666	671	815	572	301	844	812	337	613	763	620	701	724	642	841	523	810	554	850	
565	779	365	305	547	828	442	332	713	400	864	724	376	522	606	632	799	0	720	324	577	421	531	536	355	625	778	803	826	479	579	506	898	312	415	354	760	421	619	816	652	534	727	383	382	874	825	792	618	554	631	544	801	474	335	419	583	612	763	497	727	
842	711	642	453	753	628	300	863	345	501	441	588	497	612	537	352	611	720	0	389	763	540	834	829	606	448	418	425	309	404	787	888	494	704	665	774	863	821	714	406	415	854	314	462	862	769	429	477	387	636	896	347	626	803	550	588	616	741	794	544	408	
640	455	663	497	383	577	685	832	596	702	654	307	560	753	400	633	433	324	389	0	435	418	602	434	377	522	806	857	324	346	327	634	664	565	669	353	771	339	837	656	548	753	878	355	639	386	358	548	792	479	849	358	343	846	307	477	419	460	814	418	611	
751	361	301	432	437	358	831	465	830	323	877	622	338	802	327	447	743	577	763	435	0	412	537	892	554	361	303	350	590	843	844	797	370	415	877	722	812	316	537	491	460	630	421	832	390	862	768	362	713	762	778	590	812	438	371	450	553	862	451	413	437	
593	866	772	667	457	568	340	606	509	410	783	456	632	815	600	818	552	421	540	418	412	0	724	652	681	530	382	891	399	604	560	732	434	569	617	621	881	624	797	480	390	369	614	518	412	610	675	692	547	757	675	309	529	387	451	891	864	746	639	799	820	
482	520	757	405	581	341	783	748	415	782	514	842	420	520	487	832	861	531	834	602	537	724	0	822	559	789	856	618	835	489	354	887	881	685	730	777	425	552	685	757	790	440	470	389	866	438	315	644	679	476	400	769	515	386	882	471	874	351	730	381	688	
560	638	880	783	749	616	838	387	415	546	839	816	331	742	498	519	692	536	829	434	892	652	822	0	390	788	375	477	678	580	832	641	394	400	437	738	440	572	832	493	378	897	471	492	772	672	512	879	435	846	834	641	418	419	310	705	862	803	567	785	696	
327	870	304	333	621	409	701	780	795	713	344	388	776	353	560	659	674	355	606	377	554	681	559	390	0	822	348	414	300	386	842	653	324	801	552	497	523	550	764	741	792	571	712	452	651	307	883	539	689	494	526	450	476	409	808	667	369	515	733	346	672	
771	405	537	633	466	634	434	819	405	606	766	433	585	809	844	537	880	625	448	522	361	530	789	788	822	0	799	523	466	448	313	360	673	357	642	345	573	738	307	699	829	526	584	631	731	883	414	448	735	643	331	407	320	631	509	472	324	709	634	518	303	
768	382	698	861	337	864	832	895	319	594	619	631	329	439	540	655	593	778	418	806	303	382	856	375	348	799	0	762	774	384	897	307	594	850	731	652	790	769	707	683	579	606	543	575	304	855	614	472	628	577	617	611	572	808	352	447	706	655	627	894	882	
322	713	358	731	305	314	742	420	742	873	395	772	891	411	462	633	465	803	425	857	350	891	618	477	414	523	762	0	400	546	355	760	784	462	625	862	699	548	786	837	749	588	655	317	447	865	868	526	717	590	573	800	885	490	441	351	366	848	327	519	590	
307	398	392	335	643	749	556	878	527	655	565	525	801	536	508	696	890	826	309	324	590	399	835	678	300	466	774	400	0	822	462	397	742	548	473	543	375	570	656	663	871	749	614	362	559	656	409	881	617	846	522	318	671	459	693	823	866	698	725	448	538	
650	703	708	786	659	548	853	813	821	785	824	890	349	825	714	876	580	479	404	346	843	604	489	580	386	448	384	546	822	0	729	739	660	340	319	595	404	500	803	435	763	406	868	801	825	592	388	883	335	538	575	797	553	412	451	896	684	400	403	309	619	
764	883	602	373	843	857	688	866	549	543	644	323	386	850	781	710	611	579	787	327	844	560	354	832	842	313	897	355	462	729	0	394	393	558	742	856	585	349	544	813	684	690	373	359	606	644	383	306	533	310	506	795	417	461	560	798	595	889	802	658	842	
765	379	671	419	621	755	341	489	648	352	891	518	524	360	527	321	309	506	888	634	797	732	887	641	653	360	307	760	397	739	394	0	470	460	585	312	523	634	864	885	746	397	882	705	881	718	772	320	414	770	636	857	643	395	644	668	607	787	835	391	655	
600	371	551	556	765	382	730	596	394	418	885	760	581	832	552	706	409	898	494	664	370	434	881	394	324	673	594	784	742	660	393	470	0	688	304	723	470	634	571	688	807	560	428	830	779	845	496	809	817	350	385	781	305	582	642	677	485	405	356	383	524	
321	307	384	758	718	456	873	895	479	460	391	499	462	306	749	410	885	312	704	565	415	569	685	400	801	357	850	462	548	340	558	460	688	0	868	734	674	421	789	326	887	607	614	528	793	829	306	354	872	322	788	352	333	746	746	800	650	832	463	363	486	
580	406	675	324	508	659	683	489	438	501	732	477	509	791	887	446	655	415	665	669	877	617	730	437	552	642	731	625	473	319	742	585	304	868	0	532	750	628	810	547	311	770	741	872	686	420	737	569	490	333	864	745	895	392	711	560	891	344	629	426	722	
581	830	729	494	616	618	559	680	612	460	825	792	700	735	635	306	870	354	774	353	722	621	777	738	497	345	652	862	543	595	856	312	723	734	532	0	572	649	606	422	753	892	811	463	754	343	300	732	365	512	644	432	300	865	544	599	567	768	711	614	504	
556	373	314	726	683	870	330	585	806	476	457	328	561	538	503	613	443	760	863	771	812	881	425	440	523	573	790	699	375	404	585	523	470	674	750	572	0	785	769	502	748	666	698	429	544	732	864	563	324	381	329	529	669	605	732	612	383	529	744	898	575	
747	891	497	347	536	850	767	663	309	310	399	489	714	821	732	383	378	421	821	339	316	624	552	572	550	738	769	548	570	500	349	634	634	421	628	649	785	0	441	336	435	621	710	573	466	747	524	694	526	384	491	487	704	415	735	723	507	645	555	728	584	
813	737	359	365	508	487	865	608	474	480	509	312	728	590	580	460	495	619	714	837	537	797	685	832	764	307	707	786	656	803	544	864	571	789	810	606	769	441	0	575	530	418	534	701	689	620	581	547	635	629	674	870	817	866	511	392	411	559	595	606	365	
473	792	441	364	860	303	487	744	566	827	708	478	651	816	363	373	339	816	406	656	491	480	757	493	741	699	683	837	663	435	813	885	688	326	547	422	502	336	575	0	620	598	816	654	596	617	485	303	872	878	412	649	714	351	387	481	744	715	869	512	399	
812	371	532	491	641	534	570	546	706	852	669	315	882	729	792	715	761	652	415	548	460	390	790	378	792	829	579	749	871	763	684	746	807	887	311	753	748	435	530	620	0	818	339	517	667	727	808	872	866	796	487	557	581	443	818	389	459	322	675	714	899	
369	837	691	382	882	372	402	711	325	393	883	781	711	307	622	329	350	534	854	753	630	369	440	897	571	526	606	588	749	406	690	397	560	607	770	892	666	621	418	598	818	0	517	870	640	547	582	570	523	596	589	327	589	321	728	378	881	769	530	759	886	
595	865	556	666	725	645	599	864	890	723	619	683	551	822	320	439	666	727	314	878	421	614	470	471	712	584	543	655	614	868	373	882	428	614	741	811	698	710	534	816	339	517	0	638	491	372	876	373	462	449	306	365	515	341	704	329	408	530	517	537	681	
426	824	747	654	538	834	680	321	638	763	401	301	454	726	506	871	671	383	462	355	832	518	389	492	452	631	575	317	362	801	359	705	830	528	872	463	429	573	701	654	517	870	638	0	353	482	898	455	375	741	633	802	823	759	868	742	855	507	778	870	787	
631	746	648	382	600	809	832	679	362	412	388	489	866	859	683	442	815	382	862	639	390	412	866	772	651	731	304	447	559	825	606	881	779	793	686	754	544	466	689	596	667	640	491	353	0	741	337	519	448	356	485	690	402	620	862	799	753	770	346	715	575	
443	470	406	370	892	730	800	613	750	735	878	845	377	483	446	598	572	874	769	386	862	610	438	672	307	883	855	865	656	592	644	718	845	829	420	343	732	747	620	617	727	547	372	482	741	0	854	717	619	897	355	333	563	531	662	740	427	478	752	726	565	
596	856	679	818	850	595	627	707	806	639	785	320	711	518	839	790	301	825	429	358	768	675	315	512	883	414	614	868	409	388	383	772	496	306	737	300	864	524	581	485	808	582	876	898	337	854	0	424	676	723	726	580	497	377	694	897	562	858	707	888	893	
438	526	488	830	630	693	634	761	505	332	839	470	412	714	451	440	844	792	477	548	362	692	644	879	539	448	472	526	881	883	306	320	809	354	569	732	563	694	547	303	872	570	373	455	519	717	424	0	816	306	385	809	815	818	832	675	343	809	524	739	605	
511	615	686	802	820	700	619	803	330	562	425	821	838	593	750	710	812	618	387	792	713	547	679	435	689	735	628	717	617	335	533	414	817	872	490	365	324	526	635	872	866	523	462	375	448	619	676	816	0	313	890	390	808	524	894	369	611	547	396	791	650	
367	806	590	690	546	344	818	728	667	716	466	587	442	687	429	840	337	554	636	479	762	757	476	846	494	643	577	590	846	538	310	770	350	322	333	512	381	384	629	878	796	596	449	741	356	897	723	306	313	0	697	321	396	557	555	790	742	504	329	864	390	
425	380	376	400	578	858	531	725	321	739	524	843	406	587	545	414	613	631	896	849	778	675	400	834	526	331	617	573	522	575	506	636	385	788	864	644	329	491	674	412	487	589	306	633	485	355	726	385	890	697	0	410	373	597	887	667	694	850	722	317	490	
462	697	894	832	841	479	716	766	497	392	862	763	698	403	836	328	763	544	347	358	590	309	769	641	450	407	611	800	318	797	795	857	781	352	745	432	529	487	870	649	557	327	365	802	690	333	580	809	390	321	410	0	499	498	661	401	690	725	764	741	439	
870	303	744	423	488	702	871	564	587	684	788	491	630	455	782	492	620	801	626	343	812	529	515	418	476	320	572	885	671	553	417	643	305	333	895	300	669	704	817	714	581	589	515	823	402	563	497	815	808	396	373	499	0	389	843	723	809	655	307	322	669	
830	451	380	381	334	359	793	896	860	584	755	833	823	667	834	637	701	474	803	846	438	387	386	419	409	631	808	490	459	412	461	395	582	746	392	865	605	415	866	351	443	321	341	759	620	531	377	818	524	557	597	498	389	0	876	871	670	826	786	750	795	
444	621	394	813	661	305	705	318	833	319	656	639	884	768	783	716	724	335	550	307	371	451	882	310	808	509	352	441	693	451	560	644	642	746	711	544	732	735	511	387	818	728	704	868	862	662	694	832	894	555	887	661	843	876	0	626	473	611	712	304	322	
346	356	852	840	513	331	390	662	812	848	876	505	800	463	492	840	642	419	588	477	450	891	471	705	667	472	447	351	823	896	798	668	677	800	560	599	612	723	392	481	389	378	329	742	799	740	897	675	369	790	667	401	723	871	626	0	888	857	642	846	681	
872	850	407	432	608	462	839	724	802	731	850	424	652	564	674	836	841	583	616	419	553	864	874	862	369	324	706	366	866	684	595	607	485	650	891	567	383	507	411	744	459	881	408	855	753	427	562	343	611	742	694	690	809	670	473	888	0	785	564	358	680	
813	352	820	470	444	568	743	799	503	370	771	535	425	657	530	590	523	612	741	460	862	746	351	803	515	709	655	848	698	400	889	787	405	832	344	768	529	645	559	715	322	769	530	507	770	478	858	809	547	504	850	725	655	826	611	857	785	0	670	601	661	
487	673	636	800	782	739	885	439	446	781	558	705	851	398	652	314	810	763	794	814	451	639	730	567	733	634	627	327	725	403	802	835	356	463	629	711	744	555	595	869	675	530	517	778	346	752	707	524	396	329	722	764	307	786	712	642	564	670	0	345	525	
601	473	469	318	576	763	463	453	526	566	719	774	625	845	541	866	554	497	544	418	413	799	381	785	346	518	894	519	448	309	658	391	383	363	426	614	898	728	606	512	714	759	537	870	715	726	888	739	791	864	317	741	322	750	304	846	358	601	345	0	660	
672	833	736	438	564	679	325	876	773	461	875	701	531	679	575	645	850	727	408	611	437	820	688	696	672	303	882	590	538	619	842	655	524	486	722	504	575	584	365	399	899	886	681	787	575	565	893	605	650	390	490	439	669	795	322	681	680	661	525	660	0	
etats
Id_Station	Poids W	Min (P)	WSPT	Priorité	
1	5				
2	5				
3	1				
4	2				
5	4				
6	8				
7	3				
8	9				
9	7				
10	5				
11	5				
12	1				
13	5				
14	1				
15	4				
16	1				
17	6				
18	8				
19	4				
20	1				
21	2				
22	3				
23	5				
24	9				
25	8				
26	9				
27	5				
28	4				
29	1				
30	1				
31	6				
32	8				
33	8				
34	4				
35	9				
36	6				
37	6				
38	1				
39	4				
40	8				
41	4				
42	4				
43	1				
44	2				
45	8				
46	1				
47	1				
48	6				
49	4				
50	1				
51	9				
52	6				
53	7				
54	6				
55	5				
56	2				
57	7				
58	9				
59	2				
60	4				

