distances
0	444	373	778	894	656	640	453	781	577	852	871	837	447	409	511	422	870	465	846	898	706	518	580	642	883	554	648	353	337	648	666	543	444	655	875	831	791	669	660	892	893	679	440	758	443	436	571	721	521	314	428	793	658	677	690	652	873	322	736	489	
444	0	811	886	336	809	676	358	562	328	413	454	731	627	618	736	405	335	330	599	430	619	489	514	536	428	613	832	680	668	647	503	589	634	786	436	654	534	715	524	882	533	746	776	526	334	350	792	668	516	559	661	820	819	327	846	648	700	829	707	401	
373	811	0	329	366	817	876	459	857	608	892	463	781	303	316	339	563	324	348	536	667	820	781	368	309	764	766	894	552	345	639	711	583	788	753	437	668	664	552	668	455	549	400	322	895	460	700	660	784	336	424	387	710	790	713	324	596	751	631	419	561	
778	886	329	0	691	457	540	677	540	422	474	882	354	669	304	632	875	772	893	531	480	834	487	633	524	613	757	876	584	343	861	543	737	874	499	622	796	787	538	652	570	885	848	579	378	542	519	527	608	783	566	754	510	827	889	464	429	539	817	611	810	
894	336	366	691	0	466	634	771	576	533	377	770	348	395	664	443	586	475	748	634	886	575	479	664	572	593	331	870	395	726	482	612	870	730	833	695	699	609	590	422	475	456	645	321	700	868	501	350	737	472	410	722	495	586	448	578	513	328	603	732	554	
656	809	817	457	466	0	319	401	553	469	504	631	850	513	756	483	439	450	893	324	449	855	329	332	696	383	876	757	551	816	420	692	640	858	689	338	527	347	692	691	459	315	702	872	397	497	785	338	609	571	491	409	895	455	571	601	397	428	882	845	827	
640	676	876	540	634	319	0	576	633	822	850	742	328	766	876	460	847	315	750	491	629	853	636	444	601	764	635	618	889	352	573	703	617	750	697	504	397	544	880	333	795	338	887	768	820	623	695	657	584	438	859	316	590	321	690	460	486	521	732	531	356	
453	358	459	677	771	401	576	0	537	888	825	677	727	515	326	832	526	582	527	796	336	533	490	728	814	746	705	368	464	371	458	675	453	683	828	836	775	665	834	764	530	359	455	736	584	732	328	407	468	354	721	358	592	429	760	385	735	750	383	379	361	
781	562	857	540	576	553	633	537	0	321	725	592	535	654	647	869	307	599	459	418	604	344	571	666	631	437	433	581	754	813	420	579	454	856	558	481	433	704	613	774	611	691	351	736	634	366	848	609	667	575	852	365	317	712	782	493	601	326	752	437	679	
577	328	608	422	533	469	822	888	321	0	597	367	792	845	364	748	358	388	539	772	625	829	523	578	809	723	462	421	710	340	478	316	854	577	486	839	534	669	560	858	422	369	538	561	876	657	888	568	756	333	683	758	523	653	674	395	766	791	755	844	480	
852	413	892	474	377	504	850	825	725	597	0	505	364	464	629	354	796	853	415	742	318	557	305	336	377	817	350	861	670	887	332	731	465	508	414	655	806	559	861	424	384	458	542	581	858	416	659	349	856	359	606	854	465	739	795	829	405	843	516	706	617	
871	454	463	882	770	631	742	677	592	367	505	0	673	419	745	868	491	687	485	584	689	396	344	386	612	672	831	303	338	570	367	638	528	326	727	546	530	347	832	331	712	698	413	489	343	403	446	736	806	300	895	524	342	365	379	635	755	770	621	305	545	
837	731	781	354	348	850	328	727	535	792	364	673	0	639	606	312	388	847	643	541	898	537	744	378	543	375	897	650	865	645	766	559	427	845	846	493	492	578	736	567	850	355	372	427	661	384	494	451	724	384	337	380	472	549	796	518	894	358	791	770	541	
447	627	303	669	395	513	766	515	654	845	464	419	639	0	393	578	654	408	635	526	819	571	580	615	464	363	468	895	638	807	438	783	376	385	337	737	788	765	578	727	710	614	763	512	538	582	549	617	551	547	887	403	691	693	311	656	825	365	308	837	475	
409	618	316	304	664	756	876	326	647	364	629	745	606	393	0	562	847	315	573	768	314	592	738	858	534	655	750	420	723	476	565	632	848	696	851	347	503	525	830	420	713	627	551	467	490	783	612	897	702	362	549	501	794	326	894	698	497	818	674	419	627	
511	736	339	632	443	483	460	832	869	748	354	868	312	578	562	0	725	546	563	837	556	839	712	572	380	860	659	684	732	466	781	677	333	319	559	752	726	504	704	834	471	830	500	831	325	437	436	586	858	478	465	441	614	753	642	778	400	897	416	615	557	
422	405	563	875	586	439	847	526	307	358	796	491	388	654	847	725	0	813	364	750	512	502	798	775	788	431	739	396	365	667	409	805	892	618	843	696	561	892	595	738	446	612	678	307	762	344	406	832	835	311	363	712	630	503	572	386	642	492	580	872	656	
870	335	324	772	475	450	315	582	599	388	853	687	847	408	315	546	813	0	610	577	313	811	825	761	810	519	892	871	690	579	791	860	648	310	435	313	613	638	470	363	535	694	755	736	350	558	747	430	309	560	360	306	707	655	651	829	413	728	709	678	391	
465	330	348	893	748	893	750	527	459	539	415	485	643	635	573	563	364	610	0	818	362	627	844	526	599	844	427	351	591	502	302	730	600	540	855	794	434	435	828	868	427	874	448	541	344	705	796	539	696	540	887	887	706	893	735	884	370	825	612	400	850	
846	599	536	531	634	324	491	796	418	772	742	584	541	526	768	837	750	577	818	0	570	464	883	634	654	337	673	761	633	370	562	372	546	814	591	717	694	888	606	817	588	364	553	447	357	560	366	344	422	810	511	636	762	574	622	568	567	394	766	747	700	
898	430	667	480	886	449	629	336	604	625	318	689	898	819	314	556	512	313	362	570	0	419	493	779	314	812	712	888	720	563	330	558	512	741	573	788	378	485	577	760	884	318	329	515	465	640	631	698	525	416	671	553	873	633	425	811	576	381	501	726	795	
706	619	820	834	575	855	853	533	344	829	557	396	537	571	592	839	502	811	627	464	419	0	423	880	767	746	468	465	696	523	895	442	473	425	444	618	411	643	416	436	439	364	658	618	647	534	682	518	638	604	714	886	643	828	619	863	607	669	546	728	734	
518	489	781	487	479	329	636	490	571	523	305	344	744	580	738	712	798	825	844	883	493	423	0	321	550	585	502	741	782	484	436	360	409	390	548	557	454	867	729	401	363	328	792	774	701	471	577	551	615	874	619	813	527	461	301	529	480	599	425	799	856	
580	514	368	633	664	332	444	728	666	578	336	386	378	615	858	572	775	761	526	634	779	880	321	0	714	884	395	777	414	777	796	489	510	631	736	649	774	363	842	340	834	311	806	814	578	801	779	416	727	340	758	765	807	844	529	425	345	597	723	313	703	
642	536	309	524	572	696	601	814	631	809	377	612	543	464	534	380	788	810	599	654	314	767	550	714	0	427	324	340	754	737	301	841	318	567	543	687	879	776	884	480	730	615	622	844	730	435	707	446	656	585	546	390	465	596	706	737	895	870	672	640	673	
883	428	764	613	593	383	764	746	437	723	817	672	375	363	655	860	431	519	844	337	812	746	585	884	427	0	450	653	853	429	630	854	313	654	497	520	465	634	753	817	726	557	487	450	756	800	626	735	622	404	612	577	543	616	433	823	791	698	511	337	601	
554	613	766	757	331	876	635	705	433	462	350	831	897	468	750	659	739	892	427	673	712	468	502	395	324	450	0	622	837	486	321	330	458	734	530	659	682	713	766	641	711	521	364	881	442	519	636	593	410	855	699	323	456	581	363	387	550	803	681	305	429	
648	832	894	876	870	757	618	368	581	421	861	303	650	895	420	684	396	871	351	761	888	465	741	777	340	653	622	0	349	416	815	514	719	852	623	338	491	779	796	523	601	454	527	420	568	394	330	794	420	669	870	559	572	626	509	674	655	522	391	309	732	
353	680	552	584	395	551	889	464	754	710	670	338	865	638	723	732	365	690	591	633	720	696	782	414	754	853	837	349	0	749	505	373	689	866	842	358	638	680	716	666	567	840	561	709	553	412	426	703	828	485	760	713	729	447	311	683	559	634	385	813	477	
337	668	345	343	726	816	352	371	813	340	887	570	645	807	476	466	667	579	502	370	563	523	484	777	737	429	486	416	749	0	550	602	519	705	472	410	852	623	875	818	744	345	584	560	800	305	485	727	725	599	325	629	606	384	833	845	805	816	456	546	395	
648	647	639	861	482	420	573	458	420	478	332	367	766	438	565	781	409	791	302	562	330	895	436	796	301	630	321	815	505	550	0	361	753	630	783	323	320	306	550	385	804	449	564	651	829	551	480	417	572	598	852	417	884	491	727	496	452	324	507	711	308	
666	503	711	543	612	692	703	675	579	316	731	638	559	783	632	677	805	860	730	372	558	442	360	489	841	854	330	514	373	602	361	0	781	735	422	649	793	309	809	883	889	444	534	770	808	330	341	594	716	616	750	670	321	374	708	528	758	354	564	758	880	
543	589	583	737	870	640	617	453	454	854	465	528	427	376	848	333	892	648	600	546	512	473	409	510	318	313	458	719	689	519	753	781	0	479	843	639	655	595	722	514	489	507	353	882	544	796	617	564	570	375	344	381	798	683	556	683	737	663	720	772	527	
444	634	788	874	730	858	750	683	856	577	508	326	845	385	696	319	618	310	540	814	741	425	390	631	567	654	734	852	866	705	630	735	479	0	405	508	302	498	634	867	862	782	626	609	787	431	460	713	883	542	772	706	416	488	565	845	303	457	387	839	489	
655	786	753	499	833	689	697	828	558	486	414	727	846	337	851	559	843	435	855	591	573	444	548	736	543	497	530	623	842	472	783	422	843	405	0	342	533	782	431	794	480	605	831	753	643	533	863	469	843	807	730	743	550	353	447	853	479	716	659	752	759	
875	436	437	622	695	338	504	836	481	839	655	546	493	737	347	752	696	313	794	717	788	618	557	649	687	520	659	338	358	410	323	649	639	508	342	0	871	819	634	680	563	795	738	692	332	551	670	751	716	764	355	765	726	676	896	620	474	407	382	571	341	
831	654	668	796	699	527	397	775	433	534	806	530	492	788	503	726	561	613	434	694	378	411	454	774	879	465	682	491	638	852	320	793	655	302	533	871	0	895	333	648	360	455	629	349	785	630	602	434	562	809	398	612	747	457	473	580	638	644	393	387	523	
791	534	664	787	609	347	544	665	704	669	559	347	578	765	525	504	892	638	435	888	485	643	867	363	776	634	713	779	680	623	306	309	595	498	782	819	895	0	627	458	826	707	381	495	812	439	437	367	418	429	453	595	883	873	643	681	534	379	455	367	518	
669	715	552	538	590	692	880	834	613	560	861	832	736	578	830	704	595	470	828	606	577	416	729	842	884	753	766	796	716	875	550	809	722	634	431	634	333	627	0	388	788	654	339	560	399	666	400	371	872	464	618	677	629	337	480	873	478	830	323	462	866	
660	524	668	652	422	691	333	764	774	858	424	331	567	727	420	834	738	363	868	817	760	436	401	340	480	817	641	523	666	818	385	883	514	867	794	680	648	458	388	0	355	333	814	746	305	411	834	605	396	568	887	585	311	571	803	680	680	794	303	643	317	
892	882	455	570	475	459	795	530	611	422	384	712	850	710	713	471	446	535	427	588	884	439	363	834	730	726	711	601	567	744	804	889	489	862	480	563	360	826	788	355	0	399	702	633	404	577	687	830	327	571	571	758	593	512	307	503	880	771	364	882	433	
893	533	549	885	456	315	338	359	691	369	458	698	355	614	627	830	612	694	874	364	318	364	328	311	615	557	521	454	840	345	449	444	507	782	605	795	455	707	654	333	399	0	572	727	701	774	773	310	802	708	508	639	787	347	747	704	767	616	770	613	551	
679	746	400	848	645	702	887	455	351	538	542	413	372	763	551	500	678	755	448	553	329	658	792	806	622	487	364	527	561	584	564	534	353	626	831	738	629	381	339	814	702	572	0	399	377	497	700	842	704	577	323	892	825	678	715	833	352	687	893	565	872	
440	776	322	579	321	872	768	736	736	561	581	489	427	512	467	831	307	736	541	447	515	618	774	814	844	450	881	420	709	560	651	770	882	609	753	692	349	495	560	746	633	727	399	0	758	819	381	540	872	374	514	615	328	524	663	484	562	861	388	544	732	
758	526	895	378	700	397	820	584	634	876	858	343	661	538	490	325	762	350	344	357	465	647	701	578	730	756	442	568	553	800	829	808	544	787	643	332	785	812	399	305	404	701	377	758	0	567	335	378	727	387	610	558	839	757	365	725	451	750	758	354	817	
443	334	460	542	868	497	623	732	366	657	416	403	384	582	783	437	344	558	705	560	640	534	471	801	435	800	519	394	412	305	551	330	796	431	533	551	630	439	666	411	577	774	497	819	567	0	437	328	427	591	334	476	641	315	485	459	382	765	566	667	706	
436	350	700	519	501	785	695	328	848	888	659	446	494	549	612	436	406	747	796	366	631	682	577	779	707	626	636	330	426	485	480	341	617	460	863	670	602	437	400	834	687	773	700	381	335	437	0	660	567	604	768	552	626	552	867	577	782	791	333	304	388	
571	792	660	527	350	338	657	407	609	568	349	736	451	617	897	586	832	430	539	344	698	518	551	416	446	735	593	794	703	727	417	594	564	713	469	751	434	367	371	605	830	310	842	540	378	328	660	0	622	479	537	344	878	627	823	303	752	308	697	759	803	
721	668	784	608	737	609	584	468	667	756	856	806	724	551	702	858	835	309	696	422	525	638	615	727	656	622	410	420	828	725	572	716	570	883	843	716	562	418	872	396	327	802	704	872	727	427	567	622	0	408	597	676	727	527	518	738	729	680	598	459	597	
521	516	336	783	472	571	438	354	575	333	359	300	384	547	362	478	311	560	540	810	416	604	874	340	585	404	855	669	485	599	598	616	375	542	807	764	809	429	464	568	571	708	577	374	387	591	604	479	408	0	346	464	372	330	780	751	647	432	779	375	603	
314	559	424	566	410	491	859	721	852	683	606	895	337	887	549	465	363	360	887	511	671	714	619	758	546	612	699	870	760	325	852	750	344	772	730	355	398	453	618	887	571	508	323	514	610	334	768	537	597	346	0	449	740	866	756	871	606	562	696	808	570	
428	661	387	754	722	409	316	358	365	758	854	524	380	403	501	441	712	306	887	636	553	886	813	765	390	577	323	559	713	629	417	670	381	706	743	765	612	595	677	585	758	639	892	615	558	476	552	344	676	464	449	0	363	799	798	519	713	709	863	669	724	
793	820	710	510	495	895	590	592	317	523	465	342	472	691	794	614	630	707	706	762	873	643	527	807	465	543	456	572	729	606	884	321	798	416	550	726	747	883	629	311	593	787	825	328	839	641	626	878	727	372	740	363	0	487	863	562	426	449	517	711	889	
658	819	790	827	586	455	321	429	712	653	739	365	549	693	326	753	503	655	893	574	633	828	461	844	596	616	581	626	447	384	491	374	683	488	353	676	457	873	337	571	512	347	678	524	757	315	552	627	527	330	866	799	487	0	660	673	590	344	343	366	657	
677	327	713	889	448	571	690	760	782	674	795	379	796	311	894	642	572	651	735	622	425	619	301	529	706	433	363	509	311	833	727	708	556	565	447	896	473	643	480	803	307	747	715	663	365	485	867	823	518	780	756	798	863	660	0	650	808	820	757	578	603	
690	846	324	464	578	601	460	385	493	395	829	635	518	656	698	778	386	829	884	568	811	863	529	425	737	823	387	674	683	845	496	528	683	845	853	620	580	681	873	680	503	704	833	484	725	459	577	303	738	751	871	519	562	673	650	0	468	698	394	360	447	
652	648	596	429	513	397	486	735	601	766	405	755	894	825	497	400	642	413	370	567	576	607	480	345	895	791	550	655	559	805	452	758	737	303	479	474	638	534	478	680	880	767	352	562	451	382	782	752	729	647	606	713	426	590	808	468	0	515	773	813	344	
873	700	751	539	328	428	521	750	326	791	843	770	358	365	818	897	492	728	825	394	381	669	599	597	870	698	803	522	634	816	324	354	663	457	716	407	644	379	830	794	771	616	687	861	750	765	791	308	680	432	562	709	449	344	820	698	515	0	708	537	842	
322	829	631	817	603	882	732	383	752	755	516	621	791	308	674	416	580	709	612	766	501	546	425	723	672	511	681	391	385	456	507	564	720	387	659	382	393	455	323	303	364	770	893	388	758	566	333	697	598	779	696	863	517	343	757	394	773	708	0	511	772	
736	707	419	611	732	845	531	379	437	844	706	305	770	837	419	615	872	678	400	747	726	728	799	313	640	337	305	309	813	546	711	758	772	839	752	571	387	367	462	643	882	613	565	544	354	667	304	759	459	375	808	669	711	366	578	360	813	537	511	0	406	
489	401	561	810	554	827	356	361	679	480	617	545	541	475	627	557	656	391	850	700	795	734	856	703	673	601	429	732	477	395	308	880	527	489	759	341	523	518	866	317	433	551	872	732	817	706	388	803	597	603	570	724	889	657	603	447	344	842	772	406	0	
etats
Id_Station	Poids W	Min (P)	WSPT	Priorité	
1	4	307	76,75	29	
2	5	304	43,43	11	
3	7	306	306,00	54	
4	9	313	52,17	19	
5	9	305	305,00	52	
6	9	306	38,25	7	
7	6	303	60,60	22	
8	1	308	77,00	30	
9	2	303	303,00	48	
10	7	301	50,17	17	
11	1	307	34,11	3	
12	2	320	160,00	43	
13	6	318	45,43	15	
14	1	329	329,00	60	
15	8	302	75,50	27	
16	9	302	302,00	47	
17	8	306	61,20	24	
18	3	310	44,29	14	
19	4	300	150,00	40	
20	4	303	60,60	23	
21	6	311	311,00	57	
22	2	316	39,50	8	
23	8	318	39,75	9	
24	7	300	75,00	26	
25	9	300	300,00	44	
26	7	300	37,50	5	
27	6	308	102,67	37	
28	6	313	313,00	59	
29	1	308	77,00	31	
30	8	307	34,11	4	
31	6	326	54,33	21	
32	1	306	153,00	41	
33	1	311	311,00	58	
34	2	304	101,33	36	
35	4	300	300,00	45	
36	9	315	78,75	35	
37	8	325	54,17	20	
38	5	305	305,00	53	
39	3	319	106,33	38	
40	4	325	65,00	25	
41	7	322	40,25	10	
42	1	311	77,75	34	
43	9	308	44,00	13	
44	8	326	108,67	39	
45	5	303	303,00	49	
46	1	306	34,00	2	
47	1	309	77,25	32	
48	2	304	43,43	12	
49	3	307	307,00	55	
50	8	309	309,00	56	
51	5	309	77,25	33	
52	7	302	37,75	6	
53	1	334	47,71	16	
54	8	307	153,50	42	
55	1	301	33,44	1	
56	1	300	300,00	46	
57	3	304	304,00	51	
58	3	304	76,00	28	
59	2	303	303,00	50	
60	9	304	50,67	18	

