distances
0	628	334	706	599	611	474	702	736	450	553	303	478	398	435	884	732	835	325	428	487	761	429	375	423	696	652	898	334	476	877	781	377	481	869	509	753	639	528	590	464	477	535	465	766	631	445	438	300	414	322	525	812	744	585	403	894	523	681	825	770	
628	0	542	762	714	685	325	640	700	720	706	554	574	576	449	864	441	317	552	785	450	579	531	679	637	347	754	727	537	319	661	636	858	419	703	574	505	304	367	760	756	759	585	654	670	388	611	811	707	717	439	326	503	394	838	439	518	852	745	721	588	
334	542	0	500	619	476	414	853	607	416	762	721	456	368	718	600	852	588	355	376	790	628	461	817	773	784	444	423	560	859	560	771	333	386	601	385	712	395	519	313	636	844	731	790	873	676	897	658	502	737	323	608	736	807	469	786	853	393	513	612	608	
706	762	500	0	454	582	424	411	674	823	321	858	734	404	567	860	452	313	492	776	479	655	854	472	318	420	363	697	817	319	387	550	857	438	355	364	724	412	798	837	746	862	505	549	316	669	817	747	388	417	878	302	835	625	777	334	390	591	885	346	866	
599	714	619	454	0	580	539	780	805	440	552	689	564	507	357	615	402	768	449	663	896	688	546	584	573	718	734	805	562	318	528	341	729	664	833	416	714	724	834	412	684	734	559	512	477	547	334	411	789	629	375	457	589	630	490	620	438	672	348	487	533	
611	685	476	582	580	0	670	801	808	534	433	831	760	609	675	358	851	575	629	560	569	340	411	835	658	391	703	596	512	752	316	614	740	725	722	850	764	789	627	773	814	393	686	817	387	569	643	573	481	447	694	504	791	613	413	401	370	328	424	454	750	
474	325	414	424	539	670	0	808	436	761	676	380	462	884	522	725	748	845	770	363	890	482	890	747	698	819	884	843	664	894	825	672	806	347	458	499	813	598	553	777	328	777	572	680	447	854	300	554	533	658	891	495	882	416	475	649	392	568	873	605	408	
702	640	853	411	780	801	808	0	414	741	768	558	505	537	603	675	427	326	740	719	414	525	673	556	536	484	789	424	309	575	698	723	665	865	518	385	824	331	540	409	457	710	656	387	764	513	529	523	899	757	628	454	390	727	386	433	335	713	430	603	796	
736	700	607	674	805	808	436	414	0	801	883	715	354	828	488	752	326	713	761	760	404	723	456	522	535	413	577	484	779	579	740	736	693	766	648	425	785	739	656	634	416	660	493	649	463	752	653	500	636	501	406	720	413	392	744	759	414	757	334	441	841	
450	720	416	823	440	534	761	741	801	0	686	652	845	452	799	710	484	486	878	765	803	746	392	399	520	549	816	710	871	391	629	778	557	816	334	797	671	399	706	791	387	369	627	834	607	890	621	742	472	321	489	324	305	569	833	737	542	314	883	502	742	
553	706	762	321	552	433	676	768	883	686	0	898	883	849	808	379	522	807	464	661	464	510	374	351	401	709	596	332	625	359	618	895	337	815	313	337	845	408	695	557	780	597	406	491	707	878	378	353	881	751	327	508	765	478	738	828	638	679	458	447	625	
303	554	721	858	689	831	380	558	715	652	898	0	394	776	896	575	302	358	560	322	497	863	831	858	732	679	881	746	746	841	569	330	378	822	580	818	880	493	344	743	513	441	814	562	885	890	438	829	894	835	863	756	409	553	535	491	424	524	474	618	573	
478	574	456	734	564	760	462	505	354	845	883	394	0	721	486	890	347	678	527	574	472	401	541	728	375	673	875	322	566	610	492	870	741	370	349	533	642	716	717	510	608	416	597	575	854	663	460	783	340	412	802	676	731	689	381	579	741	869	480	737	311	
398	576	368	404	507	609	884	537	828	452	849	776	721	0	641	894	500	669	817	662	544	760	486	631	873	464	869	304	309	320	851	621	477	482	539	408	459	706	578	518	377	311	569	697	490	895	516	722	770	448	352	348	708	858	594	559	524	440	839	597	381	
435	449	718	567	357	675	522	603	488	799	808	896	486	641	0	865	618	673	495	812	838	701	667	463	767	700	476	488	399	552	363	514	462	469	619	543	755	452	332	617	888	698	302	739	770	724	575	859	731	473	783	648	494	615	835	389	840	853	441	693	354	
884	864	600	860	615	358	725	675	752	710	379	575	890	894	865	0	317	526	572	633	424	376	509	764	385	858	394	448	544	695	583	731	306	627	457	721	531	632	742	571	809	549	320	701	655	316	855	711	669	784	658	627	686	540	714	547	508	884	698	570	890	
732	441	852	452	402	851	748	427	326	484	522	302	347	500	618	317	0	574	316	420	739	637	616	349	832	843	304	741	633	324	532	560	497	818	513	311	738	867	425	702	333	465	728	518	786	598	344	758	476	436	549	528	681	387	757	526	428	610	586	530	494	
835	317	588	313	768	575	845	326	713	486	807	358	678	669	673	526	574	0	544	809	842	613	644	738	313	749	331	467	607	809	546	493	497	633	896	609	781	314	397	354	632	614	628	455	472	622	858	852	714	343	610	646	838	834	443	465	491	575	762	343	735	
325	552	355	492	449	629	770	740	761	878	464	560	527	817	495	572	316	544	0	693	596	507	719	663	487	463	393	327	499	817	680	879	359	490	629	814	681	508	631	557	518	749	750	832	669	578	455	472	628	722	786	438	359	713	550	609	451	709	506	602	444	
428	785	376	776	663	560	363	719	760	765	661	322	574	662	812	633	420	809	693	0	415	716	424	615	547	718	695	719	387	846	812	571	702	460	721	684	438	505	877	513	856	846	365	648	348	336	683	538	414	718	456	793	373	431	557	823	407	788	604	511	492	
487	450	790	479	896	569	890	414	404	803	464	497	472	544	838	424	739	842	596	415	0	647	592	697	695	517	888	447	351	369	799	823	392	595	617	394	623	432	840	694	423	375	409	607	888	457	310	664	763	602	426	846	317	762	846	333	822	300	638	324	877	
761	579	628	655	688	340	482	525	723	746	510	863	401	760	701	376	637	613	507	716	647	0	763	800	506	324	715	707	593	379	478	415	720	388	695	876	620	757	517	825	479	866	832	796	649	306	361	526	710	835	325	596	610	783	552	826	512	358	523	827	815	
429	531	461	854	546	411	890	673	456	392	374	831	541	486	667	509	616	644	719	424	592	763	0	864	856	513	795	757	567	594	615	585	336	878	787	778	849	501	871	760	491	499	441	399	817	609	358	731	716	738	524	344	444	669	316	366	406	690	622	435	730	
375	679	817	472	584	835	747	556	522	399	351	858	728	631	463	764	349	738	663	615	697	800	864	0	778	356	641	418	388	831	356	751	574	808	360	449	413	523	734	510	384	329	728	326	505	624	673	363	656	718	447	581	654	822	826	376	492	813	810	894	751	
423	637	773	318	573	658	698	536	535	520	401	732	375	873	767	385	832	313	487	547	695	506	856	778	0	833	394	537	652	817	445	474	657	417	458	505	322	451	427	572	431	578	582	791	602	341	868	883	738	337	725	725	716	481	653	338	884	464	741	762	662	
696	347	784	420	718	391	819	484	413	549	709	679	673	464	700	858	843	749	463	718	517	324	513	356	833	0	540	459	789	436	758	877	712	385	788	681	517	451	327	809	444	332	351	833	464	420	666	528	450	896	410	632	703	730	313	741	549	889	335	661	312	
652	754	444	363	734	703	884	789	577	816	596	881	875	869	476	394	304	331	393	695	888	715	795	641	394	540	0	859	440	507	424	412	308	567	710	746	785	455	511	365	813	401	745	829	877	518	875	541	338	392	654	558	641	511	740	775	491	329	635	817	301	
898	727	423	697	805	596	843	424	484	710	332	746	322	304	488	448	741	467	327	719	447	707	757	418	537	459	859	0	709	760	381	544	845	781	826	546	413	527	318	858	383	349	698	829	459	350	882	860	367	577	881	653	376	499	307	844	355	766	552	424	621	
334	537	560	817	562	512	664	309	779	871	625	746	566	309	399	544	633	607	499	387	351	593	567	388	652	789	440	709	0	554	644	523	327	729	472	746	726	444	793	541	659	766	832	865	697	445	761	553	411	758	698	736	582	865	356	898	383	618	507	793	416	
476	319	859	319	318	752	894	575	579	391	359	841	610	320	552	695	324	809	817	846	369	379	594	831	817	436	507	760	554	0	379	420	508	681	606	303	417	725	586	351	436	820	547	648	325	750	641	679	539	553	893	371	430	712	689	625	689	534	468	542	619	
877	661	560	387	528	316	825	698	740	629	618	569	492	851	363	583	532	546	680	812	799	478	615	356	445	758	424	381	644	379	0	777	372	717	384	339	425	700	408	322	369	335	710	410	303	775	312	769	848	832	414	516	621	701	596	771	671	314	582	714	607	
781	636	771	550	341	614	672	723	736	778	895	330	870	621	514	731	560	493	879	571	823	415	585	751	474	877	412	544	523	420	777	0	531	599	363	633	780	459	359	416	840	336	408	671	577	466	762	720	382	399	805	668	367	511	302	877	316	340	657	387	811	
377	858	333	857	729	740	806	665	693	557	337	378	741	477	462	306	497	497	359	702	392	720	336	574	657	712	308	845	327	508	372	531	0	844	487	316	402	640	754	662	704	803	799	421	521	857	590	743	604	509	681	893	744	632	555	432	375	364	451	556	789	
481	419	386	438	664	725	347	865	766	816	815	822	370	482	469	627	818	633	490	460	595	388	878	808	417	385	567	781	729	681	717	599	844	0	825	563	888	528	712	673	897	622	436	629	354	605	731	603	382	651	494	607	326	311	306	336	462	582	790	713	445	
869	703	601	355	833	722	458	518	648	334	313	580	349	539	619	457	513	896	629	721	617	695	787	360	458	788	710	826	472	606	384	363	487	825	0	313	380	485	678	822	319	753	562	882	478	709	708	396	618	620	376	783	362	582	306	569	715	673	469	737	854	
509	574	385	364	416	850	499	385	425	797	337	818	533	408	543	721	311	609	814	684	394	876	778	449	505	681	746	546	746	303	339	633	316	563	313	0	528	665	358	617	775	377	837	316	899	609	685	471	836	449	735	642	602	380	540	410	482	871	729	428	651	
753	505	712	724	714	764	813	824	785	671	845	880	642	459	755	531	738	781	681	438	623	620	849	413	322	517	785	413	726	417	425	780	402	888	380	528	0	407	696	640	861	478	461	687	751	880	568	619	805	373	809	438	502	331	701	776	681	520	316	521	708	
639	304	395	412	724	789	598	331	739	399	408	493	716	706	452	632	867	314	508	505	432	757	501	523	451	451	455	527	444	725	700	459	640	528	485	665	407	0	364	707	310	575	362	404	617	354	505	522	567	757	620	361	660	603	782	543	865	503	330	596	721	
528	367	519	798	834	627	553	540	656	706	695	344	717	578	332	742	425	397	631	877	840	517	871	734	427	327	511	318	793	586	408	359	754	712	678	358	696	364	0	359	544	323	502	621	755	414	627	360	795	348	608	563	798	515	338	608	435	376	698	661	318	
590	760	313	837	412	773	777	409	634	791	557	743	510	518	617	571	702	354	557	513	694	825	760	510	572	809	365	858	541	351	322	416	662	673	822	617	640	707	359	0	651	310	894	502	601	602	825	489	703	387	690	503	489	815	529	509	845	772	377	761	716	
464	756	636	746	684	814	328	457	416	387	780	513	608	377	888	809	333	632	518	856	423	479	491	384	431	444	813	383	659	436	369	840	704	897	319	775	861	310	544	651	0	454	612	423	733	380	444	306	894	419	809	674	429	776	360	723	865	851	375	859	627	
477	759	844	862	734	393	777	710	660	369	597	441	416	311	698	549	465	614	749	846	375	866	499	329	578	332	401	349	766	820	335	336	803	622	753	377	478	575	323	310	454	0	751	439	318	834	508	894	395	621	621	629	480	820	496	302	864	424	699	531	685	
535	585	731	505	559	686	572	656	493	627	406	814	597	569	302	320	728	628	750	365	409	832	441	728	582	351	745	698	832	547	710	408	799	436	562	837	461	362	502	894	612	751	0	408	858	433	712	630	427	686	646	578	306	554	645	422	818	557	370	726	366	
465	654	790	549	512	817	680	387	649	834	491	562	575	697	739	701	518	455	832	648	607	796	399	326	791	833	829	829	865	648	410	671	421	629	882	316	687	404	621	502	423	439	408	0	786	619	505	854	307	695	728	580	701	506	591	543	662	386	360	314	305	
766	670	873	316	477	387	447	764	463	607	707	885	854	490	770	655	786	472	669	348	888	649	817	505	602	464	877	459	697	325	303	577	521	354	478	899	751	617	755	601	733	318	858	786	0	727	340	400	635	342	832	803	595	371	448	431	430	588	371	457	724	
631	388	676	669	547	569	854	513	752	890	878	890	663	895	724	316	598	622	578	336	457	306	609	624	341	420	518	350	445	750	775	466	857	605	709	609	880	354	414	602	380	834	433	619	727	0	703	880	881	455	303	407	373	889	865	385	312	890	509	852	547	
445	611	897	817	334	643	300	529	653	621	378	438	460	516	575	855	344	858	455	683	310	361	358	673	868	666	875	882	761	641	312	762	590	731	708	685	568	505	627	825	444	508	712	505	340	703	0	492	393	814	415	411	477	687	643	536	851	630	569	844	639	
438	811	658	747	411	573	554	523	500	742	353	829	783	722	859	711	758	852	472	538	664	526	731	363	883	528	541	860	553	679	769	720	743	603	396	471	619	522	360	489	306	894	630	854	400	880	492	0	350	433	801	697	676	345	613	455	491	861	874	338	415	
300	707	502	388	789	481	533	899	636	472	881	894	340	770	731	669	476	714	628	414	763	710	716	656	738	450	338	367	411	539	848	382	604	382	618	836	805	567	795	703	894	395	427	307	635	881	393	350	0	889	553	783	435	759	587	300	899	334	645	880	674	
414	717	737	417	629	447	658	757	501	321	751	835	412	448	473	784	436	343	722	718	602	835	738	718	337	896	392	577	758	553	832	399	509	651	620	449	373	757	348	387	419	621	686	695	342	455	814	433	889	0	611	776	546	392	399	503	456	715	858	574	804	
322	439	323	878	375	694	891	628	406	489	327	863	802	352	783	658	549	610	786	456	426	325	524	447	725	410	654	881	698	893	414	805	681	494	376	735	809	620	608	690	809	621	646	728	832	303	415	801	553	611	0	740	544	534	839	793	369	321	670	387	413	
525	326	608	302	457	504	495	454	720	324	508	756	676	348	648	627	528	646	438	793	846	596	344	581	725	632	558	653	736	371	516	668	893	607	783	642	438	361	563	503	674	629	578	580	803	407	411	697	783	776	740	0	697	831	760	410	626	607	461	485	424	
812	503	736	835	589	791	882	390	413	305	765	409	731	708	494	686	681	838	359	373	317	610	444	654	716	703	641	376	582	430	621	367	744	326	362	602	502	660	798	489	429	480	306	701	595	373	477	676	435	546	544	697	0	702	373	508	691	557	420	735	563	
744	394	807	625	630	613	416	727	392	569	478	553	689	858	615	540	387	834	713	431	762	783	669	822	481	730	511	499	865	712	701	511	632	311	582	380	331	603	515	815	776	820	554	506	371	889	687	345	759	392	534	831	702	0	738	587	758	607	804	339	537	
585	838	469	777	490	413	475	386	744	833	738	535	381	594	835	714	757	443	550	557	846	552	316	826	653	313	740	307	356	689	596	302	555	306	306	540	701	782	338	529	360	496	645	591	448	865	643	613	587	399	839	760	373	738	0	498	816	407	386	783	651	
403	439	786	334	620	401	649	433	759	737	828	491	579	559	389	547	526	465	609	823	333	826	366	376	338	741	775	844	898	625	771	877	432	336	569	410	776	543	608	509	723	302	422	543	431	385	536	455	300	503	793	410	508	587	498	0	818	704	762	622	871	
894	518	853	390	438	370	392	335	414	542	638	424	741	524	840	508	428	491	451	407	822	512	406	492	884	549	491	355	383	689	671	316	375	462	715	482	681	865	435	845	865	864	818	662	430	312	851	491	899	456	369	626	691	758	816	818	0	679	300	776	511	
523	852	393	591	672	328	568	713	757	314	679	524	869	440	853	884	610	575	709	788	300	358	690	813	464	889	329	766	618	534	314	340	364	582	673	871	520	503	376	772	851	424	557	386	588	890	630	861	334	715	321	607	557	607	407	704	679	0	588	479	591	
681	745	513	885	348	424	873	430	334	883	458	474	480	839	441	698	586	762	506	604	638	523	622	810	741	335	635	552	507	468	582	657	451	790	469	729	316	330	698	377	375	699	370	360	371	509	569	874	645	858	670	461	420	804	386	762	300	588	0	412	633	
825	721	612	346	487	454	605	603	441	502	447	618	737	597	693	570	530	343	602	511	324	827	435	894	762	661	817	424	793	542	714	387	556	713	737	428	521	596	661	761	859	531	726	314	457	852	844	338	880	574	387	485	735	339	783	622	776	479	412	0	770	
770	588	608	866	533	750	408	796	841	742	625	573	311	381	354	890	494	735	444	492	877	815	730	751	662	312	301	621	416	619	607	811	789	445	854	651	708	721	318	716	627	685	366	305	724	547	639	415	674	804	413	424	563	537	651	871	511	591	633	770	0	
etats
Id_Station	Poids W	Min (P)	WSPT	Priorité	
1	2				
2	5				
3	8				
4	4				
5	1				
6	5				
7	8				
8	5				
9	9				
10	9				
11	3				
12	1				
13	7				
14	7				
15	1				
16	1				
17	5				
18	7				
19	6				
20	6				
21	7				
22	2				
23	8				
24	5				
25	1				
26	7				
27	1				
28	1				
29	6				
30	6				
31	9				
32	3				
33	7				
34	1				
35	5				
36	1				
37	9				
38	9				
39	4				
40	2				
41	7				
42	4				
43	3				
44	9				
45	1				
46	7				
47	2				
48	1				
49	1				
50	7				
51	1				
52	6				
53	6				
54	8				
55	7				
56	7				
57	1				
58	2				
59	4				
60	6				
	
