distances
0	686	738	644	882	853	447	898	319	867	890	435	478	428	347	679	570	394	634	463	573	682	457	866	563	444	695	708	451	650	409	398	502	445	301	406	406	481	770	818	306	658	655	685	342	813	487	496	663	368	775	464	727	368	774	395	621	608	889	731	841	
686	0	442	531	803	740	411	402	495	635	405	685	631	566	808	406	872	886	685	888	890	776	386	764	696	819	382	798	773	806	824	740	503	477	708	560	312	430	625	478	582	442	388	832	329	717	750	865	643	434	813	455	417	499	788	596	427	539	436	328	321	
738	442	0	678	358	514	500	567	304	836	862	624	428	745	532	459	408	825	571	413	437	786	604	781	532	871	808	632	345	369	899	402	494	843	832	796	816	749	402	337	727	814	351	733	582	428	310	624	636	751	749	765	616	661	735	622	564	328	665	434	853	
644	531	678	0	723	353	777	568	801	336	642	812	594	740	794	372	682	880	867	786	736	631	463	358	426	570	642	437	602	502	359	418	405	542	542	715	781	580	621	766	877	699	861	873	795	858	514	386	487	457	481	426	506	590	712	422	356	367	330	661	680	
882	803	358	723	0	875	484	722	320	783	509	615	450	823	636	669	523	308	566	353	420	761	399	728	873	338	663	605	718	814	394	897	832	388	606	708	499	391	761	690	371	514	894	875	311	411	816	892	335	698	307	582	810	450	660	521	645	437	428	684	309	
853	740	514	353	875	0	729	598	820	383	316	841	370	753	661	674	709	897	579	670	392	711	717	305	692	819	843	493	880	503	816	446	671	652	867	591	823	344	419	745	314	458	508	510	559	667	857	801	460	883	738	592	527	622	535	453	540	673	513	871	643	
447	411	500	777	484	729	0	711	672	771	626	849	732	473	419	673	580	549	696	773	514	774	682	750	519	705	846	668	321	365	329	835	424	810	703	761	466	324	525	893	762	524	359	524	606	521	630	372	767	575	896	652	605	818	602	860	409	638	496	829	577	
898	402	567	568	722	598	711	0	341	459	829	347	434	831	632	874	555	574	739	459	670	407	375	386	782	827	348	707	796	744	640	641	649	542	544	767	648	394	872	406	509	399	326	610	719	358	379	668	498	383	591	438	577	852	577	467	434	627	448	437	424	
319	495	304	801	320	820	672	341	0	464	355	656	847	438	604	841	567	494	774	786	699	833	888	830	490	609	572	609	679	634	684	501	419	848	341	307	368	421	468	416	328	685	306	393	595	364	328	495	502	880	849	743	497	653	449	846	611	374	321	340	626	
867	635	836	336	783	383	771	459	464	0	559	504	367	393	475	861	438	700	646	736	501	725	459	836	768	774	568	411	732	371	672	592	555	446	438	735	730	790	352	346	828	547	322	725	401	714	636	598	612	779	475	579	888	761	491	651	372	648	406	858	674	
890	405	862	642	509	316	626	829	355	559	0	337	550	402	417	433	681	698	432	315	846	346	518	723	510	603	406	353	862	351	408	578	342	539	310	864	791	451	881	747	399	506	657	689	887	872	629	343	705	315	641	508	820	384	830	772	670	359	781	733	508	
435	685	624	812	615	841	849	347	656	504	337	0	655	535	804	850	672	425	745	475	468	332	315	682	475	644	418	569	646	876	658	337	535	772	484	334	729	326	504	722	524	541	361	885	430	424	590	471	719	735	577	595	820	643	535	656	458	478	366	697	897	
478	631	428	594	450	370	732	434	847	367	550	655	0	651	636	646	331	469	709	873	610	673	422	300	383	738	787	410	742	891	574	777	779	594	717	644	888	316	833	532	390	363	892	721	344	578	403	444	691	859	305	410	859	386	395	864	302	850	761	508	524	
428	566	745	740	823	753	473	831	438	393	402	535	651	0	789	335	759	839	527	709	632	569	456	832	529	323	895	645	839	838	490	497	882	601	334	418	364	682	801	429	409	890	590	697	668	480	435	633	432	433	827	571	839	883	377	882	805	518	716	704	852	
347	808	532	794	636	661	419	632	604	475	417	804	636	789	0	813	726	884	387	672	393	864	356	639	652	428	632	328	606	490	628	322	626	537	674	360	858	683	368	489	681	575	360	724	890	780	432	481	712	679	791	806	592	595	306	692	736	468	403	773	305	
679	406	459	372	669	674	673	874	841	861	433	850	646	335	813	0	792	730	314	614	428	373	800	768	501	503	822	405	781	334	312	408	600	541	538	838	808	452	857	678	623	750	878	691	342	745	548	746	415	722	401	728	830	423	772	754	759	435	889	608	632	
570	872	408	682	523	709	580	555	567	438	681	672	331	759	726	792	0	632	418	673	682	519	491	449	511	435	809	748	654	717	833	692	312	452	619	424	548	342	703	547	333	812	521	709	666	796	413	438	434	630	503	886	368	456	819	419	562	607	471	301	856	
394	886	825	880	308	897	549	574	494	700	698	425	469	839	884	730	632	0	593	657	608	626	795	729	495	881	532	721	882	684	675	372	895	532	519	376	524	808	458	344	876	356	400	883	625	354	641	443	789	501	533	549	787	308	841	324	637	894	466	632	670	
634	685	571	867	566	579	696	739	774	646	432	745	709	527	387	314	418	593	0	358	387	555	465	707	839	696	597	525	557	779	826	433	586	615	645	816	811	552	385	854	681	844	874	817	351	380	499	482	643	305	728	567	587	624	733	589	824	620	695	796	762	
463	888	413	786	353	670	773	459	786	736	315	475	873	709	672	614	673	657	358	0	492	449	533	424	718	491	663	860	372	870	732	351	714	321	755	645	322	840	498	761	332	415	328	762	737	479	555	377	705	631	654	763	847	885	353	359	449	345	765	817	740	
573	890	437	736	420	392	514	670	699	501	846	468	610	632	393	428	682	608	387	492	0	342	826	704	851	584	839	880	420	533	834	478	881	502	791	559	863	600	440	565	388	348	623	752	410	460	505	765	697	449	742	446	388	447	576	349	399	378	751	661	772	
682	776	786	631	761	711	774	407	833	725	346	332	673	569	864	373	519	626	555	449	342	0	425	826	724	355	794	575	617	588	856	637	796	564	529	646	449	656	367	837	524	691	584	543	727	509	551	707	508	459	479	493	710	851	389	672	301	867	894	301	889	
457	386	604	463	399	717	682	375	888	459	518	315	422	456	356	800	491	795	465	533	826	425	0	780	704	617	784	629	406	614	375	381	597	635	665	303	383	737	751	636	499	715	426	353	673	770	321	417	710	659	437	328	873	797	750	531	462	762	617	323	361	
866	764	781	358	728	305	750	386	830	836	723	682	300	832	639	768	449	729	707	424	704	826	780	0	346	629	558	478	585	707	699	834	441	400	823	369	367	843	316	383	657	567	610	851	621	684	564	418	611	462	661	671	513	745	711	883	455	647	712	362	410	
563	696	532	426	873	692	519	782	490	768	510	475	383	529	652	501	511	495	839	718	851	724	704	346	0	526	624	715	687	312	513	444	703	699	419	756	708	897	840	451	833	528	351	697	556	607	409	582	781	550	792	453	851	411	871	492	881	692	680	648	526	
444	819	871	570	338	819	705	827	609	774	603	644	738	323	428	503	435	881	696	491	584	355	617	629	526	0	654	632	532	465	787	670	455	563	392	705	464	796	477	767	424	302	641	777	506	317	832	574	498	405	703	471	846	864	758	585	714	502	432	728	552	
695	382	808	642	663	843	846	348	572	568	406	418	787	895	632	822	809	532	597	663	839	794	784	558	624	654	0	506	349	699	586	826	663	500	478	890	484	348	616	324	491	613	823	808	676	844	388	412	899	541	817	489	562	444	810	402	436	745	538	656	331	
708	798	632	437	605	493	668	707	609	411	353	569	410	645	328	405	748	721	525	860	880	575	629	478	715	632	506	0	647	833	638	847	765	530	829	600	892	774	740	674	301	787	442	411	569	693	494	447	682	511	707	369	489	572	637	612	349	489	485	714	584	
451	773	345	602	718	880	321	796	679	732	862	646	742	839	606	781	654	882	557	372	420	617	406	585	687	532	349	647	0	518	406	870	530	705	527	610	871	399	529	350	300	638	360	624	566	538	828	421	484	847	745	453	454	320	776	709	623	341	578	653	831	
650	806	369	502	814	503	365	744	634	371	351	876	891	838	490	334	717	684	779	870	533	588	614	707	312	465	699	833	518	0	512	567	591	859	660	378	766	797	606	382	556	743	818	364	367	741	475	404	622	725	858	589	790	452	632	659	323	574	312	404	865	
409	824	899	359	394	816	329	640	684	672	408	658	574	490	628	312	833	675	826	732	834	856	375	699	513	787	586	638	406	512	0	852	639	474	468	719	580	318	788	651	448	747	380	698	615	758	674	535	753	671	511	489	553	533	416	652	661	563	384	347	452	
398	740	402	418	897	446	835	641	501	592	578	337	777	497	322	408	692	372	433	351	478	637	381	834	444	670	826	847	870	567	852	0	422	338	847	300	791	873	457	460	451	650	854	518	762	448	635	581	687	773	642	480	502	710	509	440	872	427	470	371	422	
502	503	494	405	832	671	424	649	419	555	342	535	779	882	626	600	312	895	586	714	881	796	597	441	703	455	663	765	530	591	639	422	0	627	559	866	859	486	373	727	761	301	350	373	739	621	381	459	531	474	466	841	614	426	503	538	413	413	792	307	314	
445	477	843	542	388	652	810	542	848	446	539	772	594	601	537	541	452	532	615	321	502	564	635	400	699	563	500	530	705	859	474	338	627	0	548	359	708	401	503	401	866	485	862	800	721	420	515	481	470	770	570	868	410	732	749	648	484	315	396	852	699	
301	708	832	542	606	867	703	544	341	438	310	484	717	334	674	538	619	519	645	755	791	529	665	823	419	392	478	829	527	660	468	847	559	548	0	542	674	531	889	300	315	617	886	851	382	600	603	723	730	679	747	511	654	692	487	335	866	723	808	462	734	
406	560	796	715	708	591	761	767	307	735	864	334	644	418	360	838	424	376	816	645	559	646	303	369	756	705	890	600	610	378	719	300	866	359	542	0	830	894	754	762	625	613	357	673	828	365	509	513	304	724	860	887	550	346	484	406	879	712	568	567	765	
406	312	816	781	499	823	466	648	368	730	791	729	888	364	858	808	548	524	811	322	863	449	383	367	708	464	484	892	871	766	580	791	859	708	674	830	0	855	828	651	723	457	769	362	310	883	681	319	859	619	792	877	375	886	427	818	579	317	313	730	480	
481	430	749	580	391	344	324	394	421	790	451	326	316	682	683	452	342	808	552	840	600	656	737	843	897	796	348	774	399	797	318	873	486	401	531	894	855	0	453	713	828	447	736	851	789	632	601	328	791	353	867	656	599	322	694	751	351	634	300	580	342	
770	625	402	621	761	419	525	872	468	352	881	504	833	801	368	857	703	458	385	498	440	367	751	316	840	477	616	740	529	606	788	457	373	503	889	754	828	453	0	866	606	749	387	611	714	700	861	528	512	708	364	594	785	510	490	418	442	474	737	706	586	
818	478	337	766	690	745	893	406	416	346	747	722	532	429	489	678	547	344	854	761	565	837	636	383	451	767	324	674	350	382	651	460	727	401	300	762	651	713	866	0	447	594	347	417	481	809	496	604	877	753	770	381	882	431	611	476	463	492	547	822	769	
306	582	727	877	371	314	762	509	328	828	399	524	390	409	681	623	333	876	681	332	388	524	499	657	833	424	491	301	300	556	448	451	761	866	315	625	723	828	606	447	0	899	588	337	843	844	505	503	618	805	574	674	881	434	852	839	679	649	373	558	814	
658	442	814	699	514	458	524	399	685	547	506	541	363	890	575	750	812	356	844	415	348	691	715	567	528	302	613	787	638	743	747	650	301	485	617	613	457	447	749	594	899	0	563	362	601	704	768	307	656	816	600	427	614	466	715	866	679	470	408	318	840	
655	388	351	861	894	508	359	326	306	322	657	361	892	590	360	878	521	400	874	328	623	584	426	610	351	641	823	442	360	818	380	854	350	862	886	357	769	736	387	347	588	563	0	319	886	807	799	674	802	683	630	873	435	731	542	436	766	782	708	683	771	
685	832	733	873	875	510	524	610	393	725	689	885	721	697	724	691	709	883	817	762	752	543	353	851	697	777	808	411	624	364	698	518	373	800	851	673	362	851	611	417	337	362	319	0	895	505	547	807	341	470	451	669	638	774	601	563	824	870	496	836	350	
342	329	582	795	311	559	606	719	595	401	887	430	344	668	890	342	666	625	351	737	410	727	673	621	556	506	676	569	566	367	615	762	739	721	382	828	310	789	714	481	843	601	886	895	0	816	483	790	873	591	342	341	743	787	818	617	873	414	366	362	413	
813	717	428	858	411	667	521	358	364	714	872	424	578	480	780	745	796	354	380	479	460	509	770	684	607	317	844	693	538	741	758	448	621	420	600	365	883	632	700	809	844	704	807	505	816	0	471	360	632	727	897	425	437	315	700	760	758	404	861	887	413	
487	750	310	514	816	857	630	379	328	636	629	590	403	435	432	548	413	641	499	555	505	551	321	564	409	832	388	494	828	475	674	635	381	515	603	509	681	601	861	496	505	768	799	547	483	471	0	378	331	507	544	377	695	700	770	726	628	559	319	432	305	
496	865	624	386	892	801	372	668	495	598	343	471	444	633	481	746	438	443	482	377	765	707	417	418	582	574	412	447	421	404	535	581	459	481	723	513	319	328	528	604	503	307	674	807	790	360	378	0	640	466	349	893	604	680	414	667	878	436	648	618	375	
663	643	636	487	335	460	767	498	502	612	705	719	691	432	712	415	434	789	643	705	697	508	710	611	781	498	899	682	484	622	753	687	531	470	730	304	859	791	512	877	618	656	802	341	873	632	331	640	0	522	821	421	479	850	481	508	360	564	831	845	877	
368	434	751	457	698	883	575	383	880	779	315	735	859	433	679	722	630	501	305	631	449	459	659	462	550	405	541	511	847	725	671	773	474	770	679	724	619	353	708	753	805	816	683	470	591	727	507	466	522	0	753	662	824	459	374	724	712	394	659	494	418	
775	813	749	481	307	738	896	591	849	475	641	577	305	827	791	401	503	533	728	654	742	479	437	661	792	703	817	707	745	858	511	642	466	570	747	860	792	867	364	770	574	600	630	451	342	897	544	349	821	753	0	668	514	897	646	846	550	821	647	397	891	
464	455	765	426	582	592	652	438	743	579	508	595	410	571	806	728	886	549	567	763	446	493	328	671	453	471	489	369	453	589	489	480	841	868	511	887	877	656	594	381	674	427	873	669	341	425	377	893	421	662	668	0	750	449	375	450	502	713	376	440	887	
727	417	616	506	810	527	605	577	497	888	820	820	859	839	592	830	368	787	587	847	388	710	873	513	851	846	562	489	454	790	553	502	614	410	654	550	375	599	785	882	881	614	435	638	743	437	695	604	479	824	514	750	0	331	433	374	486	739	320	366	822	
368	499	661	590	450	622	818	852	653	761	384	643	386	883	595	423	456	308	624	885	447	851	797	745	411	864	444	572	320	452	533	710	426	732	692	346	886	322	510	431	434	466	731	774	787	315	700	680	850	459	897	449	331	0	464	871	817	841	594	684	601	
774	788	735	712	660	535	602	577	449	491	830	535	395	377	306	772	819	841	733	353	576	389	750	711	871	758	810	637	776	632	416	509	503	749	487	484	427	694	490	611	852	715	542	601	818	700	770	414	481	374	646	375	433	464	0	371	489	890	429	405	582	
395	596	622	422	521	453	860	467	846	651	772	656	864	882	692	754	419	324	589	359	349	672	531	883	492	585	402	612	709	659	652	440	538	648	335	406	818	751	418	476	839	866	436	563	617	760	726	667	508	724	846	450	374	871	371	0	464	465	820	405	476	
621	427	564	356	645	540	409	434	611	372	670	458	302	805	736	759	562	637	824	449	399	301	462	455	881	714	436	349	623	323	661	872	413	484	866	879	579	351	442	463	679	679	766	824	873	758	628	878	360	712	550	502	486	817	489	464	0	836	499	426	353	
608	539	328	367	437	673	638	627	374	648	359	478	850	518	468	435	607	894	620	345	378	867	762	647	692	502	745	489	341	574	563	427	413	315	723	712	317	634	474	492	649	470	782	870	414	404	559	436	564	394	821	713	739	841	890	465	836	0	831	752	685	
889	436	665	330	428	513	496	448	321	406	781	366	761	716	403	889	471	466	695	765	751	894	617	712	680	432	538	485	578	312	384	470	792	396	808	568	313	300	737	547	373	408	708	496	366	861	319	648	831	659	647	376	320	594	429	820	499	831	0	513	599	
731	328	434	661	684	871	829	437	340	858	733	697	508	704	773	608	301	632	796	817	661	301	323	362	648	728	656	714	653	404	347	371	307	852	462	567	730	580	706	822	558	318	683	836	362	887	432	618	845	494	397	440	366	684	405	405	426	752	513	0	870	
841	321	853	680	309	643	577	424	626	674	508	897	524	852	305	632	856	670	762	740	772	889	361	410	526	552	331	584	831	865	452	422	314	699	734	765	480	342	586	769	814	840	771	350	413	413	305	375	877	418	891	887	822	601	582	476	353	685	599	870	0	
etats
Id_Station	Poids W	Min (P)	WSPT	Priorité	
1	1				
2	5				
3	1				
4	1				
5	5				
6	5				
7	4				
8	1				
9	3				
10	7				
11	4				
12	4				
13	2				
14	6				
15	4				
16	5				
17	9				
18	3				
19	9				
20	3				
21	2				
22	1				
23	5				
24	4				
25	5				
26	1				
27	5				
28	7				
29	7				
30	1				
31	2				
32	1				
33	1				
34	3				
35	7				
36	5				
37	3				
38	2				
39	6				
40	9				
41	2				
42	5				
43	4				
44	1				
45	8				
46	8				
47	8				
48	3				
49	5				
50	5				
51	2				
52	8				
53	9				
54	2				
55	9				
56	1				
57	6				
58	3				
59	5				
60	1				
