distances
0	612	353	646	532	373	874	815	410	483	617	484	422	319	629	666	775	634	397	657	537	865	858	567	726	614	431	758	569	837	698	651	399	468	603	695	740	629	844	312	400	401	746	808	361	403	352	403	685	772	321	820	516	398	615	622	876	721	623	700	352	
612	0	354	674	659	766	449	703	670	357	352	588	563	344	487	354	301	342	645	663	319	433	572	798	867	881	392	560	464	481	638	462	479	457	425	829	340	586	629	549	395	499	869	513	367	818	887	661	339	667	510	333	428	534	821	741	825	347	428	599	644	
353	354	0	860	693	783	767	551	335	425	331	753	351	898	375	351	610	671	807	638	571	852	684	661	703	326	828	495	660	363	784	579	402	538	475	830	654	337	779	478	784	634	444	560	376	883	500	878	515	627	752	654	834	786	625	578	539	475	806	884	609	
646	674	860	0	378	839	384	406	662	662	407	333	567	782	858	396	736	605	530	305	826	648	581	666	519	835	759	449	810	568	610	803	620	861	756	635	373	580	426	655	389	596	423	592	647	849	386	586	370	767	552	368	782	763	351	762	867	552	605	519	611	
532	659	693	378	0	860	737	829	359	873	759	441	757	437	661	632	613	370	334	485	568	836	711	376	527	506	441	771	533	393	629	512	356	734	687	763	636	650	644	615	634	728	439	735	592	678	364	369	439	721	781	771	418	704	368	746	612	548	531	768	527	
373	766	783	839	860	0	348	711	713	595	774	448	324	347	461	469	753	890	346	480	551	347	335	439	787	509	341	371	430	728	570	481	393	725	576	333	416	537	329	630	598	625	514	587	469	516	579	560	685	857	514	835	419	588	399	806	820	503	301	446	415	
874	449	767	384	737	348	0	398	517	335	309	454	627	797	347	578	661	304	484	866	392	798	629	465	441	552	791	861	856	841	833	538	386	344	587	312	762	636	361	757	486	673	610	581	698	579	485	595	795	442	452	305	470	599	508	510	465	571	755	879	768	
815	703	551	406	829	711	398	0	782	850	516	817	629	898	663	866	868	527	819	375	882	422	536	572	876	793	555	731	374	531	769	690	578	765	720	592	683	866	781	884	598	757	436	542	795	834	359	588	765	780	598	719	781	628	857	542	880	522	647	777	595	
410	670	335	662	359	713	517	782	0	877	309	740	472	599	879	798	622	593	498	393	502	853	307	415	705	596	675	460	648	436	714	822	356	510	790	834	677	532	435	635	475	605	775	815	554	466	304	677	849	422	615	581	599	616	703	617	358	417	490	888	383	
483	357	425	662	873	595	335	850	877	0	405	527	530	832	875	376	826	561	856	678	602	693	538	325	316	789	777	516	650	698	646	455	479	474	800	652	554	735	443	566	462	332	378	311	863	405	727	717	602	373	391	696	797	357	631	319	429	324	409	436	572	
617	352	331	407	759	774	309	516	309	405	0	757	891	420	339	789	325	480	891	688	359	731	548	579	794	853	329	717	473	773	391	361	758	428	502	714	312	576	506	422	861	549	642	879	441	556	663	358	362	446	536	452	407	319	689	678	393	342	749	797	641	
484	588	753	333	441	448	454	817	740	527	757	0	378	695	887	691	489	853	836	345	799	572	355	736	891	482	754	755	572	674	696	343	779	600	680	335	550	318	636	407	701	675	598	434	708	454	748	734	427	552	589	887	448	435	568	486	561	346	615	412	317	
422	563	351	567	757	324	627	629	472	530	891	378	0	675	445	496	425	535	833	454	319	598	527	883	709	624	738	439	746	746	885	465	763	743	826	807	843	337	810	546	300	323	602	891	846	301	388	684	685	776	300	502	729	451	869	518	702	544	627	779	834	
319	344	898	782	437	347	797	898	599	832	420	695	675	0	802	416	493	554	892	372	381	740	584	897	301	359	857	855	606	339	810	347	435	671	897	629	445	604	660	533	520	514	483	318	744	573	694	491	447	888	732	831	857	459	854	735	678	546	423	467	662	
629	487	375	858	661	461	347	663	879	875	339	887	445	802	0	881	437	350	544	773	818	524	548	789	537	682	818	573	319	490	563	516	338	453	622	632	367	380	810	384	502	602	397	511	366	664	633	711	571	458	642	809	365	695	370	652	597	863	736	841	734	
666	354	351	396	632	469	578	866	798	376	789	691	496	416	881	0	571	376	692	815	583	442	386	433	747	515	655	568	655	571	424	307	521	324	529	434	331	699	401	732	456	515	444	486	642	750	531	771	733	559	617	621	622	657	799	593	736	717	727	569	382	
775	301	610	736	613	753	661	868	622	826	325	489	425	493	437	571	0	788	361	426	858	315	843	748	750	816	415	761	784	798	432	874	616	303	693	559	836	579	324	888	881	415	311	677	718	771	785	626	539	515	848	436	544	854	740	496	718	604	320	758	395	
634	342	671	605	370	890	304	527	593	561	480	853	535	554	350	376	788	0	861	537	345	305	353	466	825	558	570	570	723	752	656	590	615	794	763	380	765	340	362	874	735	725	898	466	327	360	542	791	628	815	819	838	891	784	606	583	451	592	589	469	478	
397	645	807	530	334	346	484	819	498	856	891	836	833	892	544	692	361	861	0	348	609	505	820	883	531	750	519	826	814	402	528	439	582	451	803	716	715	661	431	704	315	639	643	508	344	489	576	331	375	746	361	386	484	305	853	897	333	558	483	355	421	
657	663	638	305	485	480	866	375	393	678	688	345	454	372	773	815	426	537	348	0	448	346	478	554	858	624	384	699	304	311	897	670	473	835	800	712	344	848	698	865	532	464	709	457	750	764	572	419	664	627	459	705	590	693	613	719	566	368	404	801	874	
537	319	571	826	568	551	392	882	502	602	359	799	319	381	818	583	858	345	609	448	0	621	875	494	340	336	523	618	582	663	440	488	563	675	878	583	302	731	532	630	394	691	878	300	376	369	628	483	433	720	757	524	724	405	862	377	896	595	873	873	555	
865	433	852	648	836	347	798	422	853	693	731	572	598	740	524	442	315	305	505	346	621	0	382	622	466	609	730	691	326	758	403	561	527	317	897	365	486	480	805	898	502	766	528	332	520	438	815	431	721	583	693	603	628	895	469	743	755	664	358	833	707	
858	572	684	581	711	335	629	536	307	538	548	355	527	584	548	386	843	353	820	478	875	382	0	858	864	715	592	648	573	686	491	539	627	608	754	636	617	712	606	678	805	873	300	354	831	323	466	798	716	686	356	326	333	732	673	320	330	573	545	424	410	
567	798	661	666	376	439	465	572	415	325	579	736	883	897	789	433	748	466	883	554	494	622	858	0	436	739	451	569	346	784	742	541	781	532	749	778	806	373	493	461	713	677	602	737	655	617	549	393	406	561	614	414	493	489	670	857	375	506	395	674	413	
726	867	703	519	527	787	441	876	705	316	794	891	709	301	537	747	750	825	531	858	340	466	864	436	0	784	323	663	409	537	701	894	474	770	764	539	489	481	383	484	595	492	523	450	482	708	878	687	763	408	526	628	374	367	368	847	417	556	862	385	629	
614	881	326	835	506	509	552	793	596	789	853	482	624	359	682	515	816	558	750	624	336	609	715	739	784	0	860	629	718	386	889	341	841	310	816	504	424	534	553	436	444	893	566	792	649	336	639	628	781	857	786	323	452	382	344	341	689	621	430	623	498	
431	392	828	759	441	341	791	555	675	777	329	754	738	857	818	655	415	570	519	384	523	730	592	451	323	860	0	580	826	375	764	697	478	849	500	897	631	516	776	412	794	775	770	505	780	889	381	377	820	688	462	755	440	393	891	347	746	388	653	302	636	
758	560	495	449	771	371	861	731	460	516	717	755	439	855	573	568	761	570	826	699	618	691	648	569	663	629	580	0	471	506	613	409	680	411	484	424	477	668	444	324	655	557	703	500	364	820	518	835	419	307	726	858	440	323	876	652	374	876	621	846	392	
569	464	660	810	533	430	856	374	648	650	473	572	746	606	319	655	784	723	814	304	582	326	573	346	409	718	826	471	0	866	320	381	400	429	786	497	754	733	551	337	406	766	682	567	757	311	797	332	603	462	387	402	592	849	897	783	485	771	708	445	322	
837	481	363	568	393	728	841	531	436	698	773	674	746	339	490	571	798	752	402	311	663	758	686	784	537	386	375	506	866	0	400	357	795	780	521	541	693	736	530	691	806	833	447	798	587	371	563	679	705	376	430	612	371	790	576	491	667	584	534	487	374	
698	638	784	610	629	570	833	769	714	646	391	696	885	810	563	424	432	656	528	897	440	403	491	742	701	889	764	613	320	400	0	893	726	486	807	633	553	887	356	559	836	868	798	442	396	446	739	362	850	803	822	698	341	757	755	657	532	830	385	475	507	
651	462	579	803	512	481	538	690	822	455	361	343	465	347	516	307	874	590	439	670	488	561	539	541	894	341	697	409	381	357	893	0	539	832	326	747	882	355	458	319	859	384	565	888	617	883	459	800	368	580	345	547	460	510	375	359	764	735	576	840	310	
399	479	402	620	356	393	386	578	356	479	758	779	763	435	338	521	616	615	582	473	563	527	627	781	474	841	478	680	400	795	726	539	0	564	840	501	690	480	328	505	508	370	675	359	719	746	371	351	896	895	358	480	517	623	521	322	887	861	340	688	401	
468	457	538	861	734	725	344	765	510	474	428	600	743	671	453	324	303	794	451	835	675	317	608	532	770	310	849	411	429	780	486	832	564	0	535	683	466	707	780	756	770	482	436	633	598	331	302	623	652	438	310	824	632	889	898	897	370	588	746	409	411	
603	425	475	756	687	576	587	720	790	800	502	680	826	897	622	529	693	763	803	800	878	897	754	749	764	816	500	484	786	521	807	326	840	535	0	491	886	427	510	878	845	428	344	341	460	764	745	478	346	649	395	425	617	689	673	876	508	845	507	638	796	
695	829	830	635	763	333	312	592	834	652	714	335	807	629	632	434	559	380	716	712	583	365	636	778	539	504	897	424	497	541	633	747	501	683	491	0	521	531	470	718	542	820	416	685	407	373	600	729	700	721	775	790	662	623	360	751	583	728	755	470	408	
740	340	654	373	636	416	762	683	677	554	312	550	843	445	367	331	836	765	715	344	302	486	617	806	489	424	631	477	754	693	553	882	690	466	886	521	0	303	881	404	795	776	875	379	624	690	618	500	827	816	803	447	727	574	354	631	372	639	660	510	568	
629	586	337	580	650	537	636	866	532	735	576	318	337	604	380	699	579	340	661	848	731	480	712	373	481	534	516	668	733	736	887	355	480	707	427	531	303	0	385	635	795	749	440	793	865	333	817	390	342	525	841	410	375	653	714	329	746	731	751	684	705	
844	629	779	426	644	329	361	781	435	443	506	636	810	660	810	401	324	362	431	698	532	805	606	493	383	553	776	444	551	530	356	458	328	780	510	470	881	385	0	356	453	417	671	718	519	353	766	560	678	527	802	304	681	578	553	436	647	433	417	321	615	
312	549	478	655	615	630	757	884	635	566	422	407	546	533	384	732	888	874	704	865	630	898	678	461	484	436	412	324	337	691	559	319	505	756	878	718	404	635	356	0	481	340	473	592	540	419	505	422	512	827	448	654	767	442	775	570	404	401	310	558	365	
400	395	784	389	634	598	486	598	475	462	861	701	300	520	502	456	881	735	315	532	394	502	805	713	595	444	794	655	406	806	836	859	508	770	845	542	795	795	453	481	0	628	858	832	789	378	457	433	412	703	418	678	707	622	694	547	498	742	683	312	375	
401	499	634	596	728	625	673	757	605	332	549	675	323	514	602	515	415	725	639	464	691	766	873	677	492	893	775	557	766	833	868	384	370	482	428	820	776	749	417	340	628	0	652	547	509	837	341	512	544	793	883	340	693	541	737	564	694	565	594	758	536	
746	869	444	423	439	514	610	436	775	378	642	598	602	483	397	444	311	898	643	709	878	528	300	602	523	566	770	703	682	447	798	565	675	436	344	416	875	440	671	473	858	652	0	590	510	540	530	702	690	417	676	588	486	847	407	543	544	305	322	863	561	
808	513	560	592	735	587	581	542	815	311	879	434	891	318	511	486	677	466	508	457	300	332	354	737	450	792	505	500	567	798	442	888	359	633	341	685	379	793	718	592	832	547	590	0	670	692	575	505	416	364	426	398	418	672	426	340	376	778	547	469	691	
361	367	376	647	592	469	698	795	554	863	441	708	846	744	366	642	718	327	344	750	376	520	831	655	482	649	780	364	757	587	396	617	719	598	460	407	624	865	519	540	789	509	510	670	0	411	418	493	889	889	309	822	392	769	378	755	353	650	693	323	671	
403	818	883	849	678	516	579	834	466	405	556	454	301	573	664	750	771	360	489	764	369	438	323	617	708	336	889	820	311	371	446	883	746	331	764	373	690	333	353	419	378	837	540	692	411	0	620	499	412	364	590	496	855	340	860	639	352	631	699	897	711	
352	887	500	386	364	579	485	359	304	727	663	748	388	694	633	531	785	542	576	572	628	815	466	549	878	639	381	518	797	563	739	459	371	302	745	600	618	817	766	505	457	341	530	575	418	620	0	851	843	796	305	568	869	448	375	742	780	442	857	697	611	
403	661	878	586	369	560	595	588	677	717	358	734	684	491	711	771	626	791	331	419	483	431	798	393	687	628	377	835	332	679	362	800	351	623	478	729	500	390	560	422	433	512	702	505	493	499	851	0	747	751	740	831	844	589	677	562	681	767	770	384	482	
685	339	515	370	439	685	795	765	849	602	362	427	685	447	571	733	539	628	375	664	433	721	716	406	763	781	820	419	603	705	850	368	896	652	346	700	827	342	678	512	412	544	690	416	889	412	843	747	0	893	620	874	376	433	562	748	617	710	375	416	405	
772	667	627	767	721	857	442	780	422	373	446	552	776	888	458	559	515	815	746	627	720	583	686	561	408	857	688	307	462	376	803	580	895	438	649	721	816	525	527	827	703	793	417	364	889	364	796	751	893	0	842	447	615	744	770	779	373	629	321	867	838	
321	510	752	552	781	514	452	598	615	391	536	589	300	732	642	617	848	819	361	459	757	693	356	614	526	786	462	726	387	430	822	345	358	310	395	775	803	841	802	448	418	883	676	426	309	590	305	740	620	842	0	678	762	780	445	632	877	638	663	897	653	
820	333	654	368	771	835	305	719	581	696	452	887	502	831	809	621	436	838	386	705	524	603	326	414	628	323	755	858	402	612	698	547	480	824	425	790	447	410	304	654	678	340	588	398	822	496	568	831	874	447	678	0	606	477	868	857	579	876	417	855	706	
516	428	834	782	418	419	470	781	599	797	407	448	729	857	365	622	544	891	484	590	724	628	333	493	374	452	440	440	592	371	341	460	517	632	617	662	727	375	681	767	707	693	486	418	392	855	869	844	376	615	762	606	0	602	561	373	811	623	419	362	668	
398	534	786	763	704	588	599	628	616	357	319	435	451	459	695	657	854	784	305	693	405	895	732	489	367	382	393	323	849	790	757	510	623	889	689	623	574	653	578	442	622	541	847	672	769	340	448	589	433	744	780	477	602	0	824	696	422	754	847	738	720	
615	821	625	351	368	399	508	857	703	631	689	568	869	854	370	799	740	606	853	613	862	469	673	670	368	344	891	876	897	576	755	375	521	898	673	360	354	714	553	775	694	737	407	426	378	860	375	677	562	770	445	868	561	824	0	835	890	765	529	314	804	
622	741	578	762	746	806	510	542	617	319	678	486	518	735	652	593	496	583	897	719	377	743	320	857	847	341	347	652	783	491	657	359	322	897	876	751	631	329	436	570	547	564	543	340	755	639	742	562	748	779	632	857	373	696	835	0	830	774	632	584	614	
876	825	539	867	612	820	465	880	358	429	393	561	702	678	597	736	718	451	333	566	896	755	330	375	417	689	746	374	485	667	532	764	887	370	508	583	372	746	647	404	498	694	544	376	353	352	780	681	617	373	877	579	811	422	890	830	0	718	374	624	634	
721	347	475	552	548	503	571	522	417	324	342	346	544	546	863	717	604	592	558	368	595	664	573	506	556	621	388	876	771	584	830	735	861	588	845	728	639	731	433	401	742	565	305	778	650	631	442	767	710	629	638	876	623	754	765	774	718	0	374	671	594	
623	428	806	605	531	301	755	647	490	409	749	615	627	423	736	727	320	589	483	404	873	358	545	395	862	430	653	621	708	534	385	576	340	746	507	755	660	751	417	310	683	594	322	547	693	699	857	770	375	321	663	417	419	847	529	632	374	374	0	864	405	
700	599	884	519	768	446	879	777	888	436	797	412	779	467	841	569	758	469	355	801	873	833	424	674	385	623	302	846	445	487	475	840	688	409	638	470	510	684	321	558	312	758	863	469	323	897	697	384	416	867	897	855	362	738	314	584	624	671	864	0	574	
352	644	609	611	527	415	768	595	383	572	641	317	834	662	734	382	395	478	421	874	555	707	410	413	629	498	636	392	322	374	507	310	401	411	796	408	568	705	615	365	375	536	561	691	671	711	611	482	405	838	653	706	668	720	804	614	634	594	405	574	0	
etats
Id_Station	Poids W	Min (P)	WSPT	Priorité	
1	3				
2	6				
3	9				
4	1				
5	6				
6	4				
7	4				
8	1				
9	9				
10	3				
11	1				
12	8				
13	4				
14	1				
15	2				
16	9				
17	6				
18	7				
19	5				
20	5				
21	4				
22	8				
23	9				
24	9				
25	3				
26	5				
27	5				
28	7				
29	1				
30	1				
31	6				
32	5				
33	9				
34	1				
35	6				
36	6				
37	1				
38	6				
39	1				
40	9				
41	2				
42	6				
43	3				
44	4				
45	9				
46	8				
47	2				
48	1				
49	2				
50	5				
51	9				
52	1				
53	5				
54	9				
55	6				
56	4				
57	2				
58	8				
59	3				
60	1				
