distances
0	743	519	710	679	681	419	814	540	768	758	563	711	746	410	615	492	857	887	345	401	626	843	331	318	606	724	554	434	549	395	668	336	531	445	859	679	843	305	435	651	494	501	708	325	409	623	774	398	859	763	599	419	417	411	755	791	865	652	421	324	
743	0	566	653	353	762	486	677	413	363	679	513	515	444	864	302	564	812	856	433	671	349	345	638	303	524	515	378	559	883	877	521	508	549	751	447	498	879	723	549	820	491	458	630	597	801	786	572	504	814	664	832	709	666	552	611	824	587	678	308	433	
519	566	0	375	382	591	735	444	784	898	858	720	394	461	766	818	530	437	848	881	668	325	314	603	858	306	501	427	518	365	832	581	844	692	616	386	816	445	856	741	649	457	398	615	839	450	333	361	722	373	577	723	369	610	577	711	560	304	740	606	798	
710	653	375	0	493	420	892	634	456	554	351	433	476	767	786	420	538	767	305	629	794	867	418	454	627	608	451	524	553	801	306	523	698	393	836	452	438	496	304	323	483	717	806	369	869	784	645	557	649	879	485	791	799	745	543	709	693	702	755	864	680	
679	353	382	493	0	367	873	514	581	542	657	692	358	379	475	770	888	609	610	751	410	725	313	322	787	778	500	423	554	418	648	849	511	666	866	712	472	484	638	745	772	729	503	514	508	321	782	429	638	674	663	381	545	518	894	549	558	608	656	741	778	
681	762	591	420	367	0	827	618	508	762	775	674	305	673	870	507	827	862	303	650	421	838	525	521	778	897	467	751	409	475	519	504	655	355	893	385	680	512	676	792	679	873	544	584	420	338	535	457	861	390	459	675	764	433	463	415	652	513	442	570	597	
419	486	735	892	873	827	0	333	600	650	412	860	770	532	417	894	881	894	345	304	753	401	380	638	324	364	556	578	389	798	624	488	311	805	727	780	468	873	396	537	343	870	497	433	427	712	332	811	458	830	360	859	641	727	660	848	477	723	553	894	402	
814	677	444	634	514	618	333	0	708	864	829	893	790	870	560	421	799	843	381	751	353	436	571	555	341	562	852	538	432	348	664	748	325	473	752	850	812	735	311	676	445	417	489	748	803	576	842	353	617	337	877	887	541	503	739	325	682	727	720	432	390	
540	413	784	456	581	508	600	708	0	315	805	375	616	308	458	691	881	625	327	447	394	813	725	321	600	678	519	520	595	379	658	888	580	351	647	662	427	314	361	563	336	817	705	344	838	362	519	592	633	562	512	386	408	578	360	451	465	366	665	800	321	
768	363	898	554	542	762	650	864	315	0	432	314	695	560	326	428	881	387	591	366	358	306	461	521	608	862	695	339	863	492	570	723	812	777	624	620	688	489	677	889	314	348	302	584	422	614	463	376	414	742	365	839	480	787	534	862	763	751	751	546	330	
758	679	858	351	657	775	412	829	805	432	0	729	495	361	553	741	847	393	408	562	878	435	825	348	736	429	856	562	723	373	740	697	708	643	539	384	560	446	398	752	644	645	330	835	489	588	390	778	813	516	386	584	458	600	715	638	352	768	829	697	580	
563	513	720	433	692	674	860	893	375	314	729	0	715	331	426	850	530	889	600	835	371	406	710	437	533	844	893	360	417	407	755	787	872	370	457	491	600	805	520	828	395	761	455	755	639	757	745	766	788	334	333	456	362	559	777	538	777	659	540	796	448	
711	515	394	476	358	305	770	790	616	695	495	715	0	323	534	824	799	508	744	867	899	796	501	861	647	589	642	420	778	305	824	374	622	728	695	629	460	721	757	817	784	637	692	498	884	570	653	675	603	472	791	805	717	799	763	533	819	473	507	311	360	
746	444	461	767	379	673	532	870	308	560	361	331	323	0	373	561	671	773	396	573	633	428	841	708	427	838	708	823	469	615	742	862	369	645	889	444	800	542	416	709	678	516	458	676	497	827	327	432	387	778	688	893	599	500	756	498	820	503	496	520	656	
410	864	766	786	475	870	417	560	458	326	553	426	534	373	0	623	876	406	708	705	728	574	614	444	821	319	820	345	354	351	436	395	873	379	609	682	675	875	842	722	303	612	418	698	604	875	473	619	368	560	332	740	878	678	362	868	580	837	579	773	827	
615	302	818	420	770	507	894	421	691	428	741	850	824	561	623	0	569	733	695	536	869	381	400	667	561	325	712	857	637	844	356	657	438	892	799	861	497	341	420	668	447	687	387	303	334	729	364	439	376	435	867	885	455	778	612	444	857	816	480	458	811	
492	564	530	538	888	827	881	799	881	881	847	530	799	671	876	569	0	613	819	764	793	510	310	762	846	429	895	720	389	883	372	787	439	773	749	672	575	419	500	735	413	796	350	691	599	839	553	444	302	733	529	370	701	626	674	338	438	601	823	540	788	
857	812	437	767	609	862	894	843	625	387	393	889	508	773	406	733	613	0	355	655	885	518	852	630	756	600	805	551	802	435	773	593	672	484	785	351	337	829	415	666	732	727	801	630	423	502	695	567	521	851	597	331	404	573	836	769	859	748	700	700	463	
887	856	848	305	610	303	345	381	327	591	408	600	744	396	708	695	819	355	0	300	701	543	359	783	423	508	598	405	700	504	618	482	589	596	388	719	753	788	444	899	457	894	579	481	566	853	635	791	462	306	408	654	876	394	664	871	622	338	812	403	828	
345	433	881	629	751	650	304	751	447	366	562	835	867	573	705	536	764	655	300	0	841	522	390	677	381	354	422	825	611	678	357	836	703	481	816	349	871	617	757	671	377	630	642	356	753	350	321	310	521	817	896	737	456	650	498	418	379	619	777	611	873	
401	671	668	794	410	421	753	353	394	358	878	371	899	633	728	869	793	885	701	841	0	632	501	444	670	717	520	533	393	440	891	476	521	835	604	896	309	676	322	631	428	634	654	523	801	806	757	605	463	739	522	489	434	301	898	334	675	783	424	675	737	
626	349	325	867	725	838	401	436	813	306	435	406	796	428	574	381	510	518	543	522	632	0	580	583	814	648	788	654	883	535	696	424	898	660	769	457	564	775	731	487	729	774	759	679	680	353	485	389	388	665	307	498	676	495	311	832	546	505	832	583	873	
843	345	314	418	313	525	380	571	725	461	825	710	501	841	614	400	310	852	359	390	501	580	0	449	648	853	854	362	346	425	429	410	556	529	454	778	411	449	499	709	834	731	431	675	328	646	671	584	714	679	481	806	798	668	596	380	573	452	887	440	440	
331	638	603	454	322	521	638	555	321	521	348	437	861	708	444	667	762	630	783	677	444	583	449	0	565	689	673	446	418	486	890	752	762	461	615	545	376	537	734	326	424	527	368	338	585	407	330	744	341	499	334	703	436	502	837	834	548	595	387	839	808	
318	303	858	627	787	778	324	341	600	608	736	533	647	427	821	561	846	756	423	381	670	814	648	565	0	467	772	562	525	372	504	755	816	421	377	366	881	785	566	406	739	595	666	846	719	850	818	307	857	765	349	472	744	438	561	696	531	742	794	363	331	
606	524	306	608	778	897	364	562	678	862	429	844	589	838	319	325	429	600	508	354	717	648	853	689	467	0	818	574	413	552	714	776	616	830	752	350	613	440	363	887	787	476	778	700	771	416	784	324	893	455	649	441	475	861	667	618	383	798	614	478	875	
724	515	501	451	500	467	556	852	519	695	856	893	642	708	820	712	895	805	598	422	520	788	854	673	772	818	0	768	523	731	675	499	734	614	792	338	591	408	492	511	556	644	721	740	498	622	368	766	595	667	735	508	682	861	514	472	362	753	584	545	410	
554	378	427	524	423	751	578	538	520	339	562	360	420	823	345	857	720	551	405	825	533	654	362	446	562	574	768	0	365	354	821	684	893	451	756	463	331	719	764	648	637	854	476	416	656	786	800	622	859	489	842	358	417	661	323	361	876	872	726	603	360	
434	559	518	553	554	409	389	432	595	863	723	417	778	469	354	637	389	802	700	611	393	883	346	418	525	413	523	365	0	407	324	894	827	423	667	561	389	781	341	774	799	477	657	569	428	757	572	874	686	590	724	744	581	491	763	768	663	357	348	666	566	
549	883	365	801	418	475	798	348	379	492	373	407	305	615	351	844	883	435	504	678	440	535	425	486	372	552	731	354	407	0	635	526	528	582	485	361	465	686	318	770	637	497	631	624	780	764	674	737	702	494	888	752	505	895	605	608	407	515	608	354	529	
395	877	832	306	648	519	624	664	658	570	740	755	824	742	436	356	372	773	618	357	891	696	429	890	504	714	675	821	324	635	0	334	817	601	705	468	695	531	318	432	671	631	504	422	483	590	735	873	617	546	825	651	586	899	305	875	763	336	860	399	638	
668	521	581	523	849	504	488	748	888	723	697	787	374	862	395	657	787	593	482	836	476	424	410	752	755	776	499	684	894	526	334	0	754	616	623	883	548	468	676	833	352	483	424	461	420	531	720	650	505	600	609	707	499	334	735	438	391	809	696	542	554	
336	508	844	698	511	655	311	325	580	812	708	872	622	369	873	438	439	672	589	703	521	898	556	762	816	616	734	893	827	528	817	754	0	390	583	727	315	650	493	326	807	731	742	797	393	895	688	707	563	474	761	470	558	574	314	672	606	881	478	336	691	
531	549	692	393	666	355	805	473	351	777	643	370	728	645	379	892	773	484	596	481	835	660	529	461	421	830	614	451	423	582	601	616	390	0	549	301	743	709	457	890	841	547	458	395	496	896	764	382	685	529	836	484	649	700	691	753	472	703	800	887	731	
445	751	616	836	866	893	727	752	647	624	539	457	695	889	609	799	749	785	388	816	604	769	454	615	377	752	792	756	667	485	705	623	583	549	0	678	490	380	879	631	643	806	632	312	648	441	387	421	521	586	553	507	619	462	405	392	386	582	843	784	713	
859	447	386	452	712	385	780	850	662	620	384	491	629	444	682	861	672	351	719	349	896	457	778	545	366	350	338	463	561	361	468	883	727	301	678	0	608	777	846	677	391	844	805	762	616	350	847	483	388	419	357	762	544	347	504	584	705	702	655	464	422	
679	498	816	438	472	680	468	812	427	688	560	600	460	800	675	497	575	337	753	871	309	564	411	376	881	613	591	331	389	465	695	548	315	743	490	608	0	854	745	847	783	849	834	412	587	480	392	731	877	612	573	452	874	484	369	715	525	801	697	323	451	
843	879	445	496	484	512	873	735	314	489	446	805	721	542	875	341	419	829	788	617	676	775	449	537	785	440	408	719	781	686	531	468	650	709	380	777	854	0	833	785	304	441	769	672	448	884	591	348	843	812	483	405	365	855	745	829	858	619	659	616	434	
305	723	856	304	638	676	396	311	361	677	398	520	757	416	842	420	500	415	444	757	322	731	499	734	566	363	492	764	341	318	318	676	493	457	879	846	745	833	0	461	807	776	799	465	372	888	658	465	706	883	849	561	725	430	540	866	349	602	304	640	692	
435	549	741	323	745	792	537	676	563	889	752	828	817	709	722	668	735	666	899	671	631	487	709	326	406	887	511	648	774	770	432	833	326	890	631	677	847	785	461	0	435	486	676	404	763	336	586	578	588	738	466	678	459	595	456	542	506	801	567	429	792	
651	820	649	483	772	679	343	445	336	314	644	395	784	678	303	447	413	732	457	377	428	729	834	424	739	787	556	637	799	637	671	352	807	841	643	391	783	304	807	435	0	547	848	788	328	563	449	751	339	367	713	540	764	449	798	446	760	457	359	491	660	
494	491	457	717	729	873	870	417	817	348	645	761	637	516	612	687	796	727	894	630	634	774	731	527	595	476	644	854	477	497	631	483	731	547	806	844	849	441	776	486	547	0	817	736	579	825	896	318	504	804	591	678	322	811	751	684	800	696	574	447	680	
501	458	398	806	503	544	497	489	705	302	330	455	692	458	418	387	350	801	579	642	654	759	431	368	666	778	721	476	657	631	504	424	742	458	632	805	834	769	799	676	848	817	0	889	569	702	615	521	826	444	708	478	460	673	600	556	356	444	303	856	558	
708	630	615	369	514	584	433	748	344	584	835	755	498	676	698	303	691	630	481	356	523	679	675	338	846	700	740	416	569	624	422	461	797	395	312	762	412	672	465	404	788	736	889	0	897	862	873	505	689	806	321	430	422	848	335	574	638	682	522	359	553	
325	597	839	869	508	420	427	803	838	422	489	639	884	497	604	334	599	423	566	753	801	680	328	585	719	771	498	656	428	780	483	420	393	496	648	616	587	448	372	763	328	579	569	897	0	584	620	353	605	386	799	827	780	763	772	568	898	710	324	391	602	
409	801	450	784	321	338	712	576	362	614	588	757	570	827	875	729	839	502	853	350	806	353	646	407	850	416	622	786	757	764	590	531	895	896	441	350	480	884	888	336	563	825	702	862	584	0	847	416	702	323	396	435	737	483	890	424	757	619	815	654	617	
623	786	333	645	782	535	332	842	519	463	390	745	653	327	473	364	553	695	635	321	757	485	671	330	818	784	368	800	572	674	735	720	688	764	387	847	392	591	658	586	449	896	615	873	620	847	0	875	317	812	898	354	607	431	304	847	813	818	563	579	483	
774	572	361	557	429	457	811	353	592	376	778	766	675	432	619	439	444	567	791	310	605	389	584	744	307	324	766	622	874	737	873	650	707	382	421	483	731	348	465	578	751	318	521	505	353	416	875	0	773	887	523	413	627	312	381	309	363	583	320	708	653	
398	504	722	649	638	861	458	617	633	414	813	788	603	387	368	376	302	521	462	521	463	388	714	341	857	893	595	859	686	702	617	505	563	685	521	388	877	843	706	588	339	504	826	689	605	702	317	773	0	418	341	555	829	676	799	818	470	716	527	725	669	
859	814	373	879	674	390	830	337	562	742	516	334	472	778	560	435	733	851	306	817	739	665	679	499	765	455	667	489	590	494	546	600	474	529	586	419	612	812	883	738	367	804	444	806	386	323	812	887	418	0	819	639	868	688	595	331	759	450	715	688	559	
763	664	577	485	663	459	360	877	512	365	386	333	791	688	332	867	529	597	408	896	522	307	481	334	349	649	735	842	724	888	825	609	761	836	553	357	573	483	849	466	713	591	708	321	799	396	898	523	341	819	0	853	496	840	826	697	635	309	857	465	688	
599	832	723	791	381	675	859	887	386	839	584	456	805	893	740	885	370	331	654	737	489	498	806	703	472	441	508	358	744	752	651	707	470	484	507	762	452	405	561	678	540	678	478	430	827	435	354	413	555	639	853	0	769	342	750	725	876	516	750	743	825	
419	709	369	799	545	764	641	541	408	480	458	362	717	599	878	455	701	404	876	456	434	676	798	436	744	475	682	417	581	505	586	499	558	649	619	544	874	365	725	459	764	322	460	422	780	737	607	627	829	868	496	769	0	825	626	386	366	646	851	850	780	
417	666	610	745	518	433	727	503	578	787	600	559	799	500	678	778	626	573	394	650	301	495	668	502	438	861	861	661	491	895	899	334	574	700	462	347	484	855	430	595	449	811	673	848	763	483	431	312	676	688	840	342	825	0	717	806	383	845	471	668	306	
411	552	577	543	894	463	660	739	360	534	715	777	763	756	362	612	674	836	664	498	898	311	596	837	561	667	514	323	763	605	305	735	314	691	405	504	369	745	540	456	798	751	600	335	772	890	304	381	799	595	826	750	626	717	0	588	762	564	645	365	684	
755	611	711	709	549	415	848	325	451	862	638	538	533	498	868	444	338	769	871	418	334	832	380	834	696	618	472	361	768	608	875	438	672	753	392	584	715	829	866	542	446	684	556	574	568	424	847	309	818	331	697	725	386	806	588	0	412	395	470	302	311	
791	824	560	693	558	652	477	682	465	763	352	777	819	820	580	857	438	859	622	379	675	546	573	548	531	383	362	876	663	407	763	391	606	472	386	705	525	858	349	506	760	800	356	638	898	757	813	363	470	759	635	876	366	383	762	412	0	449	699	584	472	
865	587	304	702	608	513	723	727	366	751	768	659	473	503	837	816	601	748	338	619	783	505	452	595	742	798	753	872	357	515	336	809	881	703	582	702	801	619	602	801	457	696	444	682	710	619	818	583	716	450	309	516	646	845	564	395	449	0	893	894	715	
652	678	740	755	656	442	553	720	665	751	829	540	507	496	579	480	823	700	812	777	424	832	887	387	794	614	584	726	348	608	860	696	478	800	843	655	697	659	304	567	359	574	303	522	324	815	563	320	527	715	857	750	851	471	645	470	699	893	0	450	359	
421	308	606	864	741	570	894	432	800	546	697	796	311	520	773	458	540	700	403	611	675	583	440	839	363	478	545	603	666	354	399	542	336	887	784	464	323	616	640	429	491	447	856	359	391	654	579	708	725	688	465	743	850	668	365	302	584	894	450	0	653	
324	433	798	680	778	597	402	390	321	330	580	448	360	656	827	811	788	463	828	873	737	873	440	808	331	875	410	360	566	529	638	554	691	731	713	422	451	434	692	792	660	680	558	553	602	617	483	653	669	559	688	825	780	306	684	311	472	715	359	653	0	
etats
Id_Station	Poids W	Min (P)	WSPT	Priorité	
1	7				
2	1				
3	4				
4	3				
5	3				
6	6				
7	1				
8	5				
9	1				
10	3				
11	1				
12	1				
13	6				
14	1				
15	1				
16	1				
17	2				
18	9				
19	2				
20	5				
21	9				
22	8				
23	2				
24	9				
25	2				
26	7				
27	4				
28	8				
29	6				
30	6				
31	3				
32	3				
33	7				
34	5				
35	6				
36	8				
37	9				
38	8				
39	2				
40	4				
41	4				
42	3				
43	3				
44	4				
45	8				
46	3				
47	8				
48	2				
49	2				
50	3				
51	6				
52	7				
53	8				
54	3				
55	6				
56	7				
57	8				
58	7				
59	1				
60	1				
	
