distances
0	728	627	300	746	636	420	746	397	877	844	377	660	745	435	368	638	345	456	384	395	881	423	814	530	887	783	675	300	671	314	866	485	431	376	704	422	358	713	770	560	515	386	313	779	548	442	880	385	700	633	855	369	642	744	863	645	486	741	498	432	
728	0	718	750	459	443	569	816	810	498	743	816	688	532	730	435	418	344	517	706	577	595	771	478	700	654	771	821	425	628	679	573	340	419	405	550	593	612	445	430	805	625	762	492	827	716	522	379	481	310	798	389	303	877	358	733	718	534	780	486	372	
627	718	0	536	722	792	464	321	492	560	421	706	733	688	534	406	726	612	896	646	612	701	583	864	339	708	616	375	310	347	356	787	444	532	776	574	533	398	436	425	320	759	856	830	537	767	708	599	432	824	780	459	615	672	414	635	747	587	674	638	833	
300	750	536	0	487	375	801	558	431	736	829	754	631	564	411	840	305	836	474	631	402	479	643	763	803	724	491	359	539	793	874	334	543	420	783	603	533	887	323	742	886	484	378	397	598	882	660	713	834	533	873	865	435	369	370	859	589	859	764	632	629	
746	459	722	487	0	492	555	855	515	303	543	458	459	683	613	512	594	732	616	367	551	796	638	555	313	310	517	426	621	444	349	656	518	425	387	396	664	672	522	470	672	332	440	332	386	411	592	741	816	675	325	793	673	676	409	860	858	880	838	506	493	
636	443	792	375	492	0	716	412	884	622	886	669	721	467	729	796	411	782	758	321	730	466	674	871	610	447	850	761	713	386	323	553	880	836	838	606	689	610	693	525	616	721	724	537	497	346	754	412	882	440	562	331	557	673	517	388	578	728	821	696	761	
420	569	464	801	555	716	0	702	408	649	323	601	483	894	830	615	549	502	451	524	570	317	487	770	685	804	380	755	668	639	780	563	443	546	457	709	599	666	717	451	403	411	750	825	319	888	849	854	818	530	628	446	850	639	568	478	359	352	672	487	534	
746	816	321	558	855	412	702	0	358	397	784	465	384	842	747	474	784	551	447	432	850	395	625	657	639	431	794	442	559	689	662	447	537	845	327	832	421	381	744	601	312	537	745	388	370	536	692	367	450	463	326	600	480	330	838	705	318	690	655	584	425	
397	810	492	431	515	884	408	358	0	864	823	714	366	333	635	341	739	793	804	710	338	845	688	545	888	506	510	356	463	370	530	616	532	855	465	442	623	835	405	787	559	356	825	460	617	554	350	815	488	830	792	790	703	401	536	740	356	766	652	438	310	
877	498	560	736	303	622	649	397	864	0	826	653	303	658	550	814	523	389	864	334	398	840	348	605	325	316	794	587	764	641	808	715	307	425	873	421	671	678	370	798	508	820	788	514	584	453	445	799	608	338	364	484	455	895	698	804	361	795	306	659	344	
844	743	421	829	543	886	323	784	823	826	0	447	361	691	627	899	581	569	811	568	463	320	580	759	601	329	879	464	566	507	415	465	362	495	396	354	665	699	440	586	329	683	696	626	662	761	622	587	886	486	312	750	847	332	529	830	734	413	537	383	448	
377	816	706	754	458	669	601	465	714	653	447	0	751	506	735	785	459	898	557	883	370	329	615	701	503	759	542	494	321	417	749	532	690	532	849	704	602	581	761	523	842	646	599	757	421	349	660	543	516	444	550	331	885	424	501	456	455	449	858	334	798	
660	688	733	631	459	721	483	384	366	303	361	751	0	859	311	669	549	641	838	877	841	759	377	428	410	752	879	805	300	362	663	713	724	751	436	892	326	757	658	795	317	671	314	624	877	894	312	523	486	675	373	892	635	679	533	706	813	627	575	387	413	
745	532	688	564	683	467	894	842	333	658	691	506	859	0	569	877	642	398	542	772	429	346	523	379	366	548	577	766	369	747	843	594	450	781	807	355	726	863	440	880	871	301	527	701	859	489	882	333	798	675	752	833	583	684	782	841	547	603	803	325	374	
435	730	534	411	613	729	830	747	635	550	627	735	311	569	0	661	769	711	703	315	789	425	780	454	669	854	851	422	839	402	310	498	819	706	675	561	439	446	524	842	660	829	348	828	502	859	468	303	605	407	389	605	607	350	871	832	765	890	823	333	813	
368	435	406	840	512	796	615	474	341	814	899	785	669	877	661	0	584	663	724	681	773	577	788	699	772	501	855	806	445	722	889	724	526	809	654	507	306	445	330	746	665	699	732	809	508	377	737	898	507	636	639	739	800	332	739	768	793	333	383	874	717	
638	418	726	305	594	411	549	784	739	523	581	459	549	642	769	584	0	495	848	722	305	889	692	481	404	730	370	720	578	451	445	662	382	780	848	696	588	305	768	568	573	566	500	307	768	709	386	635	394	523	430	867	851	386	337	722	588	348	359	734	666	
345	344	612	836	732	782	502	551	793	389	569	898	641	398	711	663	495	0	626	458	458	670	481	602	826	884	739	694	352	684	516	751	578	313	601	875	891	851	678	865	872	686	891	819	856	340	772	888	526	466	647	492	443	365	774	472	713	654	894	339	322	
456	517	896	474	616	758	451	447	804	864	811	557	838	542	703	724	848	626	0	476	791	406	567	408	454	548	578	886	521	508	564	637	527	491	614	552	548	552	802	706	651	572	845	608	526	781	821	528	756	788	435	542	589	747	424	714	808	407	679	356	477	
384	706	646	631	367	321	524	432	710	334	568	883	877	772	315	681	722	458	476	0	499	634	697	564	350	450	474	796	418	796	741	661	512	529	363	754	874	540	559	583	604	608	313	369	442	366	383	876	796	783	604	663	546	437	731	635	333	359	356	857	338	
395	577	612	402	551	730	570	850	338	398	463	370	841	429	789	773	305	458	791	499	0	639	475	545	315	821	826	785	859	342	827	715	348	541	307	338	353	741	422	331	550	689	706	449	772	570	592	698	772	540	647	803	620	809	353	706	470	748	730	874	640	
881	595	701	479	796	466	317	395	845	840	320	329	759	346	425	577	889	670	406	634	639	0	731	675	543	421	669	868	603	629	895	576	476	545	746	722	381	702	843	895	669	619	438	754	392	600	809	309	805	806	313	508	439	464	884	473	459	450	343	739	625	
423	771	583	643	638	674	487	625	688	348	580	615	377	523	780	788	692	481	567	697	475	731	0	510	309	367	465	521	330	526	378	834	577	533	424	722	703	362	803	411	410	350	684	581	758	865	368	878	865	358	893	524	793	462	863	896	848	345	553	700	377	
814	478	864	763	555	871	770	657	545	605	759	701	428	379	454	699	481	602	408	564	545	675	510	0	751	889	886	581	544	375	341	738	654	549	372	427	734	419	449	672	753	861	752	615	359	650	429	850	555	329	731	876	675	694	757	666	871	656	316	460	481	
530	700	339	803	313	610	685	639	888	325	601	503	410	366	669	772	404	826	454	350	315	543	309	751	0	677	707	750	796	712	633	637	455	559	371	365	541	372	397	445	815	839	744	623	862	527	462	499	447	764	767	393	818	486	833	887	891	560	884	439	796	
887	654	708	724	310	447	804	431	506	316	329	759	752	548	854	501	730	884	548	450	821	421	367	889	677	0	883	401	811	710	493	325	664	556	315	592	747	340	350	387	899	392	874	592	368	586	542	376	368	466	627	839	888	459	878	382	730	431	306	380	754	
783	771	616	491	517	850	380	794	510	794	879	542	879	577	851	855	370	739	578	474	826	669	465	886	707	883	0	398	731	489	745	404	517	437	608	781	599	416	323	764	317	897	869	476	327	476	359	877	376	626	755	762	336	514	714	323	784	555	875	617	531	
675	821	375	359	426	761	755	442	356	587	464	494	805	766	422	806	720	694	886	796	785	868	521	581	750	401	398	0	387	431	631	670	784	826	493	339	686	378	853	829	316	858	497	477	415	683	433	503	351	409	608	347	502	707	360	391	357	769	465	499	748	
300	425	310	539	621	713	668	559	463	764	566	321	300	369	839	445	578	352	521	418	859	603	330	544	796	811	731	387	0	808	448	357	776	406	570	516	765	619	824	512	443	747	502	795	811	716	776	430	883	831	666	335	695	533	421	483	617	425	357	562	758	
671	628	347	793	444	386	639	689	370	641	507	417	362	747	402	722	451	684	508	796	342	629	526	375	712	710	489	431	808	0	698	831	547	648	882	644	495	443	529	825	829	792	618	502	728	668	852	675	361	875	800	715	604	396	643	414	869	794	357	684	883	
314	679	356	874	349	323	780	662	530	808	415	749	663	843	310	889	445	516	564	741	827	895	378	341	633	493	745	631	448	698	0	596	456	569	454	677	646	886	438	839	550	690	778	888	530	340	733	583	618	384	477	591	324	597	419	842	872	326	859	867	347	
866	573	787	334	656	553	563	447	616	715	465	532	713	594	498	724	662	751	637	661	715	576	834	738	637	325	404	670	357	831	596	0	855	374	393	370	845	641	322	539	427	776	790	629	621	652	766	764	870	768	544	399	455	650	789	771	627	445	583	888	734	
485	340	444	543	518	880	443	537	532	307	362	690	724	450	819	526	382	578	527	512	348	476	577	654	455	664	517	784	776	547	456	855	0	686	778	770	383	376	756	729	443	499	640	725	347	636	733	627	561	613	643	423	706	698	739	498	608	432	677	396	642	
431	419	532	420	425	836	546	845	855	425	495	532	751	781	706	809	780	313	491	529	541	545	533	549	559	556	437	826	406	648	569	374	686	0	491	715	548	597	792	477	429	456	363	513	523	395	382	724	701	517	349	611	592	390	544	653	889	423	583	712	510	
376	405	776	783	387	838	457	327	465	873	396	849	436	807	675	654	848	601	614	363	307	746	424	372	371	315	608	493	570	882	454	393	778	491	0	630	433	731	586	871	490	648	602	317	356	305	698	764	874	355	469	785	342	402	807	454	406	581	468	639	405	
704	550	574	603	396	606	709	832	442	421	354	704	892	355	561	507	696	875	552	754	338	722	722	427	365	592	781	339	516	644	677	370	770	715	630	0	364	803	813	567	602	693	385	445	476	332	510	843	340	638	329	308	524	762	631	601	510	751	803	647	446	
422	593	533	533	664	689	599	421	623	671	665	602	326	726	439	306	588	891	548	874	353	381	703	734	541	747	599	686	765	495	646	845	383	548	433	364	0	383	865	660	871	692	334	435	552	481	639	579	316	594	340	744	804	395	802	440	583	848	624	589	365	
358	612	398	887	672	610	666	381	835	678	699	581	757	863	446	445	305	851	552	540	741	702	362	419	372	340	416	378	619	443	886	641	376	597	731	803	383	0	799	803	596	724	841	315	407	718	536	455	415	872	788	630	470	811	802	553	812	810	495	899	521	
713	445	436	323	522	693	717	744	405	370	440	761	658	440	524	330	768	678	802	559	422	843	803	449	397	350	323	853	824	529	438	322	756	792	586	813	865	799	0	818	538	593	546	348	345	871	883	734	641	554	408	385	460	433	656	415	681	555	517	594	364	
770	430	425	742	470	525	451	601	787	798	586	523	795	880	842	746	568	865	706	583	331	895	411	672	445	387	764	829	512	825	839	539	729	477	871	567	660	803	818	0	459	636	539	385	505	887	310	887	739	341	670	866	604	827	321	860	475	394	467	783	727	
560	805	320	886	672	616	403	312	559	508	329	842	317	871	660	665	573	872	651	604	550	669	410	753	815	899	317	316	443	829	550	427	443	429	490	602	871	596	538	459	0	791	335	314	782	618	407	307	447	471	704	368	824	700	354	591	781	366	622	403	690	
515	625	759	484	332	721	411	537	356	820	683	646	671	301	829	699	566	686	572	608	689	619	350	861	839	392	897	858	747	792	690	776	499	456	648	693	692	724	593	636	791	0	637	385	711	749	348	877	402	422	411	531	311	551	513	448	545	306	749	749	306	
386	762	856	378	440	724	750	745	825	788	696	599	314	527	348	732	500	891	845	313	706	438	684	752	744	874	869	497	502	618	778	790	640	363	602	385	334	841	546	539	335	637	0	745	388	764	466	474	603	452	628	699	703	403	598	778	437	572	445	548	869	
313	492	830	397	332	537	825	388	460	514	626	757	624	701	828	809	307	819	608	369	449	754	581	615	623	592	476	477	795	502	888	629	725	513	317	445	435	315	348	385	314	385	745	0	434	682	529	444	341	630	572	746	501	514	848	373	592	816	814	874	336	
779	827	537	598	386	497	319	370	617	584	662	421	877	859	502	508	768	856	526	442	772	392	758	359	862	368	327	415	811	728	530	621	347	523	356	476	552	407	345	505	782	711	388	434	0	504	390	470	663	341	770	728	589	475	599	499	441	749	545	833	302	
548	716	767	882	411	346	888	536	554	453	761	349	894	489	859	377	709	340	781	366	570	600	865	650	527	586	476	683	716	668	340	652	636	395	305	332	481	718	871	887	618	749	764	682	504	0	750	733	387	388	393	558	596	890	364	716	814	366	597	702	407	
442	522	708	660	592	754	849	692	350	445	622	660	312	882	468	737	386	772	821	383	592	809	368	429	462	542	359	433	776	852	733	766	733	382	698	510	639	536	883	310	407	348	466	529	390	750	0	815	667	429	552	792	856	444	456	749	434	880	313	382	394	
880	379	599	713	741	412	854	367	815	799	587	543	523	333	303	898	635	888	528	876	698	309	878	850	499	376	877	503	430	675	583	764	627	724	764	843	579	455	734	887	307	877	474	444	470	733	815	0	650	784	444	645	839	330	309	703	748	319	588	353	418	
385	481	432	834	816	882	818	450	488	608	886	516	486	798	605	507	394	526	756	796	772	805	865	555	447	368	376	351	883	361	618	870	561	701	874	340	316	415	641	739	447	402	603	341	663	387	667	650	0	682	397	520	697	641	353	502	604	850	832	500	735	
700	310	824	533	675	440	530	463	830	338	486	444	675	675	407	636	523	466	788	783	540	806	358	329	764	466	626	409	831	875	384	768	613	517	355	638	594	872	554	341	471	422	452	630	341	388	429	784	682	0	616	492	498	495	525	582	667	320	463	641	660	
633	798	780	873	325	562	628	326	792	364	312	550	373	752	389	639	430	647	435	604	647	313	893	731	767	627	755	608	666	800	477	544	643	349	469	329	340	788	408	670	704	411	628	572	770	393	552	444	397	616	0	826	462	821	786	514	448	695	605	450	815	
855	389	459	865	793	331	446	600	790	484	750	331	892	833	605	739	867	492	542	663	803	508	524	876	393	839	762	347	335	715	591	399	423	611	785	308	744	630	385	866	368	531	699	746	728	558	792	645	520	492	826	0	868	519	623	469	409	459	406	796	887	
369	303	615	435	673	557	850	480	703	455	847	885	635	583	607	800	851	443	589	546	620	439	793	675	818	888	336	502	695	604	324	455	706	592	342	524	804	470	460	604	824	311	703	501	589	596	856	839	697	498	462	868	0	864	546	658	765	356	833	532	481	
642	877	672	369	676	673	639	330	401	895	332	424	679	684	350	332	386	365	747	437	809	464	462	694	486	459	514	707	533	396	597	650	698	390	402	762	395	811	433	827	700	551	403	514	475	890	444	330	641	495	821	519	864	0	617	402	332	661	732	875	406	
744	358	414	370	409	517	568	838	536	698	529	501	533	782	871	739	337	774	424	731	353	884	863	757	833	878	714	360	421	643	419	789	739	544	807	631	802	802	656	321	354	513	598	848	599	364	456	309	353	525	786	623	546	617	0	563	515	506	376	422	792	
863	733	635	859	860	388	478	705	740	804	830	456	706	841	832	768	722	472	714	635	706	473	896	666	887	382	323	391	483	414	842	771	498	653	454	601	440	553	415	860	591	448	778	373	499	716	749	703	502	582	514	469	658	402	563	0	615	425	543	482	439	
645	718	747	589	858	578	359	318	356	361	734	455	813	547	765	793	588	713	808	333	470	459	848	871	891	730	784	357	617	869	872	627	608	889	406	510	583	812	681	475	781	545	437	592	441	814	434	748	604	667	448	409	765	332	515	615	0	318	657	698	713	
486	534	587	859	880	728	352	690	766	795	413	449	627	603	890	333	348	654	407	359	748	450	345	656	560	431	555	769	425	794	326	445	432	423	581	751	848	810	555	394	366	306	572	816	749	366	880	319	850	320	695	459	356	661	506	425	318	0	594	435	692	
741	780	674	764	838	821	672	655	652	306	537	858	575	803	823	383	359	894	679	356	730	343	553	316	884	306	875	465	357	357	859	583	677	583	468	803	624	495	517	467	622	749	445	814	545	597	313	588	832	463	605	406	833	732	376	543	657	594	0	313	661	
498	486	638	632	506	696	487	584	438	659	383	334	387	325	333	874	734	339	356	857	874	739	700	460	439	380	617	499	562	684	867	888	396	712	639	647	589	899	594	783	403	749	548	874	833	702	382	353	500	641	450	796	532	875	422	482	698	435	313	0	420	
432	372	833	629	493	761	534	425	310	344	448	798	413	374	813	717	666	322	477	338	640	625	377	481	796	754	531	748	758	883	347	734	642	510	405	446	365	521	364	727	690	306	869	336	302	407	394	418	735	660	815	887	481	406	792	439	713	692	661	420	0	
etats
Id_Station	Poids W	Min (P)	WSPT	Priorité	
1	3				
2	7				
3	8				
4	4				
5	3				
6	5				
7	9				
8	8				
9	4				
10	8				
11	8				
12	3				
13	8				
14	1				
15	1				
16	2				
17	5				
18	1				
19	5				
20	9				
21	2				
22	1				
23	1				
24	1				
25	1				
26	8				
27	8				
28	9				
29	9				
30	1				
31	8				
32	9				
33	5				
34	6				
35	1				
36	8				
37	5				
38	3				
39	1				
40	5				
41	1				
42	1				
43	1				
44	6				
45	9				
46	9				
47	7				
48	6				
49	6				
50	4				
51	4				
52	1				
53	7				
54	9				
55	6				
56	3				
57	2				
58	8				
59	9				
60	9				

