distances
0	427	336	706	885	714	348	723	673	760	594	557	774	699	371	346	513	850	792	300	795	401	467	304	667	758	366	624	367	559	745	895	562	411	638	439	457	414	452	865	670	617	426	871	773	491	814	872	496	788	541	482	670	487	441	689	420	878	555	708	643	
427	0	809	629	654	440	816	899	429	722	550	658	623	609	594	895	428	319	636	735	730	530	310	536	799	397	347	372	633	876	776	706	718	463	793	663	545	320	579	540	601	328	512	808	896	303	609	593	477	717	830	881	466	511	892	741	381	392	456	319	473	
336	809	0	508	730	372	718	568	336	867	738	761	459	720	447	553	587	719	469	899	340	334	818	383	857	595	527	355	582	343	740	871	886	822	544	364	706	560	781	322	468	364	700	879	535	792	333	597	518	405	418	728	329	734	485	647	526	645	759	460	876	
706	629	508	0	617	547	890	877	860	760	638	895	746	518	673	830	890	470	714	565	862	584	634	545	773	730	404	488	667	322	416	468	754	405	858	309	377	505	815	702	651	589	771	867	825	458	527	651	404	634	844	896	636	524	349	806	537	895	480	791	816	
885	654	730	617	0	482	841	829	342	469	341	422	332	388	488	852	776	765	545	806	344	496	856	482	835	568	338	448	603	580	419	776	429	347	779	307	884	355	309	879	581	535	862	573	389	413	453	701	576	464	829	815	737	659	661	710	403	853	899	891	490	
714	440	372	547	482	0	632	322	599	448	427	323	827	629	883	697	379	899	798	712	811	447	316	698	456	421	658	749	645	823	638	535	666	672	857	396	728	746	526	499	634	493	634	541	853	619	801	532	454	579	759	744	797	744	455	757	709	374	390	713	446	
348	816	718	890	841	632	0	479	756	742	852	598	824	753	437	678	862	822	328	721	322	825	332	359	756	804	661	665	645	387	692	529	861	612	446	315	406	462	727	685	556	706	687	486	765	872	366	718	356	576	593	810	755	490	853	717	589	738	702	628	841	
723	899	568	877	829	322	479	0	756	638	509	702	442	524	486	745	316	662	392	422	503	884	641	609	485	671	780	590	631	560	424	690	442	534	446	321	558	454	350	302	633	719	519	432	835	761	489	674	635	612	887	374	394	589	827	794	742	614	674	353	511	
673	429	336	860	342	599	756	756	0	365	690	872	376	537	860	676	768	805	451	725	456	827	369	471	735	463	596	770	827	721	446	367	452	453	354	560	586	340	710	721	415	755	694	315	541	898	753	773	406	355	335	482	805	710	567	553	476	311	756	371	349	
760	722	867	760	469	448	742	638	365	0	869	593	643	492	628	582	493	732	640	305	785	817	566	830	530	858	726	446	562	377	395	543	680	512	460	839	579	794	539	690	362	542	740	647	554	365	512	613	852	640	424	887	419	514	575	612	312	563	580	745	639	
594	550	738	638	341	427	852	509	690	869	0	710	662	763	616	434	882	559	630	335	567	301	806	838	420	821	342	561	688	642	636	712	816	669	610	582	757	848	582	402	511	897	849	631	540	528	489	382	398	625	773	558	887	694	421	807	406	879	554	589	711	
557	658	761	895	422	323	598	702	872	593	710	0	751	337	562	412	356	808	650	543	716	780	605	500	825	812	561	822	847	305	753	750	542	774	692	623	602	678	488	586	518	547	307	568	511	389	507	356	778	352	863	332	592	751	808	700	679	324	514	825	748	
774	623	459	746	332	827	824	442	376	643	662	751	0	350	449	390	642	722	328	845	482	684	801	690	558	824	586	702	726	861	390	591	324	850	507	383	717	884	392	831	807	828	648	316	757	425	789	803	501	352	300	398	548	440	808	898	304	865	600	439	672	
699	609	720	518	388	629	753	524	537	492	763	337	350	0	887	360	635	724	769	769	644	502	593	675	819	441	849	411	636	455	780	734	346	733	486	447	333	873	371	473	677	745	460	309	500	705	626	676	508	616	528	324	474	718	703	774	504	484	506	646	804	
371	594	447	673	488	883	437	486	860	628	616	562	449	887	0	800	791	626	709	533	378	526	480	657	575	818	581	789	424	650	892	590	868	315	376	668	749	496	357	316	374	645	320	387	391	834	515	707	810	650	356	427	543	301	427	790	896	386	852	579	309	
346	895	553	830	852	697	678	745	676	582	434	412	390	360	800	0	799	717	836	312	491	612	325	346	551	776	763	565	351	476	541	885	447	475	394	750	566	429	487	787	586	461	507	889	303	797	797	799	503	829	625	828	445	802	325	568	690	374	390	557	880	
513	428	587	890	776	379	862	316	768	493	882	356	642	635	791	799	0	623	425	462	874	771	483	788	745	651	818	879	385	530	679	330	674	804	475	739	784	834	715	746	789	858	631	388	894	680	366	824	727	866	660	306	701	705	429	406	733	747	753	876	394	
850	319	719	470	765	899	822	662	805	732	559	808	722	724	626	717	623	0	475	755	597	812	764	452	396	430	787	658	773	882	879	523	886	594	671	549	650	352	687	382	845	404	481	323	452	888	323	476	435	547	351	728	766	687	794	409	637	713	869	810	441	
792	636	469	714	545	798	328	392	451	640	630	650	328	769	709	836	425	475	0	637	466	610	401	827	600	761	889	481	711	510	894	340	730	894	549	500	510	515	875	845	721	813	373	632	522	395	754	541	372	503	377	385	403	686	432	787	553	473	383	778	690	
300	735	899	565	806	712	721	422	725	305	335	543	845	769	533	312	462	755	637	0	304	558	805	401	520	832	496	691	407	886	749	414	313	734	471	540	602	461	567	892	828	498	578	566	629	775	712	639	374	538	376	364	744	466	446	841	546	552	559	725	426	
795	730	340	862	344	811	322	503	456	785	567	716	482	644	378	491	874	597	466	304	0	402	568	382	431	693	361	504	794	674	836	429	598	787	846	352	846	702	598	563	817	772	845	488	657	850	445	687	582	838	419	486	326	510	852	458	371	773	586	343	561	
401	530	334	584	496	447	825	884	827	817	301	780	684	502	526	612	771	812	610	558	402	0	884	474	559	445	494	754	711	578	619	790	679	875	471	415	354	607	885	866	761	743	534	544	307	486	461	616	324	578	589	526	382	772	394	565	733	688	575	615	693	
467	310	818	634	856	316	332	641	369	566	806	605	801	593	480	325	483	764	401	805	568	884	0	383	817	815	522	649	715	482	725	635	821	741	454	310	834	604	349	545	580	558	684	474	362	616	747	312	385	730	662	856	300	373	488	302	609	484	631	821	435	
304	536	383	545	482	698	359	609	471	830	838	500	690	675	657	346	788	452	827	401	382	474	383	0	483	720	648	584	819	821	731	316	864	886	785	317	729	625	876	330	691	653	635	755	804	698	762	664	609	760	389	883	324	628	493	525	755	475	508	309	780	
667	799	857	773	835	456	756	485	735	530	420	825	558	819	575	551	745	396	600	520	431	559	817	483	0	368	434	348	844	683	472	596	316	496	498	855	333	436	494	317	811	432	598	535	855	725	321	420	604	333	679	729	451	668	729	321	414	755	694	826	379	
758	397	595	730	568	421	804	671	463	858	821	812	824	441	818	776	651	430	761	832	693	445	815	720	368	0	322	391	728	348	411	747	559	669	411	789	782	654	649	839	400	404	344	424	436	570	518	825	312	433	466	811	490	524	669	864	308	484	437	663	580	
366	347	527	404	338	658	661	780	596	726	342	561	586	849	581	763	818	787	889	496	361	494	522	648	434	322	0	731	812	642	614	442	506	513	833	666	594	617	378	622	851	673	652	356	881	757	887	606	383	456	509	676	757	770	401	749	443	413	572	787	493	
624	372	355	488	448	749	665	590	770	446	561	822	702	411	789	565	879	658	481	691	504	754	649	584	348	391	731	0	517	783	719	648	723	871	602	757	772	337	678	465	335	665	553	353	381	525	351	519	438	307	868	592	782	866	695	639	664	548	857	564	660	
367	633	582	667	603	645	645	631	827	562	688	847	726	636	424	351	385	773	711	407	794	711	715	819	844	728	812	517	0	339	689	371	508	548	588	857	620	616	506	870	698	563	597	851	800	537	860	517	795	624	518	758	798	501	552	396	489	317	486	769	503	
559	876	343	322	580	823	387	560	721	377	642	305	861	455	650	476	530	882	510	886	674	578	482	821	683	348	642	783	339	0	664	637	674	316	373	730	746	690	669	630	383	620	859	353	417	668	624	471	334	682	609	358	566	367	495	638	482	494	445	657	360	
745	776	740	416	419	638	692	424	446	395	636	753	390	780	892	541	679	879	894	749	836	619	725	731	472	411	614	719	689	664	0	376	353	641	762	739	669	467	780	526	346	571	338	653	499	854	394	826	326	697	758	749	522	448	860	855	661	582	706	782	522	
895	706	871	468	776	535	529	690	367	543	712	750	591	734	590	885	330	523	340	414	429	790	635	316	596	747	442	648	371	637	376	0	801	460	897	762	420	859	444	644	724	578	325	534	873	455	619	754	833	364	366	476	782	348	457	511	499	672	621	383	552	
562	718	886	754	429	666	861	442	452	680	816	542	324	346	868	447	674	886	730	313	598	679	821	864	316	559	506	723	508	674	353	801	0	368	696	405	612	469	827	373	309	679	478	607	732	877	657	330	557	765	389	866	897	339	828	452	882	714	474	333	529	
411	463	822	405	347	672	612	534	453	512	669	774	850	733	315	475	804	594	894	734	787	875	741	886	496	669	513	871	548	316	641	460	368	0	895	378	742	528	331	318	374	377	556	527	430	721	356	842	699	430	851	546	735	871	408	405	499	398	430	310	407	
638	793	544	858	779	857	446	446	354	460	610	692	507	486	376	394	475	671	549	471	846	471	454	785	498	411	833	602	588	373	762	897	696	895	0	851	519	548	846	704	812	581	458	797	723	811	870	760	564	448	653	427	537	840	454	666	576	440	756	457	632	
439	663	364	309	307	396	315	321	560	839	582	623	383	447	668	750	739	549	500	540	352	415	310	317	855	789	666	757	857	730	739	762	405	378	851	0	438	366	435	789	416	712	710	729	419	354	576	481	628	496	311	883	767	651	719	510	876	613	607	739	402	
457	545	706	377	884	728	406	558	586	579	757	602	717	333	749	566	784	650	510	602	846	354	834	729	333	782	594	772	620	746	669	420	612	742	519	438	0	712	443	639	534	799	748	426	319	683	631	529	575	807	485	531	487	584	508	542	736	391	665	389	876	
414	320	560	505	355	746	462	454	340	794	848	678	884	873	496	429	834	352	515	461	702	607	604	625	436	654	617	337	616	690	467	859	469	528	548	366	712	0	490	613	861	834	621	696	585	352	751	521	653	467	762	513	785	509	454	640	620	624	563	744	684	
452	579	781	815	309	526	727	350	710	539	582	488	392	371	357	487	715	687	875	567	598	885	349	876	494	649	378	678	506	669	780	444	827	331	846	435	443	490	0	771	409	850	852	779	658	801	650	678	370	695	414	852	380	689	582	655	541	613	532	554	863	
865	540	322	702	879	499	685	302	721	690	402	586	831	473	316	787	746	382	845	892	563	866	545	330	317	839	622	465	870	630	526	644	373	318	704	789	639	613	771	0	709	705	518	793	829	678	452	754	740	557	493	890	437	315	732	765	407	670	676	827	321	
670	601	468	651	581	634	556	633	415	362	511	518	807	677	374	586	789	845	721	828	817	761	580	691	811	400	851	335	698	383	346	724	309	374	812	416	534	861	409	709	0	455	344	390	718	691	637	616	577	404	845	356	737	539	693	710	578	842	690	859	840	
617	328	364	589	535	493	706	719	755	542	897	547	828	745	645	461	858	404	813	498	772	743	558	653	432	404	673	665	563	620	571	578	679	377	581	712	799	834	850	705	455	0	670	540	662	456	738	788	365	756	424	413	769	522	455	321	312	584	799	739	616	
426	512	700	771	862	634	687	519	694	740	849	307	648	460	320	507	631	481	373	578	845	534	684	635	598	344	652	553	597	859	338	325	478	556	458	710	748	621	852	518	344	670	0	466	353	687	720	667	508	407	472	887	492	826	399	555	674	558	647	829	488	
871	808	879	867	573	541	486	432	315	647	631	568	316	309	387	889	388	323	632	566	488	544	474	755	535	424	356	353	851	353	653	534	607	527	797	729	426	696	779	793	390	540	466	0	768	356	851	574	702	801	867	825	317	586	858	351	827	498	631	478	463	
773	896	535	825	389	853	765	835	541	554	540	511	757	500	391	303	894	452	522	629	657	307	362	804	855	436	881	381	800	417	499	873	732	430	723	419	319	585	658	829	718	662	353	768	0	381	655	731	457	520	437	724	657	594	744	691	819	473	392	851	465	
491	303	792	458	413	619	872	761	898	365	528	389	425	705	834	797	680	888	395	775	850	486	616	698	725	570	757	525	537	668	854	455	877	721	811	354	683	352	801	678	691	456	687	356	381	0	477	634	409	676	756	473	827	679	858	606	462	730	597	475	390	
814	609	333	527	453	801	366	489	753	512	489	507	789	626	515	797	366	323	754	712	445	461	747	762	321	518	887	351	860	624	394	619	657	356	870	576	631	751	650	452	637	738	720	851	655	477	0	475	373	717	314	521	614	617	490	553	363	303	438	569	704	
872	593	597	651	701	532	718	674	773	613	382	356	803	676	707	799	824	476	541	639	687	616	312	664	420	825	606	519	517	471	826	754	330	842	760	481	529	521	678	754	616	788	667	574	731	634	475	0	523	802	568	542	406	445	461	684	523	560	848	739	778	
496	477	518	404	576	454	356	635	406	852	398	778	501	508	810	503	727	435	372	374	582	324	385	609	604	312	383	438	795	334	326	833	557	699	564	628	575	653	370	740	577	365	508	702	457	409	373	523	0	390	345	672	736	306	307	432	323	853	854	435	662	
788	717	405	634	464	579	576	612	355	640	625	352	352	616	650	829	866	547	503	538	838	578	730	760	333	433	456	307	624	682	697	364	765	430	448	496	807	467	695	557	404	756	407	801	520	676	717	802	390	0	327	518	414	855	485	754	711	715	485	726	821	
541	830	418	844	829	759	593	887	335	424	773	863	300	528	356	625	660	351	377	376	419	589	662	389	679	466	509	868	518	609	758	366	389	851	653	311	485	762	414	493	845	424	472	867	437	756	314	568	345	327	0	442	735	777	505	414	394	811	861	517	530	
482	881	728	896	815	744	810	374	482	887	558	332	398	324	427	828	306	728	385	364	486	526	856	883	729	811	676	592	758	358	749	476	866	546	427	883	531	513	852	890	356	413	887	825	724	473	521	542	672	518	442	0	805	545	348	503	389	305	467	371	431	
670	466	329	636	737	797	755	394	805	419	887	592	548	474	543	445	701	766	403	744	326	382	300	324	451	490	757	782	798	566	522	782	897	735	537	767	487	785	380	437	737	769	492	317	657	827	614	406	736	414	735	805	0	644	344	372	578	812	417	614	733	
487	511	734	524	659	744	490	589	710	514	694	751	440	718	301	802	705	687	686	466	510	772	373	628	668	524	770	866	501	367	448	348	339	871	840	651	584	509	689	315	539	522	826	586	594	679	617	445	306	855	777	545	644	0	437	511	653	423	492	346	372	
441	892	485	349	661	455	853	827	567	575	421	808	808	703	427	325	429	794	432	446	852	394	488	493	729	669	401	695	552	495	860	457	828	408	454	719	508	454	582	732	693	455	399	858	744	858	490	461	307	485	505	348	344	437	0	623	411	338	472	781	712	
689	741	647	806	710	757	717	794	553	612	807	700	898	774	790	568	406	409	787	841	458	565	302	525	321	864	749	639	396	638	855	511	452	405	666	510	542	640	655	765	710	321	555	351	691	606	553	684	432	754	414	503	372	511	623	0	414	657	627	808	788	
420	381	526	537	403	709	589	742	476	312	406	679	304	504	896	690	733	637	553	546	371	733	609	755	414	308	443	664	489	482	661	499	882	499	576	876	736	620	541	407	578	312	674	827	819	462	363	523	323	711	394	389	578	653	411	414	0	445	538	468	586	
878	392	645	895	853	374	738	614	311	563	879	324	865	484	386	374	747	713	473	552	773	688	484	475	755	484	413	548	317	494	582	672	714	398	440	613	391	624	613	670	842	584	558	498	473	730	303	560	853	715	811	305	812	423	338	657	445	0	444	542	448	
555	456	759	480	899	390	702	674	756	580	554	514	600	506	852	390	753	869	383	559	586	575	631	508	694	437	572	857	486	445	706	621	474	430	756	607	665	563	532	676	690	799	647	631	392	597	438	848	854	485	861	467	417	492	472	627	538	444	0	416	366	
708	319	460	791	891	713	628	353	371	745	589	825	439	646	579	557	876	810	778	725	343	615	821	309	826	663	787	564	769	657	782	383	333	310	457	739	389	744	554	827	859	739	829	478	851	475	569	739	435	726	517	371	614	346	781	808	468	542	416	0	304	
643	473	876	816	490	446	841	511	349	639	711	748	672	804	309	880	394	441	690	426	561	693	435	780	379	580	493	660	503	360	522	552	529	407	632	402	876	684	863	321	840	616	488	463	465	390	704	778	662	821	530	431	733	372	712	788	586	448	366	304	0	
etats
Id_Station	Poids W	Min (P)	WSPT	Priorité	
1	6				
2	5				
3	9				
4	4				
5	6				
6	6				
7	4				
8	7				
9	6				
10	6				
11	1				
12	1				
13	4				
14	3				
15	8				
16	1				
17	1				
18	1				
19	7				
20	8				
21	1				
22	5				
23	6				
24	9				
25	8				
26	8				
27	1				
28	5				
29	6				
30	7				
31	1				
32	1				
33	2				
34	1				
35	8				
36	7				
37	1				
38	1				
39	1				
40	4				
41	9				
42	3				
43	8				
44	1				
45	3				
46	9				
47	1				
48	1				
49	2				
50	3				
51	8				
52	7				
53	5				
54	2				
55	4				
56	8				
57	1				
58	1				
59	9				
60	4				
 
