distances
0	453	763	809	539	578	851	391	789	410	812	696	821	830	528	818	651	667	651	650	712	647	577	647	501	367	821	890	619	789	438	487	881	803	589	549	778	523	677	365	798	428	507	834	739	531	709	471	549	528	634	797	690	547	840	625	892	698	856	393	863	
453	0	383	556	385	377	521	651	680	445	874	388	801	638	810	777	376	587	706	707	342	893	485	881	763	386	458	790	733	562	393	886	577	874	715	761	821	593	366	343	862	348	358	499	356	413	773	441	334	575	675	317	871	352	668	306	836	700	530	373	701	
763	383	0	794	760	894	818	304	426	797	663	443	438	309	489	766	430	474	438	471	316	590	441	438	565	527	743	442	512	890	823	544	348	746	832	689	397	885	726	831	467	438	716	309	822	615	421	373	870	396	656	754	495	545	444	863	329	806	525	419	641	
809	556	794	0	757	705	385	554	415	838	784	768	620	761	843	822	348	738	650	529	300	835	878	355	418	850	757	843	332	704	796	771	749	326	567	743	356	312	645	861	893	812	409	683	613	512	868	616	408	747	778	840	835	471	557	774	842	355	322	687	764	
539	385	760	757	0	329	582	654	662	523	841	381	536	428	761	584	328	597	637	754	807	552	766	848	378	514	796	434	536	454	600	573	781	685	570	302	378	710	715	588	308	764	437	739	487	877	577	421	414	524	561	435	339	592	813	637	840	892	721	366	751	
578	377	894	705	329	0	577	557	767	765	412	404	729	813	869	852	784	565	557	343	663	837	384	306	629	638	514	698	446	674	498	354	491	435	454	694	658	580	415	659	593	421	353	396	343	854	663	819	639	794	314	627	645	308	460	661	801	765	688	897	730	
851	521	818	385	582	577	0	355	362	499	376	402	360	702	522	428	618	513	539	547	376	453	714	731	468	861	342	428	524	787	461	829	572	498	891	446	359	331	897	579	442	422	491	564	704	353	415	765	614	716	551	491	569	826	770	648	321	773	414	823	605	
391	651	304	554	654	557	355	0	395	648	660	643	874	751	759	696	774	416	471	382	465	872	887	645	319	632	543	599	589	829	506	517	757	717	760	561	561	765	374	373	431	898	629	344	625	527	841	600	423	636	786	570	849	872	409	494	312	420	693	417	791	
789	680	426	415	662	767	362	395	0	807	406	465	641	757	571	589	452	400	822	674	837	475	618	387	483	565	590	675	636	341	417	833	340	538	476	698	366	431	778	409	803	417	400	497	531	714	438	715	414	827	320	847	314	330	381	357	353	835	462	380	320	
410	445	797	838	523	765	499	648	807	0	628	584	692	337	412	818	671	307	448	329	795	332	362	498	324	668	382	376	368	548	482	395	518	319	452	498	574	404	378	593	564	472	899	652	698	310	723	865	606	347	482	838	549	355	561	540	472	611	770	750	812	
812	874	663	784	841	412	376	660	406	628	0	746	505	812	498	759	765	525	496	453	636	441	593	409	508	421	864	309	502	666	534	565	480	521	596	571	717	463	746	791	740	466	684	446	553	312	771	358	667	657	798	721	381	859	300	570	399	510	381	354	322	
696	388	443	768	381	404	402	643	465	584	746	0	320	323	458	339	420	560	309	878	893	323	606	300	565	727	707	376	576	314	519	309	569	869	647	544	483	827	851	559	377	810	423	508	596	515	643	667	761	820	600	744	719	348	823	666	646	845	472	530	667	
821	801	438	620	536	729	360	874	641	692	505	320	0	335	317	664	354	720	605	595	642	629	618	772	525	343	762	842	355	813	847	550	411	345	655	525	773	485	538	521	786	510	716	603	891	871	416	358	679	830	643	727	314	469	548	502	622	337	679	754	451	
830	638	309	761	428	813	702	751	757	337	812	323	335	0	575	440	879	485	429	316	751	566	500	566	302	613	490	349	472	645	655	714	482	464	715	781	491	708	751	811	816	556	686	342	493	708	312	493	448	564	879	832	608	519	598	517	874	675	561	891	622	
528	810	489	843	761	869	522	759	571	412	498	458	317	575	0	438	794	552	734	516	353	353	452	382	485	452	856	689	325	386	365	407	414	750	603	579	797	885	890	578	888	338	730	739	510	580	357	684	486	433	325	377	607	873	425	689	657	387	800	619	839	
818	777	766	822	584	852	428	696	589	818	759	339	664	440	438	0	870	377	424	628	562	396	778	566	651	599	594	709	631	437	680	661	893	720	671	415	884	431	538	788	861	336	718	436	373	893	655	502	698	389	602	553	538	337	462	658	550	848	436	557	560	
651	376	430	348	328	784	618	774	452	671	765	420	354	879	794	870	0	680	822	606	676	532	596	854	727	376	422	719	883	502	518	753	776	595	877	758	511	326	348	851	525	403	663	627	337	552	381	468	394	726	829	627	360	392	398	772	811	480	733	343	692	
667	587	474	738	597	565	513	416	400	307	525	560	720	485	552	377	680	0	745	337	737	372	320	605	549	484	362	335	669	768	452	855	523	549	862	777	399	805	372	792	445	788	418	626	859	692	327	811	664	821	837	785	599	770	543	738	338	762	609	601	872	
651	706	438	650	637	557	539	471	822	448	496	309	605	429	734	424	822	745	0	823	750	627	411	323	881	704	832	534	823	614	693	574	622	507	432	315	323	309	522	793	473	786	780	306	371	899	801	614	813	458	823	747	443	727	731	894	513	699	798	509	808	
650	707	471	529	754	343	547	382	674	329	453	878	595	316	516	628	606	337	823	0	821	794	503	898	312	553	454	778	690	651	895	843	649	389	897	577	499	569	304	659	629	413	648	487	617	519	835	617	385	715	760	345	406	688	461	719	472	691	784	891	471	
712	342	316	300	807	663	376	465	837	795	636	893	642	751	353	562	676	737	750	821	0	624	853	595	666	447	837	837	623	881	532	383	459	898	645	420	313	328	823	868	703	425	859	650	311	859	421	514	749	570	701	377	401	848	886	830	491	896	525	715	309	
647	893	590	835	552	837	453	872	475	332	441	323	629	566	353	396	532	372	627	794	624	0	377	683	380	881	835	359	330	860	751	488	471	815	330	406	445	434	776	315	355	773	407	510	448	434	797	432	624	582	681	802	742	677	651	548	809	896	392	820	335	
577	485	441	878	766	384	714	887	618	362	593	606	618	500	452	778	596	320	411	503	853	377	0	710	406	895	831	851	578	862	583	457	667	716	528	577	841	780	381	721	408	701	802	807	898	528	488	574	456	778	456	522	802	772	739	379	567	452	673	478	682	
647	881	438	355	848	306	731	645	387	498	409	300	772	566	382	566	854	605	323	898	595	683	710	0	343	442	445	385	701	562	767	370	623	331	431	477	630	576	884	684	689	528	632	391	570	556	878	493	336	728	543	319	332	482	893	480	680	371	529	704	471	
501	763	565	418	378	629	468	319	483	324	508	565	525	302	485	651	727	549	881	312	666	380	406	343	0	881	535	878	575	774	611	606	453	717	416	539	322	386	808	444	384	398	800	687	786	424	751	614	819	302	684	438	411	507	848	540	768	316	832	430	868	
367	386	527	850	514	638	861	632	565	668	421	727	343	613	452	599	376	484	704	553	447	881	895	442	881	0	769	356	690	421	368	766	710	855	432	594	846	666	435	891	391	552	740	804	889	723	476	833	504	599	853	424	533	702	758	449	632	786	810	780	535	
821	458	743	757	796	514	342	543	590	382	864	707	762	490	856	594	422	362	832	454	837	835	831	445	535	769	0	786	345	803	783	669	606	482	495	363	477	685	325	459	553	452	896	819	344	575	768	601	740	772	673	567	378	788	445	383	737	541	676	774	323	
890	790	442	843	434	698	428	599	675	376	309	376	842	349	689	709	719	335	534	778	837	359	851	385	878	356	786	0	794	611	776	825	406	662	404	614	728	826	385	472	331	720	705	641	329	873	452	400	377	853	353	594	869	361	748	639	310	305	618	798	393	
619	733	512	332	536	446	524	589	636	368	502	576	355	472	325	631	883	669	823	690	623	330	578	701	575	690	345	794	0	369	376	761	710	591	738	627	619	443	476	741	680	673	784	383	549	413	870	589	434	743	534	544	377	824	694	317	625	787	747	407	766	
789	562	890	704	454	674	787	829	341	548	666	314	813	645	386	437	502	768	614	651	881	860	862	562	774	421	803	611	369	0	456	375	333	492	526	345	558	825	823	733	511	743	380	852	306	779	441	387	694	320	605	869	692	378	536	515	404	356	617	460	564	
438	393	823	796	600	498	461	506	417	482	534	519	847	655	365	680	518	452	693	895	532	751	583	767	611	368	783	776	376	456	0	330	674	444	638	491	829	444	322	426	759	436	814	732	567	528	508	755	508	653	597	610	619	519	405	781	535	433	816	495	752	
487	886	544	771	573	354	829	517	833	395	565	309	550	714	407	661	753	855	574	843	383	488	457	370	606	766	669	825	761	375	330	0	727	628	372	347	752	746	621	513	736	685	667	641	759	492	649	445	453	620	669	559	451	803	768	676	881	628	794	475	753	
881	577	348	749	781	491	572	757	340	518	480	569	411	482	414	893	776	523	622	649	459	471	667	623	453	710	606	406	710	333	674	727	0	695	385	516	458	850	515	776	681	646	346	715	472	557	755	834	628	860	506	560	661	526	604	673	625	372	467	395	774	
803	874	746	326	685	435	498	717	538	319	521	869	345	464	750	720	595	549	507	389	898	815	716	331	717	855	482	662	591	492	444	628	695	0	696	743	545	448	887	666	631	534	565	849	310	460	586	504	337	728	385	309	588	797	638	544	364	692	484	463	339	
589	715	832	567	570	454	891	760	476	452	596	647	655	715	603	671	877	862	432	897	645	330	528	431	416	432	495	404	738	526	638	372	385	696	0	416	715	409	623	509	416	748	861	615	337	414	369	731	394	619	662	888	703	359	885	893	801	517	792	894	388	
549	761	689	743	302	694	446	561	698	498	571	544	525	781	579	415	758	777	315	577	420	406	577	477	539	594	363	614	627	345	491	347	516	743	416	0	568	471	335	811	601	695	472	771	361	814	689	649	308	514	449	856	752	622	532	406	777	670	476	320	381	
778	821	397	356	378	658	359	561	366	574	717	483	773	491	797	884	511	399	323	499	313	445	841	630	322	846	477	728	619	558	829	752	458	545	715	568	0	431	683	879	370	738	674	812	703	855	533	741	740	709	820	517	411	428	701	764	699	393	692	609	352	
523	593	885	312	710	580	331	765	431	404	463	827	485	708	885	431	326	805	309	569	328	434	780	576	386	666	685	826	443	825	444	746	850	448	409	471	431	0	878	612	428	728	300	704	736	446	485	601	479	738	408	686	620	796	407	789	566	626	837	893	331	
677	366	726	645	715	415	897	374	778	378	746	851	538	751	890	538	348	372	522	304	823	776	381	884	808	435	325	385	476	823	322	621	515	887	623	335	683	878	0	505	773	710	612	620	327	669	588	464	324	881	545	854	845	382	491	744	843	779	585	807	355	
365	343	831	861	588	659	579	373	409	593	791	559	521	811	578	788	851	792	793	659	868	315	721	684	444	891	459	472	741	733	426	513	776	666	509	811	879	612	505	0	652	531	302	432	505	459	482	843	573	805	384	470	538	508	336	609	427	817	328	496	882	
798	862	467	893	308	593	442	431	803	564	740	377	786	816	888	861	525	445	473	629	703	355	408	689	384	391	553	331	680	511	759	736	681	631	416	601	370	428	773	652	0	349	483	697	811	453	825	331	596	357	806	726	820	718	636	840	691	778	472	899	337	
428	348	438	812	764	421	422	898	417	472	466	810	510	556	338	336	403	788	786	413	425	773	701	528	398	552	452	720	673	743	436	685	646	534	748	695	738	728	710	531	349	0	616	678	822	646	610	425	326	335	486	604	867	375	767	757	495	681	889	625	523	
507	358	716	409	437	353	491	629	400	899	684	423	716	686	730	718	663	418	780	648	859	407	802	632	800	740	896	705	784	380	814	667	346	565	861	472	674	300	612	302	483	616	0	800	472	744	410	527	859	727	681	563	366	710	389	511	513	333	623	721	712	
834	499	309	683	739	396	564	344	497	652	446	508	603	342	739	436	627	626	306	487	650	510	807	391	687	804	819	641	383	852	732	641	715	849	615	771	812	704	620	432	697	678	800	0	411	735	661	877	541	372	793	473	397	849	807	579	666	521	769	594	313	
739	356	822	613	487	343	704	625	531	698	553	596	891	493	510	373	337	859	371	617	311	448	898	570	786	889	344	329	549	306	567	759	472	310	337	361	703	736	327	505	811	822	472	411	0	521	837	346	464	304	302	369	506	368	669	341	520	679	671	643	815	
531	413	615	512	877	854	353	527	714	310	312	515	871	708	580	893	552	692	899	519	859	434	528	556	424	723	575	873	413	779	528	492	557	460	414	814	855	446	669	459	453	646	744	735	521	0	749	670	813	712	804	370	663	400	402	361	605	326	413	805	415	
709	773	421	868	577	663	415	841	438	723	771	643	416	312	357	655	381	327	801	835	421	797	488	878	751	476	768	452	870	441	508	649	755	586	369	689	533	485	588	482	825	610	410	661	837	749	0	822	536	540	822	544	691	594	502	814	511	665	717	722	314	
471	441	373	616	421	819	765	600	715	865	358	667	358	493	684	502	468	811	614	617	514	432	574	493	614	833	601	400	589	387	755	445	834	504	731	649	741	601	464	843	331	425	527	877	346	670	822	0	387	839	743	812	723	336	560	394	514	669	446	470	762	
549	334	870	408	414	639	614	423	414	606	667	761	679	448	486	698	394	664	813	385	749	624	456	336	819	504	740	377	434	694	508	453	628	337	394	308	740	479	324	573	596	326	859	541	464	813	536	387	0	507	827	449	622	445	814	680	728	734	587	671	702	
528	575	396	747	524	794	716	636	827	347	657	820	830	564	433	389	726	821	458	715	570	582	778	728	302	599	772	853	743	320	653	620	860	728	619	514	709	738	881	805	357	335	727	372	304	712	540	839	507	0	736	398	622	667	586	689	686	315	497	633	867	
634	675	656	778	561	314	551	786	320	482	798	600	643	879	325	602	829	837	823	760	701	681	456	543	684	853	673	353	534	605	597	669	506	385	662	449	820	408	545	384	806	486	681	793	302	804	822	743	827	736	0	774	851	344	696	637	420	807	733	895	740	
797	317	754	840	435	627	491	570	847	838	721	744	727	832	377	553	627	785	747	345	377	802	522	319	438	424	567	594	544	869	610	559	560	309	888	856	517	686	854	470	726	604	563	473	369	370	544	812	449	398	774	0	328	816	593	314	814	503	747	588	498	
690	871	495	835	339	645	569	849	314	549	381	719	314	608	607	538	360	599	443	406	401	742	802	332	411	533	378	869	377	692	619	451	661	588	703	752	411	620	845	538	820	867	366	397	506	663	691	723	622	622	851	328	0	510	399	728	805	582	323	616	611	
547	352	545	471	592	308	826	872	330	355	859	348	469	519	873	337	392	770	727	688	848	677	772	482	507	702	788	361	824	378	519	803	526	797	359	622	428	796	382	508	718	375	710	849	368	400	594	336	445	667	344	816	510	0	469	474	618	756	578	741	828	
840	668	444	557	813	460	770	409	381	561	300	823	548	598	425	462	398	543	731	461	886	651	739	893	848	758	445	748	694	536	405	768	604	638	885	532	701	407	491	336	636	767	389	807	669	402	502	560	814	586	696	593	399	469	0	615	649	357	313	748	361	
625	306	863	774	637	661	648	494	357	540	570	666	502	517	689	658	772	738	894	719	830	548	379	480	540	449	383	639	317	515	781	676	673	544	893	406	764	789	744	609	840	757	511	579	341	361	814	394	680	689	637	314	728	474	615	0	329	865	675	304	792	
892	836	329	842	840	801	321	312	353	472	399	646	622	874	657	550	811	338	513	472	491	809	567	680	768	632	737	310	625	404	535	881	625	364	801	777	699	566	843	427	691	495	513	666	520	605	511	514	728	686	420	814	805	618	649	329	0	491	335	474	703	
698	700	806	355	892	765	773	420	835	611	510	845	337	675	387	848	480	762	699	691	896	896	452	371	316	786	541	305	787	356	433	628	372	692	517	670	393	626	779	817	778	681	333	521	679	326	665	669	734	315	807	503	582	756	357	865	491	0	412	736	429	
856	530	525	322	721	688	414	693	462	770	381	472	679	561	800	436	733	609	798	784	525	392	673	529	832	810	676	618	747	617	816	794	467	484	792	476	692	837	585	328	472	889	623	769	671	413	717	446	587	497	733	747	323	578	313	675	335	412	0	565	373	
393	373	419	687	366	897	823	417	380	750	354	530	754	891	619	557	343	601	509	891	715	820	478	704	430	780	774	798	407	460	495	475	395	463	894	320	609	893	807	496	899	625	721	594	643	805	722	470	671	633	895	588	616	741	748	304	474	736	565	0	714	
863	701	641	764	751	730	605	791	320	812	322	667	451	622	839	560	692	872	808	471	309	335	682	471	868	535	323	393	766	564	752	753	774	339	388	381	352	331	355	882	337	523	712	313	815	415	314	762	702	867	740	498	611	828	361	792	703	429	373	714	0	
etats
Id_Station	Poids W	Min (P)	WSPT	Priorité	
1	3				
2	4				
3	4				
4	5				
5	5				
6	1				
7	7				
8	5				
9	2				
10	6				
11	2				
12	9				
13	1				
14	7				
15	5				
16	4				
17	6				
18	6				
19	4				
20	8				
21	1				
22	3				
23	5				
24	6				
25	3				
26	2				
27	4				
28	1				
29	8				
30	8				
31	3				
32	6				
33	3				
34	1				
35	9				
36	8				
37	9				
38	4				
39	7				
40	8				
41	7				
42	3				
43	2				
44	7				
45	7				
46	1				
47	6				
48	2				
49	2				
50	3				
51	2				
52	7				
53	8				
54	3				
55	7				
56	5				
57	3				
58	8				
59	8				
60	2				

