distances
0	777	623	650	481	562	583	665	465	671	714	399	336	576	798	689	841	535	473	669	769	664	596	732	684	691	583	753	741	339	653	620	449	649	370	732	865	488	819	871	560	622	611	562	357	860	725	640	647	650	471	402	504	433	893	611	740	659	563	759	456	
777	0	378	530	657	582	766	848	570	680	813	778	868	418	721	679	501	864	692	642	632	746	553	364	528	355	349	831	423	556	754	715	759	864	402	800	326	475	446	388	444	855	483	603	710	831	609	895	455	516	679	525	819	764	358	756	450	653	542	630	337	
623	378	0	591	553	651	743	878	878	327	365	445	785	493	391	320	494	650	412	805	688	580	597	455	384	627	390	433	823	508	576	855	387	720	580	613	786	301	896	460	749	863	311	611	317	673	850	539	360	870	835	507	418	562	687	558	699	783	333	741	601	
650	530	591	0	707	811	494	390	343	574	742	792	850	648	545	869	837	356	866	599	318	785	723	774	508	517	399	892	674	415	745	429	820	849	842	326	664	407	511	715	331	352	840	343	517	695	707	618	346	489	426	877	647	655	338	589	552	888	606	654	373	
481	657	553	707	0	411	840	548	855	675	558	620	415	849	731	826	821	315	314	491	659	666	416	510	664	899	782	758	520	473	537	501	648	879	880	582	740	311	549	555	899	805	338	403	408	869	371	889	315	471	522	602	480	464	411	716	877	680	478	310	703	
562	582	651	811	411	0	717	871	381	636	874	750	847	763	523	561	829	608	371	793	588	739	371	537	457	557	572	431	372	482	484	324	631	567	748	685	416	502	611	875	812	878	318	493	385	859	385	710	419	356	520	840	851	597	816	323	432	511	662	473	436	
583	766	743	494	840	717	0	351	793	789	563	811	778	496	807	843	318	898	440	641	367	799	408	759	354	773	790	453	558	557	676	391	668	373	369	866	467	882	700	401	628	769	784	376	444	701	402	345	307	381	382	858	744	386	690	479	512	761	380	455	668	
665	848	878	390	548	871	351	0	785	860	305	683	860	656	896	441	663	379	370	847	731	372	325	794	475	402	716	409	560	615	693	563	375	391	345	757	611	712	513	556	439	300	416	376	417	307	808	532	893	649	841	760	899	446	899	601	679	781	376	598	835	
465	570	878	343	855	381	793	785	0	476	594	658	553	593	447	732	411	667	511	426	818	431	300	625	633	316	447	728	414	839	515	787	626	555	566	669	519	330	789	521	424	728	419	653	781	443	881	652	561	859	419	681	414	463	491	323	792	778	799	873	468	
671	680	327	574	675	636	789	860	476	0	710	330	594	860	309	585	575	521	653	605	817	509	659	554	899	318	739	586	382	681	561	842	752	306	462	458	662	393	338	457	695	680	492	854	390	586	640	652	401	596	696	338	857	761	709	614	453	306	565	872	366	
714	813	365	742	558	874	563	305	594	710	0	391	691	754	432	892	626	863	506	704	828	510	684	664	719	836	662	419	854	561	408	335	530	550	360	351	837	893	632	510	419	522	540	741	594	308	644	525	808	610	356	514	753	301	432	634	588	459	387	363	672	
399	778	445	792	620	750	811	683	658	330	391	0	703	595	348	438	654	879	828	454	820	535	630	854	336	562	396	464	418	791	885	482	857	814	691	322	618	780	390	393	652	371	758	697	756	800	382	425	848	529	780	344	356	382	821	682	846	873	463	664	762	
336	868	785	850	415	847	778	860	553	594	691	703	0	369	464	464	604	341	358	708	349	386	677	579	609	376	787	336	702	463	395	441	711	417	379	644	849	419	808	487	544	499	862	747	448	667	716	894	330	416	314	495	580	833	778	406	489	386	597	559	897	
576	418	493	648	849	763	496	656	593	860	754	595	369	0	337	725	367	332	655	549	340	824	526	463	428	347	772	846	484	826	442	411	846	313	441	531	738	626	762	388	773	321	665	726	843	322	338	407	490	881	784	731	750	732	397	628	468	508	665	749	593	
798	721	391	545	731	523	807	896	447	309	432	348	464	337	0	593	561	423	529	751	814	639	628	526	678	580	599	725	362	695	629	334	447	343	352	313	825	691	481	715	795	862	346	850	825	793	772	621	425	358	663	483	712	791	422	319	536	433	737	896	687	
689	679	320	869	826	561	843	441	732	585	892	438	464	725	593	0	495	678	481	546	629	861	405	339	533	791	349	329	769	489	508	739	792	511	649	309	728	453	500	560	433	557	354	429	540	363	464	384	551	327	845	847	554	724	345	799	333	658	776	695	400	
841	501	494	837	821	829	318	663	411	575	626	654	604	367	561	495	0	732	848	503	429	857	725	499	833	497	790	524	672	723	398	325	388	305	626	863	764	511	497	319	575	365	561	454	510	835	769	792	405	357	502	433	584	601	410	863	770	547	517	411	843	
535	864	650	356	315	608	898	379	667	521	863	879	341	332	423	678	732	0	350	460	341	391	516	520	836	622	713	553	499	871	615	337	431	759	561	510	802	632	778	667	875	622	578	355	434	891	862	794	688	432	858	350	319	848	716	427	742	633	894	616	665	
473	692	412	866	314	371	440	370	511	653	506	828	358	655	529	481	848	350	0	518	620	422	374	399	854	868	310	543	533	770	787	756	698	884	866	412	835	435	834	611	726	866	558	385	569	739	478	347	636	731	794	657	695	793	746	453	306	705	834	366	446	
669	642	805	599	491	793	641	847	426	605	704	454	708	549	751	546	503	460	518	0	767	756	768	467	803	540	589	365	731	451	836	315	494	871	493	839	781	890	877	739	736	563	649	653	398	436	470	303	409	483	703	808	396	614	590	404	778	728	318	782	310	
769	632	688	318	659	588	367	731	818	817	828	820	349	340	814	629	429	341	620	767	0	674	605	463	807	618	385	876	737	391	324	355	700	712	471	739	614	510	441	565	448	449	379	321	391	572	447	399	730	338	630	456	484	500	783	638	539	859	777	346	639	
664	746	580	785	666	739	799	372	431	509	510	535	386	824	639	861	857	391	422	756	674	0	576	780	629	418	590	323	514	441	310	664	871	734	457	757	312	669	886	305	645	458	872	499	777	681	887	498	360	592	424	310	725	894	545	726	654	888	710	806	890	
596	553	597	723	416	371	408	325	300	659	684	630	677	526	628	405	725	516	374	768	605	576	0	378	476	801	567	819	873	532	783	661	526	545	364	564	352	406	706	585	814	608	335	814	720	872	595	568	840	879	335	894	862	369	568	559	362	370	447	814	408	
732	364	455	774	510	537	759	794	625	554	664	854	579	463	526	339	499	520	399	467	463	780	378	0	311	530	385	577	349	534	587	426	526	336	667	557	819	501	331	835	408	505	759	653	736	861	744	529	839	732	799	550	720	694	570	870	888	815	676	370	575	
684	528	384	508	664	457	354	475	633	899	719	336	609	428	678	533	833	836	854	803	807	629	476	311	0	847	593	455	399	664	521	358	715	752	631	799	339	806	419	658	593	693	720	302	689	651	640	635	450	605	878	687	742	612	654	395	525	588	546	690	782	
691	355	627	517	899	557	773	402	316	318	836	562	376	347	580	791	497	622	868	540	618	418	801	530	847	0	322	405	409	695	622	383	770	887	891	894	756	708	571	586	319	720	588	882	553	628	479	884	645	632	796	394	755	872	659	470	518	476	841	466	691	
583	349	390	399	782	572	790	716	447	739	662	396	787	772	599	349	790	713	310	589	385	590	567	385	593	322	0	542	742	471	644	771	715	745	490	762	519	691	395	382	676	387	831	782	407	848	713	770	774	556	614	423	638	856	493	699	528	347	311	899	399	
753	831	433	892	758	431	453	409	728	586	419	464	336	846	725	329	524	553	543	365	876	323	819	577	455	405	542	0	649	338	658	427	326	866	533	399	464	579	605	666	503	793	419	759	356	641	883	524	413	685	831	714	632	514	749	331	754	371	338	386	342	
741	423	823	674	520	372	558	560	414	382	854	418	702	484	362	769	672	499	533	731	737	514	873	349	399	409	742	649	0	585	831	853	383	824	753	527	856	465	766	317	317	322	432	767	490	306	378	633	825	387	797	768	354	518	325	661	846	596	535	694	686	
339	556	508	415	473	482	557	615	839	681	561	791	463	826	695	489	723	871	770	451	391	441	532	534	664	695	471	338	585	0	640	524	833	741	485	393	779	396	724	535	705	866	356	303	771	551	800	350	878	832	427	546	428	710	720	483	793	443	721	552	619	
653	754	576	745	537	484	676	693	515	561	408	885	395	442	629	508	398	615	787	836	324	310	783	587	521	622	644	658	831	640	0	381	448	885	840	541	897	840	871	604	736	872	384	589	776	674	664	888	664	842	491	380	795	561	849	487	368	309	807	686	789	
620	715	855	429	501	324	391	563	787	842	335	482	441	411	334	739	325	337	756	315	355	664	661	426	358	383	771	427	853	524	381	0	448	798	805	472	567	756	498	453	607	758	829	553	480	374	627	770	668	571	816	409	558	467	514	369	476	420	869	586	434	
449	759	387	820	648	631	668	375	626	752	530	857	711	846	447	792	388	431	698	494	700	871	526	526	715	770	715	326	383	833	448	448	0	651	616	839	378	847	469	622	544	741	817	355	746	724	817	374	547	659	455	334	465	593	449	810	446	445	708	314	879	
649	864	720	849	879	567	373	391	555	306	550	814	417	313	343	511	305	759	884	871	712	734	545	336	752	887	745	866	824	741	885	798	651	0	640	600	301	333	415	662	452	469	342	825	560	525	837	623	523	495	855	575	498	376	447	458	364	787	798	384	389	
370	402	580	842	880	748	369	345	566	462	360	691	379	441	352	649	626	561	866	493	471	457	364	667	631	891	490	533	753	485	840	805	616	640	0	806	429	731	775	862	520	518	460	492	391	517	707	684	796	777	481	469	734	706	711	664	342	315	744	447	588	
732	800	613	326	582	685	866	757	669	458	351	322	644	531	313	309	863	510	412	839	739	757	564	557	799	894	762	399	527	393	541	472	839	600	806	0	315	702	696	316	603	847	792	368	769	868	341	786	773	753	476	310	570	745	682	589	523	481	664	387	307	
865	326	786	664	740	416	467	611	519	662	837	618	849	738	825	728	764	802	835	781	614	312	352	819	339	756	519	464	856	779	897	567	378	301	429	315	0	742	395	325	525	667	431	485	786	591	703	472	832	391	505	625	430	870	814	404	565	457	857	732	556	
488	475	301	407	311	502	882	712	330	393	893	780	419	626	691	453	511	632	435	890	510	669	406	501	806	708	691	579	465	396	840	756	847	333	731	702	742	0	453	590	567	775	339	618	640	471	577	464	387	460	891	485	584	619	822	502	465	334	706	503	855	
819	446	896	511	549	611	700	513	789	338	632	390	808	762	481	500	497	778	834	877	441	886	706	331	419	571	395	605	766	724	871	498	469	415	775	696	395	453	0	756	586	575	820	515	762	395	322	808	584	814	680	369	616	755	560	491	700	550	679	723	862	
871	388	460	715	555	875	401	556	521	457	510	393	487	388	715	560	319	667	611	739	565	305	585	835	658	586	382	666	317	535	604	453	622	662	862	316	325	590	756	0	625	431	586	849	672	315	374	434	880	340	369	448	443	575	337	351	355	466	324	654	891	
560	444	749	331	899	812	628	439	424	695	419	652	544	773	795	433	575	875	726	736	448	645	814	408	593	319	676	503	317	705	736	607	544	452	520	603	525	567	586	625	0	523	626	453	654	502	639	681	788	561	824	493	372	727	691	493	897	835	472	744	380	
622	855	863	352	805	878	769	300	728	680	522	371	499	321	862	557	365	622	866	563	449	458	608	505	693	720	387	793	322	866	872	758	741	469	518	847	667	775	575	431	523	0	309	656	318	711	772	725	370	639	744	382	727	573	320	418	566	886	338	552	473	
611	483	311	840	338	318	784	416	419	492	540	758	862	665	346	354	561	578	558	649	379	872	335	759	720	588	831	419	432	356	384	829	817	342	460	792	431	339	820	586	626	309	0	469	399	732	538	467	537	388	369	448	315	874	381	369	402	569	456	843	556	
562	603	611	343	403	493	376	376	653	854	741	697	747	726	850	429	454	355	385	653	321	499	814	653	302	882	782	759	767	303	589	553	355	825	492	368	485	618	515	849	453	656	469	0	422	798	646	316	636	679	421	641	876	859	677	524	437	683	778	424	465	
357	710	317	517	408	385	444	417	781	390	594	756	448	843	825	540	510	434	569	398	391	777	720	736	689	553	407	356	490	771	776	480	746	560	391	769	786	640	762	672	654	318	399	422	0	867	443	730	470	784	885	600	689	469	656	542	567	438	648	822	307	
860	831	673	695	869	859	701	307	443	586	308	800	667	322	793	363	835	891	739	436	572	681	872	861	651	628	848	641	306	551	674	374	724	525	517	868	591	471	395	315	502	711	732	798	867	0	335	385	435	764	789	528	313	363	661	829	576	407	326	528	501	
725	609	850	707	371	385	402	808	881	640	644	382	716	338	772	464	769	862	478	470	447	887	595	744	640	479	713	883	378	800	664	627	817	837	707	341	703	577	322	374	639	772	538	646	443	335	0	894	395	897	896	530	703	825	820	504	661	445	497	412	574	
640	895	539	618	889	710	345	532	652	652	525	425	894	407	621	384	792	794	347	303	399	498	568	529	635	884	770	524	633	350	888	770	374	623	684	786	472	464	808	434	681	725	467	316	730	385	894	0	651	602	456	857	845	408	858	368	879	340	441	347	612	
647	455	360	346	315	419	307	893	561	401	808	848	330	490	425	551	405	688	636	409	730	360	840	839	450	645	774	413	825	878	664	668	547	523	796	773	832	387	584	880	788	370	537	636	470	435	395	651	0	323	843	564	890	312	792	838	529	856	429	310	751	
650	516	870	489	471	356	381	649	859	596	610	529	416	881	358	327	357	432	731	483	338	592	879	732	605	632	556	685	387	832	842	571	659	495	777	753	391	460	814	340	561	639	388	679	784	764	897	602	323	0	728	606	693	442	433	811	605	573	553	604	716	
471	679	835	426	522	520	382	841	419	696	356	780	314	784	663	845	502	858	794	703	630	424	335	799	878	796	614	831	797	427	491	816	455	855	481	476	505	891	680	369	824	744	369	421	885	789	896	456	843	728	0	371	520	396	433	752	697	612	420	645	890	
402	525	507	877	602	840	858	760	681	338	514	344	495	731	483	847	433	350	657	808	456	310	894	550	687	394	423	714	768	546	380	409	334	575	469	310	625	485	369	448	493	382	448	641	600	528	530	857	564	606	371	0	445	330	504	818	435	301	662	330	879	
504	819	418	647	480	851	744	899	414	857	753	356	580	750	712	554	584	319	695	396	484	725	862	720	742	755	638	632	354	428	795	558	465	498	734	570	430	584	616	443	372	727	315	876	689	313	703	845	890	693	520	445	0	889	867	441	341	403	515	564	788	
433	764	562	655	464	597	386	446	463	761	301	382	833	732	791	724	601	848	793	614	500	894	369	694	612	872	856	514	518	710	561	467	593	376	706	745	870	619	755	575	727	573	874	859	469	363	825	408	312	442	396	330	889	0	899	570	728	438	808	774	817	
893	358	687	338	411	816	690	899	491	709	432	821	778	397	422	345	410	716	746	590	783	545	568	570	654	659	493	749	325	720	849	514	449	447	711	682	814	822	560	337	691	320	381	677	656	661	820	858	792	433	433	504	867	899	0	859	814	465	596	635	804	
611	756	558	589	716	323	479	601	323	614	634	682	406	628	319	799	863	427	453	404	638	726	559	870	395	470	699	331	661	483	487	369	810	458	664	589	404	502	491	351	493	418	369	524	542	829	504	368	838	811	752	818	441	570	859	0	725	433	356	786	748	
740	450	699	552	877	432	512	679	792	453	588	846	489	468	536	333	770	742	306	778	539	654	362	888	525	518	528	754	846	793	368	476	446	364	342	523	565	465	700	355	897	566	402	437	567	576	661	879	529	605	697	435	341	728	814	725	0	467	560	413	655	
659	653	783	888	680	511	761	781	778	306	459	873	386	508	433	658	547	633	705	728	859	888	370	815	588	476	347	371	596	443	309	420	445	787	315	481	457	334	550	466	835	886	569	683	438	407	445	340	856	573	612	301	403	438	465	433	467	0	655	306	784	
563	542	333	606	478	662	380	376	799	565	387	463	597	665	737	776	517	894	834	318	777	710	447	676	546	841	311	338	535	721	807	869	708	798	744	664	857	706	679	324	472	338	456	778	648	326	497	441	429	553	420	662	515	808	596	356	560	655	0	777	849	
759	630	741	654	310	473	455	598	873	872	363	664	559	749	896	695	411	616	366	782	346	806	814	370	690	466	899	386	694	552	686	586	314	384	447	387	732	503	723	654	744	552	843	424	822	528	412	347	310	604	645	330	564	774	635	786	413	306	777	0	871	
456	337	601	373	703	436	668	835	468	366	672	762	897	593	687	400	843	665	446	310	639	890	408	575	782	691	399	342	686	619	789	434	879	389	588	307	556	855	862	891	380	473	556	465	307	501	574	612	751	716	890	879	788	817	804	748	655	784	849	871	0	
etats
Id_Station	Poids W	Min (P)	WSPT	Priorité	
1	6				
2	7				
3	6				
4	1				
5	8				
6	2				
7	6				
8	5				
9	4				
10	9				
11	2				
12	8				
13	9				
14	1				
15	9				
16	8				
17	1				
18	1				
19	1				
20	4				
21	5				
22	1				
23	6				
24	9				
25	2				
26	1				
27	9				
28	2				
29	5				
30	4				
31	4				
32	7				
33	1				
34	7				
35	5				
36	8				
37	2				
38	2				
39	3				
40	2				
41	4				
42	6				
43	1				
44	1				
45	1				
46	9				
47	7				
48	8				
49	1				
50	9				
51	4				
52	1				
53	5				
54	2				
55	4				
56	9				
57	5				
58	5				
59	3				
60	9				
