distances
0	543	611	695	632	828	346	567	778	755	665	672	514	845	772	310	745	512	563	573	767	789	592	826	788	597	390	679	335	734	372	543	881	456	391	648	881	537	731	722	318	564	443	610	871	801	475	807	554	379	600	731	483	450	549	447	322	743	875	501	400	
543	0	681	311	638	654	627	847	823	576	517	747	697	418	737	673	448	664	531	646	340	780	336	410	598	347	837	536	610	838	659	317	623	857	702	885	877	745	787	765	567	739	845	452	841	714	681	762	680	486	362	441	716	535	567	884	356	509	823	648	345	
611	681	0	807	633	688	642	796	443	761	400	545	605	609	677	426	540	673	490	804	318	575	677	302	647	581	651	898	802	847	360	321	442	518	382	519	344	811	526	662	800	632	569	303	853	684	622	738	799	312	419	534	509	378	404	751	855	315	711	809	738	
695	311	807	0	860	665	512	329	324	445	372	415	659	749	359	837	441	626	445	654	555	315	508	756	433	610	676	571	405	722	487	406	662	380	856	576	711	813	851	392	331	887	787	396	851	409	564	746	426	800	708	398	607	825	499	854	674	418	693	733	738	
632	638	633	860	0	465	337	798	851	577	804	879	796	400	340	508	853	675	399	884	757	403	713	305	414	628	319	568	724	545	879	665	813	800	693	713	643	601	493	863	838	507	587	306	699	306	726	566	561	673	726	364	450	394	382	678	529	380	407	507	528	
828	654	688	665	465	0	330	549	476	319	797	310	470	819	379	899	853	729	658	614	807	428	697	411	696	525	677	807	878	550	442	384	802	434	428	894	614	654	345	349	308	841	813	331	653	360	828	329	734	405	394	420	729	570	439	736	659	741	560	569	348	
346	627	642	512	337	330	0	386	315	476	400	353	625	745	469	472	654	331	815	625	342	633	582	715	676	769	313	524	839	788	543	338	744	452	820	326	309	723	395	500	591	690	865	577	610	595	777	495	804	573	669	498	846	870	596	512	626	799	394	810	614	
567	847	796	329	798	549	386	0	728	530	866	725	899	604	892	564	489	429	367	568	587	799	826	787	454	310	340	460	446	551	684	646	471	600	371	802	845	557	570	714	343	791	391	483	317	725	581	837	608	582	440	553	371	891	566	692	572	822	476	339	763	
778	823	443	324	851	476	315	728	0	724	601	347	399	528	854	855	896	834	782	594	619	384	443	735	804	721	875	854	768	464	319	799	310	564	637	812	637	880	612	767	649	727	312	812	717	564	415	573	469	654	578	454	675	590	445	567	482	796	311	538	840	
755	576	761	445	577	319	476	530	724	0	334	442	671	488	744	424	393	513	609	832	427	322	309	755	889	584	724	760	342	777	451	790	790	849	393	733	734	731	523	327	686	757	399	880	487	850	774	336	519	766	656	313	645	598	410	518	726	888	425	850	785	
665	517	400	372	804	797	400	866	601	334	0	882	389	811	308	684	527	785	309	583	754	356	777	329	804	439	397	774	481	576	480	329	500	371	630	682	381	824	460	848	827	460	717	604	660	455	361	307	379	678	443	629	347	375	502	441	724	736	654	879	765	
672	747	545	415	879	310	353	725	347	442	882	0	646	484	467	826	464	469	537	643	652	454	698	871	356	869	388	714	605	431	394	664	351	600	553	406	326	612	689	661	646	677	863	814	423	322	796	841	541	315	433	316	681	417	421	678	439	647	691	506	789	
514	697	605	659	796	470	625	899	399	671	389	646	0	556	784	585	300	603	577	449	699	833	711	322	582	801	707	432	579	645	883	335	428	839	441	456	428	601	673	779	330	330	813	445	677	638	837	669	785	575	425	498	873	882	858	719	697	773	614	440	685	
845	418	609	749	400	819	745	604	528	488	811	484	556	0	829	405	775	840	892	509	801	785	726	808	678	650	893	491	809	897	549	656	668	450	744	702	343	359	882	815	582	386	862	729	519	400	740	496	477	523	653	881	679	499	637	800	820	511	833	848	589	
772	737	677	359	340	379	469	892	854	744	308	467	784	829	0	650	560	588	656	371	712	500	840	410	640	444	848	386	496	458	404	564	825	556	499	728	673	428	617	467	411	782	610	821	765	478	462	885	417	885	671	810	577	723	370	760	498	798	425	364	879	
310	673	426	837	508	899	472	564	855	424	684	826	585	405	650	0	484	601	862	693	738	361	569	580	669	556	640	477	767	405	723	520	450	437	783	429	319	752	726	366	858	345	644	649	838	342	376	677	827	304	890	458	814	860	659	604	797	647	722	697	471	
745	448	540	441	853	853	654	489	896	393	527	464	300	775	560	484	0	625	878	507	346	646	401	550	784	656	477	321	666	435	511	784	489	882	625	426	819	339	530	357	652	401	606	731	855	819	593	888	767	333	572	305	316	338	890	677	347	332	645	747	564	
512	664	673	626	675	729	331	429	834	513	785	469	603	840	588	601	625	0	345	325	796	668	877	850	687	412	811	641	624	774	849	651	873	519	807	813	775	334	648	334	533	319	429	554	353	356	480	601	408	844	424	384	428	757	508	886	561	823	764	796	815	
563	531	490	445	399	658	815	367	782	609	309	537	577	892	656	862	878	345	0	524	884	526	388	532	492	365	504	759	455	374	670	561	640	744	321	690	454	749	687	892	326	545	542	462	797	765	477	476	652	321	632	570	478	494	427	355	831	691	709	496	306	
573	646	804	654	884	614	625	568	594	832	583	643	449	509	371	693	507	325	524	0	314	738	668	706	620	837	856	824	379	737	337	317	483	659	857	343	666	508	722	467	657	593	465	416	812	427	521	872	847	874	885	854	780	515	680	598	305	331	496	625	789	
767	340	318	555	757	807	342	587	619	427	754	652	699	801	712	738	346	796	884	314	0	715	352	784	755	441	416	812	709	309	481	633	842	836	458	587	472	865	754	807	308	715	318	799	324	561	744	728	712	408	872	518	641	879	611	830	715	750	449	463	849	
789	780	575	315	403	428	633	799	384	322	356	454	833	785	500	361	646	668	526	738	715	0	802	453	690	686	470	898	565	393	447	671	611	395	303	478	851	811	300	783	772	651	711	537	820	829	304	659	799	768	378	804	574	895	489	474	891	596	452	436	860	
592	336	677	508	713	697	582	826	443	309	777	698	711	726	840	569	401	877	388	668	352	802	0	310	496	600	768	812	529	522	827	372	829	436	767	499	363	468	733	317	849	650	695	834	803	608	798	451	865	369	600	888	837	422	810	544	595	358	509	414	452	
826	410	302	756	305	411	715	787	735	755	329	871	322	808	410	580	550	850	532	706	784	453	310	0	436	386	453	578	661	499	371	534	722	629	432	582	709	596	800	814	731	894	312	520	845	464	571	834	890	792	475	344	557	655	711	828	645	595	605	774	839	
788	598	647	433	414	696	676	454	804	889	804	356	582	678	640	669	784	687	492	620	755	690	496	436	0	522	744	324	302	455	739	725	524	482	771	449	524	619	303	409	872	376	361	588	707	556	706	706	434	529	380	495	526	445	633	842	503	501	494	811	749	
597	347	581	610	628	525	769	310	721	584	439	869	801	650	444	556	656	412	365	837	441	686	600	386	522	0	524	500	768	806	592	383	793	571	502	840	869	330	429	743	767	443	866	435	463	745	898	785	832	515	591	394	652	470	665	536	688	601	461	741	565	
390	837	651	676	319	677	313	340	875	724	397	388	707	893	848	640	477	811	504	856	416	470	768	453	744	524	0	824	794	358	712	684	363	858	814	876	813	761	462	771	800	577	779	785	532	420	622	647	643	424	727	548	551	562	572	522	422	766	845	562	477	
679	536	898	571	568	807	524	460	854	760	774	714	432	491	386	477	321	641	759	824	812	898	812	578	324	500	824	0	729	880	536	805	457	342	792	745	366	757	682	482	514	765	865	592	652	864	643	714	434	831	500	671	833	345	483	545	862	844	737	644	499	
335	610	802	405	724	878	839	446	768	342	481	605	579	809	496	767	666	624	455	379	709	565	529	661	302	768	794	729	0	552	420	848	604	365	418	809	401	725	758	418	765	327	376	517	438	384	632	536	437	743	599	401	651	616	371	348	609	491	395	802	410	
734	838	847	722	545	550	788	551	464	777	576	431	645	897	458	405	435	774	374	737	309	393	522	499	455	806	358	880	552	0	674	487	483	774	486	571	520	755	874	576	829	788	602	637	712	651	652	467	370	848	740	433	495	875	782	899	750	595	310	600	451	
372	659	360	487	879	442	543	684	319	451	480	394	883	549	404	723	511	849	670	337	481	447	827	371	739	592	712	536	420	674	0	549	474	656	598	700	305	476	550	887	868	656	548	453	387	577	876	803	706	424	319	840	486	630	300	333	691	860	817	693	705	
543	317	321	406	665	384	338	646	799	790	329	664	335	656	564	520	784	651	561	317	633	671	372	534	725	383	684	805	848	487	549	0	417	337	503	776	797	779	828	848	366	391	508	582	349	511	389	821	397	322	598	308	651	598	552	507	738	311	896	597	499	
881	623	442	662	813	802	744	471	310	790	500	351	428	668	825	450	489	873	640	483	842	611	829	722	524	793	363	457	604	483	474	417	0	474	490	326	425	508	871	717	577	655	718	506	378	675	677	769	725	330	717	644	750	475	521	423	384	883	446	793	337	
456	857	518	380	800	434	452	600	564	849	371	600	839	450	556	437	882	519	744	659	836	395	436	629	482	571	858	342	365	774	656	337	474	0	519	359	879	609	667	537	748	778	419	366	353	382	589	590	882	848	454	476	732	329	843	873	620	565	428	403	546	
391	702	382	856	693	428	820	371	637	393	630	553	441	744	499	783	625	807	321	857	458	303	767	432	771	502	814	792	418	486	598	503	490	519	0	682	721	466	508	713	479	728	802	706	381	743	856	666	789	324	459	544	454	324	509	756	746	647	372	840	806	
648	885	519	576	713	894	326	802	812	733	682	406	456	702	728	429	426	813	690	343	587	478	499	582	449	840	876	745	809	571	700	776	326	359	682	0	840	413	673	799	445	787	747	336	515	872	546	370	670	562	740	690	621	704	381	350	808	587	854	814	527	
881	877	344	711	643	614	309	845	637	734	381	326	428	343	673	319	819	775	454	666	472	851	363	709	524	869	813	366	401	520	305	797	425	879	721	840	0	633	751	863	579	892	607	314	632	353	897	779	589	880	657	871	701	547	444	526	460	441	813	752	535	
537	745	811	813	601	654	723	557	880	731	824	612	601	359	428	752	339	334	749	508	865	811	468	596	619	330	761	757	725	755	476	779	508	609	466	413	633	0	540	400	516	415	593	862	732	572	748	676	564	814	356	688	361	393	487	531	424	640	676	445	331	
731	787	526	851	493	345	395	570	612	523	460	689	673	882	617	726	530	648	687	722	754	300	733	800	303	429	462	682	758	874	550	828	871	667	508	673	751	540	0	825	534	537	596	623	336	819	777	783	738	572	460	317	503	778	671	452	300	343	609	369	654	
722	765	662	392	863	349	500	714	767	327	848	661	779	815	467	366	357	334	892	467	807	783	317	814	409	743	771	482	418	576	887	848	717	537	713	799	863	400	825	0	444	454	564	776	850	885	737	309	499	341	341	425	721	790	619	366	562	540	639	579	666	
318	567	800	331	838	308	591	343	649	686	827	646	330	582	411	858	652	533	326	657	308	772	849	731	872	767	800	514	765	829	868	366	577	748	479	445	579	516	534	444	0	624	381	898	824	371	409	530	475	775	814	612	591	588	818	630	888	648	834	465	529	
564	739	632	887	507	841	690	791	727	757	460	677	330	386	782	345	401	319	545	593	715	651	650	894	376	443	577	765	327	788	656	391	655	778	728	787	892	415	537	454	624	0	577	657	806	803	824	490	645	301	541	819	651	391	745	324	306	477	632	523	867	
443	845	569	787	587	813	865	391	312	399	717	863	813	862	610	644	606	429	542	465	318	711	695	312	361	866	779	865	376	602	548	508	718	419	802	747	607	593	596	564	381	577	0	574	626	429	465	359	625	665	776	607	629	557	300	433	891	611	771	859	318	
610	452	303	396	306	331	577	483	812	880	604	814	445	729	821	649	731	554	462	416	799	537	834	520	588	435	785	592	517	637	453	582	506	366	706	336	314	862	623	776	898	657	574	0	412	708	328	495	377	646	476	775	397	680	632	712	527	335	816	749	421	
871	841	853	851	699	653	610	317	717	487	660	423	677	519	765	838	855	353	797	812	324	820	803	845	707	463	532	652	438	712	387	349	378	353	381	515	632	732	336	850	824	806	626	412	0	782	336	827	541	498	513	369	702	552	396	581	850	703	839	586	705	
801	714	684	409	306	360	595	725	564	850	455	322	638	400	478	342	819	356	765	427	561	829	608	464	556	745	420	864	384	651	577	511	675	382	743	872	353	572	819	885	371	803	429	708	782	0	870	321	498	357	828	514	773	716	722	497	733	611	613	752	324	
475	681	622	564	726	828	777	581	415	774	361	796	837	740	462	376	593	480	477	521	744	304	798	571	706	898	622	643	632	652	876	389	677	589	856	546	897	748	777	737	409	824	465	328	336	870	0	809	429	636	488	685	442	635	357	306	603	703	498	457	782	
807	762	738	746	566	329	495	837	573	336	307	841	669	496	885	677	888	601	476	872	728	659	451	834	706	785	647	714	536	467	803	821	769	590	666	370	779	676	783	309	530	490	359	495	827	321	809	0	459	674	696	706	539	762	501	561	811	824	644	808	747	
554	680	799	426	561	734	804	608	469	519	379	541	785	477	417	827	767	408	652	847	712	799	865	890	434	832	643	434	437	370	706	397	725	882	789	670	589	564	738	499	475	645	625	377	541	498	429	459	0	335	523	680	584	716	569	312	616	523	597	882	815	
379	486	312	800	673	405	573	582	654	766	678	315	575	523	885	304	333	844	321	874	408	768	369	792	529	515	424	831	743	848	424	322	330	848	324	562	880	814	572	341	775	301	665	646	498	357	636	674	335	0	379	721	826	629	781	777	847	547	594	372	821	
600	362	419	708	726	394	669	440	578	656	443	433	425	653	671	890	572	424	632	885	872	378	600	475	380	591	727	500	599	740	319	598	717	454	459	740	657	356	460	341	814	541	776	476	513	828	488	696	523	379	0	476	802	577	309	597	868	501	319	774	373	
731	441	534	398	364	420	498	553	454	313	629	316	498	881	810	458	305	384	570	854	518	804	888	344	495	394	548	671	401	433	840	308	644	476	544	690	871	688	317	425	612	819	607	775	369	514	685	706	680	721	476	0	769	794	538	422	584	614	496	445	511	
483	716	509	607	450	729	846	371	675	645	347	681	873	679	577	814	316	428	478	780	641	574	837	557	526	652	551	833	651	495	486	651	750	732	454	621	701	361	503	721	591	651	629	397	702	773	442	539	584	826	802	769	0	657	802	439	309	754	874	668	680	
450	535	378	825	394	570	870	891	590	598	375	417	882	499	723	860	338	757	494	515	879	895	422	655	445	470	562	345	616	875	630	598	475	329	324	704	547	393	778	790	588	391	557	680	552	716	635	762	716	629	577	794	657	0	597	669	357	430	308	702	894	
549	567	404	499	382	439	596	566	445	410	502	421	858	637	370	659	890	508	427	680	611	489	810	711	633	665	572	483	371	782	300	552	521	843	509	381	444	487	671	619	818	745	300	632	396	722	357	501	569	781	309	538	802	597	0	568	839	847	830	559	679	
447	884	751	854	678	736	512	692	567	518	441	678	719	800	760	604	677	886	355	598	830	474	544	828	842	536	522	545	348	899	333	507	423	873	756	350	526	531	452	366	630	324	433	712	581	497	306	561	312	777	597	422	439	669	568	0	313	423	490	600	474	
322	356	855	674	529	659	626	572	482	726	724	439	697	820	498	797	347	561	831	305	715	891	595	645	503	688	422	862	609	750	691	738	384	620	746	808	460	424	300	562	888	306	891	527	850	733	603	811	616	847	868	584	309	357	839	313	0	618	823	549	489	
743	509	315	418	380	741	799	822	796	888	736	647	773	511	798	647	332	823	691	331	750	596	358	595	501	601	766	844	491	595	860	311	883	565	647	587	441	640	343	540	648	477	611	335	703	611	703	824	523	547	501	614	754	430	847	423	618	0	415	464	760	
875	823	711	693	407	560	394	476	311	425	654	691	614	833	425	722	645	764	709	496	449	452	509	605	494	461	845	737	395	310	817	896	446	428	372	854	813	676	609	639	834	632	771	816	839	613	498	644	597	594	319	496	874	308	830	490	823	415	0	494	499	
501	648	809	733	507	569	810	339	538	850	879	506	440	848	364	697	747	796	496	625	463	436	414	774	811	741	562	644	802	600	693	597	793	403	840	814	752	445	369	579	465	523	859	749	586	752	457	808	882	372	774	445	668	702	559	600	549	464	494	0	808	
400	345	738	738	528	348	614	763	840	785	765	789	685	589	879	471	564	815	306	789	849	860	452	839	749	565	477	499	410	451	705	499	337	546	806	527	535	331	654	666	529	867	318	421	705	324	782	747	815	821	373	511	680	894	679	474	489	760	499	808	0	
etats
Id_Station	Poids W	Min (P)	WSPT	Priorité	
1	1				
2	6				
3	6				
4	1				
5	6				
6	3				
7	8				
8	7				
9	7				
10	8				
11	5				
12	1				
13	3				
14	1				
15	8				
16	2				
17	9				
18	1				
19	8				
20	5				
21	1				
22	1				
23	9				
24	4				
25	2				
26	9				
27	4				
28	4				
29	3				
30	6				
31	2				
32	1				
33	9				
34	2				
35	7				
36	6				
37	2				
38	8				
39	9				
40	4				
41	7				
42	1				
43	9				
44	3				
45	9				
46	2				
47	2				
48	5				
49	5				
50	6				
51	2				
52	9				
53	1				
54	9				
55	7				
56	1				
57	1				
58	7				
59	9				
60	7				

