distances
0	743	818	461	572	549	607	762	391	660	536	786	476	461	408	565	838	653	485	495	769	464	446	450	359	898	740	349	688	337	807	537	716	567	629	813	671	300	450	679	745	
743	0	842	347	524	371	766	508	334	325	847	446	326	479	435	649	569	750	408	763	824	826	504	893	704	773	370	576	889	657	308	586	354	476	740	505	776	770	676	553	502	
818	842	0	461	704	678	814	853	783	366	429	400	865	588	596	443	424	306	878	712	670	777	483	546	731	311	891	350	338	661	635	765	655	694	687	549	639	706	482	406	802	
461	347	461	0	777	368	882	740	362	463	499	734	619	593	688	520	693	582	680	700	777	723	643	867	852	560	809	724	397	683	741	583	852	729	481	718	886	626	412	602	614	
572	524	704	777	0	729	836	459	582	634	419	767	306	715	840	818	444	800	437	473	365	464	885	467	739	337	333	583	329	643	830	594	504	559	823	652	619	659	571	672	354	
549	371	678	368	729	0	756	802	784	711	688	502	874	301	511	774	332	840	384	785	607	353	499	449	597	361	322	819	775	877	755	412	676	424	668	359	769	571	395	754	481	
607	766	814	882	836	756	0	498	799	810	397	608	723	661	564	544	821	779	848	482	858	571	350	468	765	648	614	354	655	464	328	834	720	628	367	602	532	670	372	753	354	
762	508	853	740	459	802	498	0	486	731	757	407	310	767	446	833	315	431	374	739	563	596	871	743	382	320	663	546	728	733	373	419	500	809	437	642	627	353	843	510	634	
391	334	783	362	582	784	799	486	0	760	662	856	632	338	484	571	800	387	737	684	386	861	405	499	417	764	483	609	792	879	520	713	372	547	680	835	607	717	514	351	480	
660	325	366	463	634	711	810	731	760	0	766	369	555	861	639	431	458	583	735	899	438	527	534	404	371	390	889	308	782	766	780	786	675	853	786	858	438	517	659	630	788	
536	847	429	499	419	688	397	757	662	766	0	381	393	568	473	441	875	869	520	727	384	673	492	660	477	550	518	443	717	870	383	768	622	331	598	365	751	425	620	309	637	
786	446	400	734	767	502	608	407	856	369	381	0	551	759	312	532	500	380	602	635	788	344	471	559	732	653	411	436	641	889	719	763	409	477	430	637	583	327	855	616	516	
476	326	865	619	306	874	723	310	632	555	393	551	0	507	359	898	683	542	311	757	531	622	679	539	516	545	376	618	355	337	594	773	563	788	422	701	830	685	846	895	737	
461	479	588	593	715	301	661	767	338	861	568	759	507	0	813	600	346	819	528	402	803	426	855	553	727	623	640	591	412	554	658	477	408	805	773	605	706	618	534	857	548	
408	435	596	688	840	511	564	446	484	639	473	312	359	813	0	552	601	686	516	309	417	577	508	556	855	320	769	714	442	860	515	600	812	822	507	396	737	709	517	679	703	
565	649	443	520	818	774	544	833	571	431	441	532	898	600	552	0	524	528	803	839	589	766	756	782	575	770	522	883	679	468	854	829	823	792	567	764	410	661	763	381	308	
838	569	424	693	444	332	821	315	800	458	875	500	683	346	601	524	0	812	458	418	688	356	474	641	460	823	432	603	708	315	631	651	545	800	642	557	793	572	500	322	516	
653	750	306	582	800	840	779	431	387	583	869	380	542	819	686	528	812	0	805	466	513	382	798	327	772	797	446	640	668	527	582	704	556	511	648	670	805	474	543	305	345	
485	408	878	680	437	384	848	374	737	735	520	602	311	528	516	803	458	805	0	775	420	561	770	347	595	603	787	328	852	474	765	886	691	636	763	736	428	819	677	810	856	
495	763	712	700	473	785	482	739	684	899	727	635	757	402	309	839	418	466	775	0	327	837	568	369	884	779	506	766	521	746	518	461	457	511	721	675	522	440	345	412	814	
769	824	670	777	365	607	858	563	386	438	384	788	531	803	417	589	688	513	420	327	0	863	676	663	335	533	413	838	665	834	380	678	692	528	835	603	419	659	844	300	847	
464	826	777	723	464	353	571	596	861	527	673	344	622	426	577	766	356	382	561	837	863	0	721	385	549	847	542	823	801	552	875	520	545	326	498	526	437	461	758	856	691	
446	504	483	643	885	499	350	871	405	534	492	471	679	855	508	756	474	798	770	568	676	721	0	844	467	858	643	507	730	602	655	700	311	521	666	415	397	814	384	395	452	
450	893	546	867	467	449	468	743	499	404	660	559	539	553	556	782	641	327	347	369	663	385	844	0	429	712	783	649	528	681	838	584	864	805	724	691	852	743	876	446	465	
359	704	731	852	739	597	765	382	417	371	477	732	516	727	855	575	460	772	595	884	335	549	467	429	0	335	556	616	525	413	318	566	854	569	736	483	422	737	604	725	407	
898	773	311	560	337	361	648	320	764	390	550	653	545	623	320	770	823	797	603	779	533	847	858	712	335	0	838	777	887	426	721	797	423	416	709	674	428	359	675	458	852	
740	370	891	809	333	322	614	663	483	889	518	411	376	640	769	522	432	446	787	506	413	542	643	783	556	838	0	581	328	734	364	754	755	777	746	899	505	680	457	742	333	
349	576	350	724	583	819	354	546	609	308	443	436	618	591	714	883	603	640	328	766	838	823	507	649	616	777	581	0	790	715	549	799	848	694	306	601	477	761	378	635	422	
688	889	338	397	329	775	655	728	792	782	717	641	355	412	442	679	708	668	852	521	665	801	730	528	525	887	328	790	0	882	585	672	427	835	686	766	729	762	635	827	405	
337	657	661	683	643	877	464	733	879	766	870	889	337	554	860	468	315	527	474	746	834	552	602	681	413	426	734	715	882	0	344	315	798	725	338	620	742	468	646	745	434	
807	308	635	741	830	755	328	373	520	780	383	719	594	658	515	854	631	582	765	518	380	875	655	838	318	721	364	549	585	344	0	496	403	396	731	305	892	442	715	892	658	
537	586	765	583	594	412	834	419	713	786	768	763	773	477	600	829	651	704	886	461	678	520	700	584	566	797	754	799	672	315	496	0	310	773	416	654	824	636	623	732	540	
716	354	655	852	504	676	720	500	372	675	622	409	563	408	812	823	545	556	691	457	692	545	311	864	854	423	755	848	427	798	403	310	0	676	715	342	876	470	685	713	478	
567	476	694	729	559	424	628	809	547	853	331	477	788	805	822	792	800	511	636	511	528	326	521	805	569	416	777	694	835	725	396	773	676	0	681	477	372	361	792	728	434	
629	740	687	481	823	668	367	437	680	786	598	430	422	773	507	567	642	648	763	721	835	498	666	724	736	709	746	306	686	338	731	416	715	681	0	682	368	365	706	389	861	
813	505	549	718	652	359	602	642	835	858	365	637	701	605	396	764	557	670	736	675	603	526	415	691	483	674	899	601	766	620	305	654	342	477	682	0	618	714	388	376	509	
671	776	639	886	619	769	532	627	607	438	751	583	830	706	737	410	793	805	428	522	419	437	397	852	422	428	505	477	729	742	892	824	876	372	368	618	0	601	893	801	526	
300	770	706	626	659	571	670	353	717	517	425	327	685	618	709	661	572	474	819	440	659	461	814	743	737	359	680	761	762	468	442	636	470	361	365	714	601	0	469	346	620	
450	676	482	412	571	395	372	843	514	659	620	855	846	534	517	763	500	543	677	345	844	758	384	876	604	675	457	378	635	646	715	623	685	792	706	388	893	469	0	454	656	
679	553	406	602	672	754	753	510	351	630	309	616	895	857	679	381	322	305	810	412	300	856	395	446	725	458	742	635	827	745	892	732	713	728	389	376	801	346	454	0	465	
745	502	802	614	354	481	354	634	480	788	637	516	737	548	703	308	516	345	856	814	847	691	452	465	407	852	333	422	405	434	658	540	478	434	861	509	526	620	656	465	0	
etats
Id_Station	Poids W	Min (P)	WSPT	Priorité	
1	2	327	109,00	29	
2	3	305	101,67	25	
3	1	315	63,00	20	
4	5	303	50,50	11	
5	9	307	76,75	23	
6	4	311	311,00	33	
7	3	312	312,00	35	
8	9	307	102,33	27	
9	7	304	33,78	1	
10	6	318	53,00	15	
11	7	311	51,83	12	
12	3	317	45,29	9	
13	6	303	37,88	2	
14	4	311	62,20	19	
15	5	320	40,00	5	
16	9	337	337,00	40	
17	7	309	61,80	18	
18	1	305	38,13	3	
19	8	309	309,00	32	
20	4	315	52,50	13	
21	3	309	103,00	28	
22	3	319	45,57	10	
23	5	343	57,17	16	
24	2	304	304,00	31	
25	2	300	60,00	17	
26	9	305	76,25	22	
27	7	331	331,00	38	
28	8	338	112,67	30	
29	1	315	52,50	14	
30	7	319	319,00	37	
31	8	311	311,00	34	
32	6	304	43,43	6	
33	9	331	331,00	39	
34	2	317	317,00	36	
35	2	307	43,86	7	
36	4	307	38,38	4	
37	5	311	44,43	8	
38	8	305	101,67	26	
39	3	300	100,00	24	
40	5	333	66,60	21	
 