distances
0	596	316	680	358	370	814	792	753	643	781	620	769	377	486	666	745	672	706	305	414	846	697	873	892	383	412	805	573	861	309	704	876	483	602	499	394	845	584	752	330	
596	0	695	351	394	370	722	614	515	466	859	656	663	354	490	597	742	888	740	557	489	749	823	488	414	614	889	658	453	805	767	695	449	783	394	799	843	403	749	630	353	
316	695	0	613	663	375	469	315	416	345	411	657	480	572	380	679	682	693	378	477	783	693	715	473	573	309	558	411	398	799	759	614	700	676	694	507	529	639	559	724	660	
680	351	613	0	461	437	851	656	648	817	551	615	533	598	596	597	424	687	402	703	409	384	807	323	542	593	377	618	775	567	626	596	652	897	627	619	628	607	818	409	835	
358	394	663	461	0	384	335	763	395	374	653	506	343	327	432	691	388	733	718	537	789	452	416	440	755	742	675	788	868	855	883	841	356	321	599	428	617	523	789	876	839	
370	370	375	437	384	0	881	446	770	328	872	604	710	519	368	767	881	784	601	875	886	669	477	390	877	605	655	320	593	349	625	470	453	620	660	511	644	321	649	311	308	
814	722	469	851	335	881	0	747	322	626	716	518	827	742	336	669	390	707	617	477	390	434	405	601	682	830	420	336	754	334	430	597	542	895	555	750	388	746	623	794	367	
792	614	315	656	763	446	747	0	505	467	534	478	722	672	339	679	576	762	723	374	810	718	464	536	462	789	681	573	494	790	600	622	534	516	410	673	531	358	367	772	463	
753	515	416	648	395	770	322	505	0	538	762	825	759	870	685	531	359	828	655	576	899	693	561	818	866	814	376	869	727	317	596	894	522	417	705	434	584	824	886	874	676	
643	466	345	817	374	328	626	467	538	0	498	540	459	322	847	555	478	317	852	542	377	521	439	661	889	727	476	303	658	353	714	308	324	361	486	429	819	347	841	885	307	
781	859	411	551	653	872	716	534	762	498	0	405	497	683	406	529	408	460	838	396	493	875	778	788	641	887	455	539	320	843	673	508	666	814	672	847	390	628	333	521	452	
620	656	657	615	506	604	518	478	825	540	405	0	340	704	343	897	746	305	694	536	887	637	688	569	797	405	630	580	675	732	514	445	394	830	533	767	808	369	659	846	544	
769	663	480	533	343	710	827	722	759	459	497	340	0	336	476	594	429	352	368	744	369	863	312	569	387	353	875	446	420	794	606	591	541	482	361	489	713	821	604	801	518	
377	354	572	598	327	519	742	672	870	322	683	704	336	0	578	756	423	382	427	411	531	437	665	424	833	358	669	548	818	842	823	519	701	304	726	326	592	716	416	832	468	
486	490	380	596	432	368	336	339	685	847	406	343	476	578	0	701	691	896	428	764	305	725	388	712	707	505	316	321	380	412	652	705	642	836	758	579	795	679	403	705	881	
666	597	679	597	691	767	669	679	531	555	529	897	594	756	701	0	692	605	539	814	470	617	613	505	804	534	576	774	820	362	312	730	874	693	853	843	423	666	855	897	499	
745	742	682	424	388	881	390	576	359	478	408	746	429	423	691	692	0	410	627	539	722	488	868	757	880	669	334	466	825	353	617	870	425	535	610	378	765	641	832	554	417	
672	888	693	687	733	784	707	762	828	317	460	305	352	382	896	605	410	0	549	868	433	307	815	462	863	846	897	631	644	662	817	641	822	659	399	556	482	627	814	327	497	
706	740	378	402	718	601	617	723	655	852	838	694	368	427	428	539	627	549	0	498	601	784	861	741	624	861	306	454	818	415	390	654	736	683	899	466	840	694	441	663	398	
305	557	477	703	537	875	477	374	576	542	396	536	744	411	764	814	539	868	498	0	701	558	814	826	753	792	778	394	727	777	301	553	591	532	373	600	872	658	506	857	876	
414	489	783	409	789	886	390	810	899	377	493	887	369	531	305	470	722	433	601	701	0	841	356	805	435	635	531	534	599	794	849	836	896	736	629	735	820	312	525	337	844	
846	749	693	384	452	669	434	718	693	521	875	637	863	437	725	617	488	307	784	558	841	0	469	794	455	751	857	506	769	452	554	898	649	586	571	653	640	800	420	440	845	
697	823	715	807	416	477	405	464	561	439	778	688	312	665	388	613	868	815	861	814	356	469	0	382	480	398	333	689	586	346	408	876	542	591	310	303	561	593	501	360	327	
873	488	473	323	440	390	601	536	818	661	788	569	569	424	712	505	757	462	741	826	805	794	382	0	614	537	356	563	614	429	700	664	381	654	426	625	561	559	761	610	884	
892	414	573	542	755	877	682	462	866	889	641	797	387	833	707	804	880	863	624	753	435	455	480	614	0	803	440	333	700	359	471	747	575	768	397	422	441	511	658	714	622	
383	614	309	593	742	605	830	789	814	727	887	405	353	358	505	534	669	846	861	792	635	751	398	537	803	0	849	879	770	408	386	311	477	537	633	601	748	799	481	532	640	
412	889	558	377	675	655	420	681	376	476	455	630	875	669	316	576	334	897	306	778	531	857	333	356	440	849	0	343	733	587	768	598	745	632	499	755	397	751	549	513	326	
805	658	411	618	788	320	336	573	869	303	539	580	446	548	321	774	466	631	454	394	534	506	689	563	333	879	343	0	778	314	624	772	462	403	895	786	754	447	589	457	577	
573	453	398	775	868	593	754	494	727	658	320	675	420	818	380	820	825	644	818	727	599	769	586	614	700	770	733	778	0	504	522	662	694	579	800	438	720	531	540	425	311	
861	805	799	567	855	349	334	790	317	353	843	732	794	842	412	362	353	662	415	777	794	452	346	429	359	408	587	314	504	0	655	513	542	672	487	450	800	871	848	659	627	
309	767	759	626	883	625	430	600	596	714	673	514	606	823	652	312	617	817	390	301	849	554	408	700	471	386	768	624	522	655	0	390	748	717	830	478	636	836	674	511	310	
704	695	614	596	841	470	597	622	894	308	508	445	591	519	705	730	870	641	654	553	836	898	876	664	747	311	598	772	662	513	390	0	451	675	515	319	346	764	520	674	315	
876	449	700	652	356	453	542	534	522	324	666	394	541	701	642	874	425	822	736	591	896	649	542	381	575	477	745	462	694	542	748	451	0	568	501	523	736	366	819	806	414	
483	783	676	897	321	620	895	516	417	361	814	830	482	304	836	693	535	659	683	532	736	586	591	654	768	537	632	403	579	672	717	675	568	0	383	333	873	840	434	715	894	
602	394	694	627	599	660	555	410	705	486	672	533	361	726	758	853	610	399	899	373	629	571	310	426	397	633	499	895	800	487	830	515	501	383	0	795	437	391	439	444	865	
499	799	507	619	428	511	750	673	434	429	847	767	489	326	579	843	378	556	466	600	735	653	303	625	422	601	755	786	438	450	478	319	523	333	795	0	800	804	848	838	735	
394	843	529	628	617	644	388	531	584	819	390	808	713	592	795	423	765	482	840	872	820	640	561	561	441	748	397	754	720	800	636	346	736	873	437	800	0	567	893	717	667	
845	403	639	607	523	321	746	358	824	347	628	369	821	716	679	666	641	627	694	658	312	800	593	559	511	799	751	447	531	871	836	764	366	840	391	804	567	0	484	635	374	
584	749	559	818	789	649	623	367	886	841	333	659	604	416	403	855	832	814	441	506	525	420	501	761	658	481	549	589	540	848	674	520	819	434	439	848	893	484	0	773	497	
752	630	724	409	876	311	794	772	874	885	521	846	801	832	705	897	554	327	663	857	337	440	360	610	714	532	513	457	425	659	511	674	806	715	444	838	717	635	773	0	519	
330	353	660	835	839	308	367	463	676	307	452	544	518	468	881	499	417	497	398	876	844	845	327	884	622	640	326	577	311	627	310	315	414	894	865	735	667	374	497	519	0	
etats
Id_Station	Poids W	Min (P)	WSPT	Priorité	
1	6	300	300,00	28	
2	8	322	107,33	20	
3	3	331	110,33	22	
4	9	303	75,75	16	
5	1	308	61,60	10	
6	6	314	314,00	39	
7	9	304	43,43	5	
8	1	326	54,33	9	
9	1	331	165,50	27	
10	1	312	312,00	36	
11	5	323	107,67	21	
12	5	310	44,29	6	
13	8	311	155,50	24	
14	4	303	101,00	19	
15	7	301	33,44	1	
16	8	312	44,57	7	
17	8	301	50,17	8	
18	6	310	310,00	35	
19	1	313	39,13	4	
20	6	312	156,00	25	
21	1	311	62,20	12	
22	1	354	88,50	18	
23	6	314	62,80	13	
24	5	319	63,80	14	
25	3	336	67,20	15	
26	7	300	300,00	29	
27	8	314	157,00	26	
28	1	312	312,00	37	
29	9	304	152,00	23	
30	9	308	308,00	34	
31	8	302	302,00	30	
32	1	300	37,50	2	
33	1	313	313,00	38	
34	6	302	302,00	31	
35	8	304	304,00	33	
36	4	308	61,60	11	
37	3	314	78,50	17	
38	3	303	303,00	32	
39	1	315	315,00	40	
40	1	300	37,50	3	
