distances
0	493	774	327	583	633	351	621	486	573	845	672	617	841	831	571	588	314	653	312	758	526	748	798	303	733	623	600	573	412	504	522	662	694	579	800	438	720	531	540	425	
493	0	793	563	595	793	543	862	672	884	616	477	316	504	372	712	559	775	882	341	852	377	441	582	686	584	828	743	770	745	873	655	513	542	672	487	450	800	871	848	659	
774	793	0	521	341	491	432	825	322	750	461	393	304	479	337	409	695	480	551	451	450	630	490	438	869	598	302	702	356	883	341	684	390	748	717	830	478	636	836	674	511	
327	563	521	0	454	495	566	704	778	344	638	485	623	899	520	786	448	470	715	381	321	645	836	767	509	649	434	561	861	407	853	479	820	451	675	515	319	346	764	520	674	
583	595	341	454	0	798	755	862	509	456	524	390	508	666	537	730	762	505	784	665	691	687	878	401	775	683	660	843	844	304	837	491	777	636	568	501	523	736	366	819	806	
633	793	491	495	798	0	534	413	815	433	353	652	806	454	765	516	357	401	756	590	797	778	612	406	622	577	827	452	745	470	528	861	589	477	387	383	333	873	840	434	715	
351	543	432	566	755	534	0	390	729	613	373	637	494	366	584	588	802	436	343	642	302	674	431	886	821	422	330	301	644	816	449	800	464	679	540	546	795	437	391	439	444	
621	862	825	704	862	413	390	0	677	454	855	556	879	718	414	382	823	855	460	673	401	715	844	738	436	654	854	871	638	685	844	596	650	803	470	365	829	800	804	848	838	
486	672	322	778	509	815	729	677	0	617	800	574	481	885	892	885	736	553	616	656	840	707	662	522	331	418	753	354	419	474	343	744	873	390	511	377	833	643	567	893	717	
573	884	750	344	456	433	613	454	617	0	817	463	539	780	374	316	372	594	527	455	899	729	691	401	491	508	607	367	404	722	877	659	607	426	567	821	565	361	566	484	635	
845	616	461	638	524	353	373	855	800	817	0	551	596	757	436	726	649	426	609	898	496	569	835	589	474	873	630	666	832	431	567	442	626	719	706	459	700	826	402	494	773	
672	477	393	485	390	652	637	556	574	463	551	0	705	627	661	422	854	712	860	348	422	515	633	666	554	734	452	762	881	744	327	610	675	604	519	518	849	778	510	575	885	
617	316	304	623	508	806	494	879	481	539	596	705	0	377	486	666	745	672	706	305	414	846	697	873	892	383	412	805	573	861	309	704	876	483	602	499	394	845	584	752	330	
841	504	479	899	666	454	366	718	885	780	757	627	377	0	490	597	742	888	740	557	489	749	823	488	414	614	889	658	453	805	767	695	449	783	394	799	843	403	749	630	353	
831	372	337	520	537	765	584	414	892	374	436	661	486	490	0	679	682	693	378	477	783	693	715	473	573	309	558	411	398	799	759	614	700	676	694	507	529	639	559	724	660	
571	712	409	786	730	516	588	382	885	316	726	422	666	597	679	0	424	687	402	703	409	384	807	323	542	593	377	618	775	567	626	596	652	897	627	619	628	607	818	409	835	
588	559	695	448	762	357	802	823	736	372	649	854	745	742	682	424	0	733	718	537	789	452	416	440	755	742	675	788	868	855	883	841	356	321	599	428	617	523	789	876	839	
314	775	480	470	505	401	436	855	553	594	426	712	672	888	693	687	733	0	601	875	886	669	477	390	877	605	655	320	593	349	625	470	453	620	660	511	644	321	649	311	308	
653	882	551	715	784	756	343	460	616	527	609	860	706	740	378	402	718	601	0	477	390	434	405	601	682	830	420	336	754	334	430	597	542	895	555	750	388	746	623	794	367	
312	341	451	381	665	590	642	673	656	455	898	348	305	557	477	703	537	875	477	0	810	718	464	536	462	789	681	573	494	790	600	622	534	516	410	673	531	358	367	772	463	
758	852	450	321	691	797	302	401	840	899	496	422	414	489	783	409	789	886	390	810	0	693	561	818	866	814	376	869	727	317	596	894	522	417	705	434	584	824	886	874	676	
526	377	630	645	687	778	674	715	707	729	569	515	846	749	693	384	452	669	434	718	693	0	439	661	889	727	476	303	658	353	714	308	324	361	486	429	819	347	841	885	307	
748	441	490	836	878	612	431	844	662	691	835	633	697	823	715	807	416	477	405	464	561	439	0	788	641	887	455	539	320	843	673	508	666	814	672	847	390	628	333	521	452	
798	582	438	767	401	406	886	738	522	401	589	666	873	488	473	323	440	390	601	536	818	661	788	0	797	405	630	580	675	732	514	445	394	830	533	767	808	369	659	846	544	
303	686	869	509	775	622	821	436	331	491	474	554	892	414	573	542	755	877	682	462	866	889	641	797	0	353	875	446	420	794	606	591	541	482	361	489	713	821	604	801	518	
733	584	598	649	683	577	422	654	418	508	873	734	383	614	309	593	742	605	830	789	814	727	887	405	353	0	669	548	818	842	823	519	701	304	726	326	592	716	416	832	468	
623	828	302	434	660	827	330	854	753	607	630	452	412	889	558	377	675	655	420	681	376	476	455	630	875	669	0	321	380	412	652	705	642	836	758	579	795	679	403	705	881	
600	743	702	561	843	452	301	871	354	367	666	762	805	658	411	618	788	320	336	573	869	303	539	580	446	548	321	0	820	362	312	730	874	693	853	843	423	666	855	897	499	
573	770	356	861	844	745	644	638	419	404	832	881	573	453	398	775	868	593	754	494	727	658	320	675	420	818	380	820	0	353	617	870	425	535	610	378	765	641	832	554	417	
412	745	883	407	304	470	816	685	474	722	431	744	861	805	799	567	855	349	334	790	317	353	843	732	794	842	412	362	353	0	817	641	822	659	399	556	482	627	814	327	497	
504	873	341	853	837	528	449	844	343	877	567	327	309	767	759	626	883	625	430	600	596	714	673	514	606	823	652	312	617	817	0	654	736	683	899	466	840	694	441	663	398	
522	655	684	479	491	861	800	596	744	659	442	610	704	695	614	596	841	470	597	622	894	308	508	445	591	519	705	730	870	641	654	0	591	532	373	600	872	658	506	857	876	
662	513	390	820	777	589	464	650	873	607	626	675	876	449	700	652	356	453	542	534	522	324	666	394	541	701	642	874	425	822	736	591	0	736	629	735	820	312	525	337	844	
694	542	748	451	636	477	679	803	390	426	719	604	483	783	676	897	321	620	895	516	417	361	814	830	482	304	836	693	535	659	683	532	736	0	571	653	640	800	420	440	845	
579	672	717	675	568	387	540	470	511	567	706	519	602	394	694	627	599	660	555	410	705	486	672	533	361	726	758	853	610	399	899	373	629	571	0	303	561	593	501	360	327	
800	487	830	515	501	383	546	365	377	821	459	518	499	799	507	619	428	511	750	673	434	429	847	767	489	326	579	843	378	556	466	600	735	653	303	0	561	559	761	610	884	
438	450	478	319	523	333	795	829	833	565	700	849	394	843	529	628	617	644	388	531	584	819	390	808	713	592	795	423	765	482	840	872	820	640	561	561	0	511	658	714	622	
720	800	636	346	736	873	437	800	643	361	826	778	845	403	639	607	523	321	746	358	824	347	628	369	821	716	679	666	641	627	694	658	312	800	593	559	511	0	481	532	640	
531	871	836	764	366	840	391	804	567	566	402	510	584	749	559	818	789	649	623	367	886	841	333	659	604	416	403	855	832	814	441	506	525	420	501	761	658	481	0	513	326	
540	848	674	520	819	434	439	848	893	484	494	575	752	630	724	409	876	311	794	772	874	885	521	846	801	832	705	897	554	327	663	857	337	440	360	610	714	532	513	0	577	
425	659	511	674	806	715	444	838	717	635	773	885	330	353	660	835	839	308	367	463	676	307	452	544	518	468	881	499	417	497	398	876	844	845	327	884	622	640	326	577	0	
etats
Id_Station	Poids W	Min (P)	WSPT	Priorité	
1	7	315	39,38	10	
2	5	321	80,25	26	
3	4	315	39,38	11	
4	5	304	43,43	13	
5	4	303	60,60	22	
6	9	302	302,00	36	
7	6	305	152,50	32	
8	8	308	102,67	27	
9	3	300	75,00	25	
10	9	343	343,00	40	
11	1	303	151,50	31	
12	6	324	108,00	29	
13	9	309	309,00	39	
14	1	311	34,56	3	
15	1	306	306,00	38	
16	1	323	46,14	14	
17	5	300	60,00	20	
18	5	307	38,38	7	
19	8	325	65,00	24	
20	4	306	153,00	33	
21	7	313	39,13	9	
22	8	311	51,83	19	
23	8	321	40,13	12	
24	6	305	38,13	6	
25	1	301	150,50	30	
26	6	324	162,00	35	
27	1	303	50,50	16	
28	1	300	50,00	15	
29	6	309	51,50	17	
30	5	308	102,67	28	
31	3	303	37,88	4	
32	7	302	302,00	37	
33	8	304	38,00	5	
34	1	308	34,22	2	
35	9	309	38,63	8	
36	9	302	33,56	1	
37	8	300	60,00	21	
38	1	309	51,50	18	
39	1	313	156,50	34	
40	6	324	64,80	23	
 