distances
0	606	337	649	589	385	575	667	394	672	429	746	590	516	463	779	357	733	466	773	765	409	657	750	415	508	442	513	414	724	679	479	359	354	556	699	411	480	481	379	681	
606	0	421	682	498	435	427	346	374	437	366	337	450	386	587	451	706	603	452	384	527	583	702	399	736	594	342	697	391	510	423	769	676	714	476	710	796	521	545	735	300	
337	421	0	665	585	345	495	766	449	607	421	554	723	523	747	322	530	591	718	373	675	568	711	399	396	424	511	428	378	682	349	499	573	667	543	331	537	475	756	506	667	
649	682	665	0	457	756	389	577	557	750	737	604	646	443	756	331	744	728	745	699	751	459	739	786	674	448	670	665	410	724	356	784	573	344	456	647	438	589	562	499	741	
589	498	585	457	0	352	485	507	770	469	486	464	662	674	519	782	492	758	329	488	686	407	791	649	319	643	782	427	654	704	573	606	797	578	661	719	582	662	303	770	611	
385	435	345	756	352	0	364	581	464	346	672	428	447	704	308	486	431	336	583	781	735	513	774	367	677	620	320	349	538	717	308	333	567	694	343	393	670	589	780	418	768	
575	427	495	389	485	364	0	675	371	405	376	695	683	639	785	536	387	699	626	385	684	366	776	383	547	760	672	751	334	560	389	570	314	556	427	342	592	707	586	677	640	
667	346	766	577	507	581	675	0	575	345	581	728	425	557	686	457	434	453	335	536	466	508	528	632	698	630	645	513	639	420	497	723	372	473	739	545	692	414	304	617	694	
394	374	449	557	770	464	371	575	0	366	435	656	386	681	593	326	337	670	544	787	453	632	632	522	396	709	591	427	439	609	426	630	378	331	694	735	556	374	334	408	463	
672	437	607	750	469	346	405	345	366	0	601	353	376	742	532	532	350	460	551	331	401	683	487	410	380	592	372	440	597	797	425	641	740	359	794	757	388	576	526	645	479	
429	366	421	737	486	672	376	581	435	601	0	763	582	777	776	643	356	745	705	564	643	679	442	510	570	619	727	606	361	445	655	655	742	321	312	598	474	531	494	762	556	
746	337	554	604	464	428	695	728	656	353	763	0	688	709	520	600	600	719	616	700	625	364	786	323	525	416	728	560	366	642	609	327	359	572	420	753	549	735	333	462	548	
590	450	723	646	662	447	683	425	386	376	582	688	0	652	609	472	320	329	768	364	404	629	714	618	452	407	573	567	312	687	410	310	493	512	435	563	569	781	389	413	606	
516	386	523	443	674	704	639	557	681	742	777	709	652	0	462	491	609	479	754	476	606	311	354	482	376	684	561	584	337	626	376	797	385	549	505	407	688	360	632	443	683	
463	587	747	756	519	308	785	686	593	532	776	520	609	462	0	773	625	370	524	732	753	688	413	408	590	674	303	454	551	594	525	739	390	783	514	701	510	670	423	427	578	
779	451	322	331	782	486	536	457	326	532	643	600	472	491	773	0	557	645	599	414	348	476	591	476	498	764	310	543	777	394	735	488	301	359	425	524	402	513	746	412	614	
357	706	530	744	492	431	387	434	337	350	356	600	320	609	625	557	0	352	644	514	312	747	623	341	432	496	332	314	731	797	371	779	342	519	443	499	388	337	497	715	332	
733	603	591	728	758	336	699	453	670	460	745	719	329	479	370	645	352	0	414	642	758	517	614	742	454	755	301	417	775	569	578	773	329	679	620	511	700	508	523	570	652	
466	452	718	745	329	583	626	335	544	551	705	616	768	754	524	599	644	414	0	614	483	611	557	319	340	336	571	678	575	772	704	556	428	345	637	690	336	600	663	650	310	
773	384	373	699	488	781	385	536	787	331	564	700	364	476	732	414	514	642	614	0	535	329	762	531	633	549	412	712	573	429	494	469	565	760	563	313	545	703	759	413	778	
765	527	675	751	686	735	684	466	453	401	643	625	404	606	753	348	312	758	483	535	0	500	404	528	491	660	385	603	378	332	545	745	683	783	742	545	757	315	651	434	465	
409	583	568	459	407	513	366	508	632	683	679	364	629	311	688	476	747	517	611	329	500	0	509	662	547	416	462	738	778	339	682	622	521	722	423	743	710	496	444	315	588	
657	702	711	739	791	774	776	528	632	487	442	786	714	354	413	591	623	614	557	762	404	509	0	553	531	787	442	523	469	685	375	765	479	597	587	367	629	701	700	388	630	
750	399	399	786	649	367	383	632	522	410	510	323	618	482	408	476	341	742	319	531	528	662	553	0	571	609	337	637	553	740	355	439	779	637	774	760	632	314	411	514	517	
415	736	396	674	319	677	547	698	396	380	570	525	452	376	590	498	432	454	340	633	491	547	531	571	0	545	473	569	619	796	436	393	569	736	378	364	759	421	685	534	687	
508	594	424	448	643	620	760	630	709	592	619	416	407	684	674	764	496	755	336	549	660	416	787	609	545	0	740	494	504	763	388	420	778	371	433	361	638	494	773	452	411	
442	342	511	670	782	320	672	645	591	372	727	728	573	561	303	310	332	301	571	412	385	462	442	337	473	740	0	649	490	530	670	673	300	717	305	557	308	525	775	361	393	
513	697	428	665	427	349	751	513	427	440	606	560	567	584	454	543	314	417	678	712	603	738	523	637	569	494	649	0	704	662	522	668	792	672	483	438	728	710	733	706	666	
414	391	378	410	654	538	334	639	439	597	361	366	312	337	551	777	731	775	575	573	378	778	469	553	619	504	490	704	0	784	677	719	771	738	338	355	548	444	728	550	559	
724	510	682	724	704	717	560	420	609	797	445	642	687	626	594	394	797	569	772	429	332	339	685	740	796	763	530	662	784	0	508	698	643	394	535	304	579	474	791	585	583	
679	423	349	356	573	308	389	497	426	425	655	609	410	376	525	735	371	578	704	494	545	682	375	355	436	388	670	522	677	508	0	312	380	667	674	562	502	606	508	366	515	
479	769	499	784	606	333	570	723	630	641	655	327	310	797	739	488	779	773	556	469	745	622	765	439	393	420	673	668	719	698	312	0	438	313	302	480	765	482	652	340	732	
359	676	573	573	797	567	314	372	378	740	742	359	493	385	390	301	342	329	428	565	683	521	479	779	569	778	300	792	771	643	380	438	0	623	791	329	641	771	725	682	654	
354	714	667	344	578	694	556	473	331	359	321	572	512	549	783	359	519	679	345	760	783	722	597	637	736	371	717	672	738	394	667	313	623	0	684	437	524	721	670	512	785	
556	476	543	456	661	343	427	739	694	794	312	420	435	505	514	425	443	620	637	563	742	423	587	774	378	433	305	483	338	535	674	302	791	684	0	748	715	474	494	726	355	
699	710	331	647	719	393	342	545	735	757	598	753	563	407	701	524	499	511	690	313	545	743	367	760	364	361	557	438	355	304	562	480	329	437	748	0	704	317	596	464	480	
411	796	537	438	582	670	592	692	556	388	474	549	569	688	510	402	388	700	336	545	757	710	629	632	759	638	308	728	548	579	502	765	641	524	715	704	0	468	513	355	707	
480	521	475	589	662	589	707	414	374	576	531	735	781	360	670	513	337	508	600	703	315	496	701	314	421	494	525	710	444	474	606	482	771	721	474	317	468	0	673	479	666	
481	545	756	562	303	780	586	304	334	526	494	333	389	632	423	746	497	523	663	759	651	444	700	411	685	773	775	733	728	791	508	652	725	670	494	596	513	673	0	783	383	
379	735	506	499	770	418	677	617	408	645	762	462	413	443	427	412	715	570	650	413	434	315	388	514	534	452	361	706	550	585	366	340	682	512	726	464	355	479	783	0	377	
681	300	667	741	611	768	640	694	463	479	556	548	606	683	578	614	332	652	310	778	465	588	630	517	687	411	393	666	559	583	515	732	654	785	355	480	707	666	383	377	0	
etats
Id_Station	Poids W	Min (P)	WSPT	Priorité	
1	1	0	0	1	
2	3	301	33,44	2	
3	3	303	33,67	3	
4	4	306	34,00	4	
5	5	308	34,22	5	
6	1	318	35,33	6	
7	7	318	35,33	7	
8	6	300	37,50	8	
9	2	303	37,88	9	
10	1	303	37,88	10	
11	3	306	38,25	11	
12	7	309	38,63	12	
13	2	309	38,63	13	
14	3	300	42,86	14	
15	9	302	43,14	15	
16	7	302	43,14	16	
17	6	304	43,43	17	
18	1	306	43,71	18	
19	8	314	44,86	19	
20	2	327	46,71	20	
21	5	336	48,00	21	
22	4	300	50,00	22	
23	5	300	50,00	23	
24	5	300	50,00	24	
25	5	303	50,50	25	
26	1	303	50,50	26	
27	2	305	50,83	27	
28	1	305	50,83	28	
29	2	316	52,67	29	
30	1	327	54,50	30	
31	1	300	60,00	31	
32	8	305	61,00	32	
33	1	308	61,60	33	
34	1	308	61,60	34	
35	1	311	62,20	35	
36	5	312	62,40	36	
37	4	321	64,20	37	
38	1	330	66,00	38	
39	1	300	75,00	39	
40	8	300	75,00	40	
