distances
0	454	368	885	529	607	863	630	649	488	549	449	423	792	849	633	847	680	701	544	326	416	364	375	570	683	668	784	561	594	880	723	687	851	439	348	627	341	626	398	572	
454	0	467	814	322	328	887	599	646	876	885	335	535	805	589	792	658	494	754	809	552	585	311	817	304	725	788	368	623	306	606	723	785	468	893	306	635	354	488	502	832	
368	467	0	745	429	895	681	817	711	682	548	749	536	857	398	608	331	742	616	430	311	394	584	844	504	321	493	772	641	373	439	305	398	475	508	581	622	864	694	517	732	
885	814	745	0	399	715	629	745	503	772	827	359	883	635	621	787	398	581	442	735	608	798	813	885	562	813	465	567	745	395	610	788	844	329	760	501	514	815	671	387	337	
529	322	429	399	0	495	732	835	689	320	415	586	408	651	454	889	691	365	400	345	450	735	371	838	668	523	690	340	555	402	626	549	451	421	418	682	818	541	896	836	490	
607	328	895	715	495	0	596	888	414	382	845	589	469	379	553	714	847	796	655	709	723	479	335	543	701	731	683	582	496	812	430	839	856	822	544	768	674	490	830	653	771	
863	887	681	629	732	596	0	716	429	458	567	866	880	722	521	813	645	725	892	478	837	774	606	854	544	398	556	416	732	450	674	727	858	807	580	543	860	778	597	440	817	
630	599	817	745	835	888	716	0	872	346	436	410	785	412	786	436	667	741	477	518	300	618	885	795	508	532	320	630	332	370	801	576	384	617	585	528	368	697	774	318	865	
649	646	711	503	689	414	429	872	0	895	430	603	579	785	426	643	346	794	523	508	685	535	649	766	675	461	350	632	705	756	364	507	373	406	338	588	720	616	723	675	782	
488	876	682	772	320	382	458	346	895	0	595	367	454	761	396	795	717	312	497	622	896	626	466	322	359	798	400	484	847	809	629	538	830	483	383	370	654	345	378	671	493	
549	885	548	827	415	845	567	436	430	595	0	478	581	613	494	571	470	347	678	573	671	675	653	318	346	514	532	710	308	750	363	818	305	798	826	394	678	680	785	721	387	
449	335	749	359	586	589	866	410	603	367	478	0	787	528	808	588	772	847	325	353	887	540	344	463	765	813	582	422	882	697	529	507	325	703	569	347	542	474	322	861	328	
423	535	536	883	408	469	880	785	579	454	581	787	0	658	727	319	792	879	720	764	505	393	524	821	511	770	482	779	402	425	897	824	715	329	462	842	664	574	861	894	499	
792	805	857	635	651	379	722	412	785	761	613	528	658	0	341	453	419	477	802	660	522	836	586	520	552	542	732	529	797	389	633	508	775	851	421	616	400	528	627	303	301	
849	589	398	621	454	553	521	786	426	396	494	808	727	341	0	405	719	531	884	721	306	883	701	524	636	862	628	645	418	416	419	462	805	532	646	547	886	331	318	431	832	
633	792	608	787	889	714	813	436	643	795	571	588	319	453	405	0	640	617	846	793	882	465	620	891	807	374	437	467	584	684	623	614	324	589	322	386	809	615	648	401	688	
847	658	331	398	691	847	645	667	346	717	470	772	792	419	719	640	0	325	527	873	712	683	609	761	883	593	531	535	367	813	568	358	437	748	433	550	403	403	725	308	860	
680	494	742	581	365	796	725	741	794	312	347	847	879	477	531	617	325	0	796	574	467	542	689	557	601	635	743	397	776	461	677	618	894	626	623	407	459	890	660	501	347	
701	754	616	442	400	655	892	477	523	497	678	325	720	802	884	846	527	796	0	835	584	627	726	372	566	341	574	437	823	555	706	694	330	731	340	836	517	579	566	860	542	
544	809	430	735	345	709	478	518	508	622	573	353	764	660	721	793	873	574	835	0	625	453	326	730	525	725	848	741	452	575	581	691	329	498	856	839	679	574	681	519	588	
326	552	311	608	450	723	837	300	685	896	671	887	505	522	306	882	712	467	584	625	0	449	351	322	363	311	631	518	303	806	544	349	839	328	765	679	435	333	532	480	313	
416	585	394	798	735	479	774	618	535	626	675	540	393	836	883	465	683	542	627	453	449	0	872	300	538	791	800	696	454	882	586	863	871	663	815	730	319	543	305	675	867	
364	311	584	813	371	335	606	885	649	466	653	344	524	586	701	620	609	689	726	326	351	872	0	680	543	733	757	582	437	459	886	611	397	812	542	529	897	362	637	345	766	
375	817	844	885	838	543	854	795	766	322	318	463	821	520	524	891	761	557	372	730	322	300	680	0	764	476	429	719	634	625	665	321	492	473	831	596	508	592	832	365	396	
570	304	504	562	668	701	544	508	675	359	346	765	511	552	636	807	883	601	566	525	363	538	543	764	0	616	607	557	893	343	530	823	613	615	671	856	865	534	731	781	769	
683	725	321	813	523	731	398	532	461	798	514	813	770	542	862	374	593	635	341	725	311	791	733	476	616	0	569	857	468	568	872	398	739	874	779	504	395	477	364	849	647	
668	788	493	465	690	683	556	320	350	400	532	582	482	732	628	437	531	743	574	848	631	800	757	429	607	569	0	450	322	342	839	647	322	569	776	510	794	544	836	342	526	
784	368	772	567	340	582	416	630	632	484	710	422	779	529	645	467	535	397	437	741	518	696	582	719	557	857	450	0	679	544	875	713	693	677	373	890	384	644	319	419	705	
561	623	641	745	555	496	732	332	705	847	308	882	402	797	418	584	367	776	823	452	303	454	437	634	893	468	322	679	0	801	718	832	317	737	515	462	889	412	418	436	656	
594	306	373	395	402	812	450	370	756	809	750	697	425	389	416	684	813	461	555	575	806	882	459	625	343	568	342	544	801	0	751	332	361	368	404	895	672	818	633	390	677	
880	606	439	610	626	430	674	801	364	629	363	529	897	633	419	623	568	677	706	581	544	586	886	665	530	872	839	875	718	751	0	431	743	575	796	364	662	477	565	470	787	
723	723	305	788	549	839	727	576	507	538	818	507	824	508	462	614	358	618	694	691	349	863	611	321	823	398	647	713	832	332	431	0	830	331	815	359	674	373	818	476	410	
687	785	398	844	451	856	858	384	373	830	305	325	715	775	805	324	437	894	330	329	839	871	397	492	613	739	322	693	317	361	743	830	0	807	836	562	745	562	441	834	570	
851	468	475	329	421	822	807	617	406	483	798	703	329	851	532	589	748	626	731	498	328	663	812	473	615	874	569	677	737	368	575	331	807	0	600	598	622	852	550	750	344	
439	893	508	760	418	544	580	585	338	383	826	569	462	421	646	322	433	623	340	856	765	815	542	831	671	779	776	373	515	404	796	815	836	600	0	551	878	549	793	788	581	
348	306	581	501	682	768	543	528	588	370	394	347	842	616	547	386	550	407	836	839	679	730	529	596	856	504	510	890	462	895	364	359	562	598	551	0	820	871	792	667	826	
627	635	622	514	818	674	860	368	720	654	678	542	664	400	886	809	403	459	517	679	435	319	897	508	865	395	794	384	889	672	662	674	745	622	878	820	0	359	329	354	885	
341	354	864	815	541	490	778	697	616	345	680	474	574	528	331	615	403	890	579	574	333	543	362	592	534	477	544	644	412	818	477	373	562	852	549	871	359	0	372	463	315	
626	488	694	671	896	830	597	774	723	378	785	322	861	627	318	648	725	660	566	681	532	305	637	832	731	364	836	319	418	633	565	818	441	550	793	792	329	372	0	565	511	
398	502	517	387	836	653	440	318	675	671	721	861	894	303	431	401	308	501	860	519	480	675	345	365	781	849	342	419	436	390	470	476	834	750	788	667	354	463	565	0	602	
572	832	732	337	490	771	817	865	782	493	387	328	499	301	832	688	860	347	542	588	313	867	766	396	769	647	526	705	656	677	787	410	570	344	581	826	885	315	511	602	0	
etats
Id_Station	Poids W	Min (P)	WSPT	Priorité	
1	4	351	58,50	19	
2	3	309	38,63	10	
3	6	323	107,67	27	
4	2	321	35,67	4	
5	8	308	308,00	35	
6	1	322	53,67	17	
7	4	315	35,00	3	
8	3	317	317,00	38	
9	6	303	303,00	30	
10	6	320	320,00	39	
11	6	305	61,00	20	
12	4	312	62,40	21	
13	8	304	38,00	7	
14	6	305	76,25	23	
15	8	312	44,57	13	
16	8	334	41,75	11	
17	5	305	38,13	8	
18	9	306	51,00	15	
19	1	301	301,00	29	
20	5	305	50,83	14	
21	7	307	307,00	33	
22	4	303	303,00	31	
23	1	323	53,83	18	
24	7	333	66,60	22	
25	5	309	103,00	25	
26	8	306	43,71	12	
27	8	303	37,88	5	
28	5	311	311,00	36	
29	5	314	34,89	2	
30	8	301	33,44	1	
31	2	308	38,50	9	
32	1	324	324,00	40	
33	1	304	304,00	32	
34	1	310	51,67	16	
35	1	303	37,88	6	
36	4	346	86,50	24	
37	8	312	104,00	26	
38	8	333	111,00	28	
39	7	311	311,00	37	
40	1	307	307,00	34	
