distances
0	745	591	546	807	322	582	626	647	866	747	717	630	681	661	801	492	455	358	883	897	840	382	662	556	845	411	677	854	793	348	695	644	628	508	615	609	806	562	765	393	
745	0	419	870	554	373	330	579	528	526	803	446	509	400	390	619	750	574	802	563	554	886	897	700	628	649	581	393	672	608	714	543	653	633	845	485	713	509	681	733	459	
591	419	0	374	752	312	496	636	304	404	358	741	685	464	340	833	673	650	401	557	874	787	791	864	551	547	657	839	528	884	406	492	687	896	414	576	783	764	559	376	854	
546	870	374	0	869	817	771	436	655	848	374	866	516	348	503	842	646	530	751	628	806	813	347	550	337	437	734	858	546	539	796	753	579	604	336	382	692	479	412	785	813	
807	554	752	869	0	482	887	798	713	336	798	871	577	501	675	648	410	796	312	828	626	872	571	813	572	727	312	597	558	766	607	650	720	739	399	483	580	771	879	352	798	
322	373	312	817	482	0	666	697	649	729	669	344	690	771	669	562	698	875	673	869	877	677	812	323	361	701	654	363	811	303	800	659	724	834	676	461	874	505	712	450	713	
582	330	496	771	887	666	0	643	883	804	851	525	828	775	861	569	851	477	387	696	532	722	503	613	571	550	572	867	559	755	660	672	813	531	314	360	361	585	827	680	368	
626	579	636	436	798	697	643	0	759	793	695	371	344	534	439	334	351	832	341	671	441	538	421	574	659	821	824	868	772	693	328	489	368	800	834	664	599	794	529	750	720	
647	528	304	655	713	649	883	759	0	787	448	356	362	513	779	442	582	686	425	716	434	654	749	453	718	535	743	327	555	352	578	616	486	593	617	898	835	708	478	827	796	
866	526	404	848	336	729	804	793	787	0	805	660	560	618	760	496	746	855	656	835	516	317	799	347	825	527	571	794	768	749	521	738	311	508	848	532	417	734	560	571	508	
747	803	358	374	798	669	851	695	448	805	0	607	878	350	463	785	463	330	792	372	677	470	693	858	370	732	355	342	390	894	387	562	567	476	494	526	710	571	785	318	756	
717	446	741	866	871	344	525	371	356	660	607	0	460	647	780	466	625	402	429	472	415	399	744	670	793	621	472	557	395	383	447	732	488	729	653	898	641	600	773	805	886	
630	509	685	516	577	690	828	344	362	560	878	460	0	765	370	522	574	661	584	447	723	458	528	487	608	581	302	577	337	398	626	327	585	470	589	349	603	577	407	437	727	
681	400	464	348	501	771	775	534	513	618	350	647	765	0	308	657	373	793	430	581	668	865	697	366	554	689	590	775	727	836	718	820	539	341	510	869	554	768	840	877	706	
661	390	340	503	675	669	861	439	779	760	463	780	370	308	0	893	441	840	685	657	388	893	327	562	850	706	834	506	678	630	528	481	456	335	330	408	623	472	323	739	601	
801	619	833	842	648	562	569	334	442	496	785	466	522	657	893	0	742	428	629	361	557	412	466	335	362	607	646	434	865	637	680	711	455	329	420	747	452	688	772	675	718	
492	750	673	646	410	698	851	351	582	746	463	625	574	373	441	742	0	780	359	751	340	897	759	543	507	399	473	584	465	860	444	354	838	737	370	470	313	744	575	585	540	
455	574	650	530	796	875	477	832	686	855	330	402	661	793	840	428	780	0	439	580	493	356	306	706	621	872	544	713	536	786	746	733	793	506	779	569	839	533	681	333	521	
358	802	401	751	312	673	387	341	425	656	792	429	584	430	685	629	359	439	0	879	747	899	696	368	650	404	695	785	491	642	694	700	347	746	852	712	759	707	524	558	358	
883	563	557	628	828	869	696	671	716	835	372	472	447	581	657	361	751	580	879	0	324	648	456	543	674	749	304	534	384	863	682	707	808	832	808	763	746	782	648	432	801	
897	554	874	806	626	877	532	441	434	516	677	415	723	668	388	557	340	493	747	324	0	628	561	318	894	718	898	346	583	668	768	546	480	401	858	790	886	437	604	463	839	
840	886	787	813	872	677	722	538	654	317	470	399	458	865	893	412	897	356	899	648	628	0	372	631	637	324	835	886	394	490	770	461	839	803	347	658	688	789	309	819	540	
382	897	791	347	571	812	503	421	749	799	693	744	528	697	327	466	759	306	696	456	561	372	0	327	831	524	794	849	829	818	304	887	419	453	355	412	469	404	466	885	415	
662	700	864	550	813	323	613	574	453	347	858	670	487	366	562	335	543	706	368	543	318	631	327	0	314	484	316	472	884	379	637	764	688	779	583	462	522	361	627	379	355	
556	628	551	337	572	361	571	659	718	825	370	793	608	554	850	362	507	621	650	674	894	637	831	314	0	850	652	512	482	629	427	640	790	739	321	424	894	658	599	720	870	
845	649	547	437	727	701	550	821	535	527	732	621	581	689	706	607	399	872	404	749	718	324	524	484	850	0	313	895	886	340	796	797	647	358	619	782	723	447	694	326	595	
411	581	657	734	312	654	572	824	743	571	355	472	302	590	834	646	473	544	695	304	898	835	794	316	652	313	0	815	771	685	817	674	855	541	845	685	607	868	592	416	422	
677	393	839	858	597	363	867	868	327	794	342	557	577	775	506	434	584	713	785	534	346	886	849	472	512	895	815	0	410	331	670	380	352	884	315	401	877	625	765	538	729	
854	672	528	546	558	811	559	772	555	768	390	395	337	727	678	865	465	536	491	384	583	394	829	884	482	886	771	410	0	748	713	621	494	400	317	533	304	560	786	454	362	
793	608	884	539	766	303	755	693	352	749	894	383	398	836	630	637	860	786	642	863	668	490	818	379	629	340	685	331	748	0	425	632	388	775	566	348	525	434	341	595	672	
348	714	406	796	607	800	660	328	578	521	387	447	626	718	528	680	444	746	694	682	768	770	304	637	427	796	817	670	713	425	0	839	719	678	544	893	867	359	400	576	825	
695	543	492	753	650	659	672	489	616	738	562	732	327	820	481	711	354	733	700	707	546	461	887	764	640	797	674	380	621	632	839	0	607	724	547	533	407	330	750	881	397	
644	653	687	579	720	724	813	368	486	311	567	488	585	539	456	455	838	793	347	808	480	839	419	688	790	647	855	352	494	388	719	607	0	401	594	387	679	650	351	501	575	
628	633	896	604	739	834	531	800	593	508	476	729	470	341	335	329	737	506	746	832	401	803	453	779	739	358	541	884	400	775	678	724	401	0	490	473	889	856	551	324	536	
508	845	414	336	399	676	314	834	617	848	494	653	589	510	330	420	370	779	852	808	858	347	355	583	321	619	845	315	317	566	544	547	594	490	0	430	508	670	782	374	755	
615	485	576	382	483	461	360	664	898	532	526	898	349	869	408	747	470	569	712	763	790	658	412	462	424	782	685	401	533	348	893	533	387	473	430	0	300	380	580	442	307	
609	713	783	692	580	874	361	599	835	417	710	641	603	554	623	452	313	839	759	746	886	688	469	522	894	723	607	877	304	525	867	407	679	889	508	300	0	625	814	861	655	
806	509	764	479	771	505	585	794	708	734	571	600	577	768	472	688	744	533	707	782	437	789	404	361	658	447	868	625	560	434	359	330	650	856	670	380	625	0	627	348	415	
562	681	559	412	879	712	827	529	478	560	785	773	407	840	323	772	575	681	524	648	604	309	466	627	599	694	592	765	786	341	400	750	351	551	782	580	814	627	0	776	659	
765	733	376	785	352	450	680	750	827	571	318	805	437	877	739	675	585	333	558	432	463	819	885	379	720	326	416	538	454	595	576	881	501	324	374	442	861	348	776	0	419	
393	459	854	813	798	713	368	720	796	508	756	886	727	706	601	718	540	521	358	801	839	540	415	355	870	595	422	729	362	672	825	397	575	536	755	307	655	415	659	419	0	
etats
Id_Station	Poids W	Min (P)	WSPT	Priorité	
1	2	300	42,86	9	
2	1	307	102,33	27	
3	1	301	50,17	16	
4	6	307	307,00	33	
5	1	327	46,71	14	
6	5	311	311,00	36	
7	6	321	40,13	8	
8	4	314	314,00	38	
9	1	305	76,25	23	
10	9	306	34,00	3	
11	8	309	44,14	12	
12	2	303	33,67	2	
13	3	315	105,00	28	
14	1	319	45,57	13	
15	1	305	305,00	32	
16	7	336	84,00	26	
17	6	309	309,00	35	
18	6	301	43,00	10	
19	6	300	37,50	6	
20	6	311	311,00	37	
21	1	318	63,60	22	
22	9	301	37,63	7	
23	7	314	314,00	39	
24	6	301	50,17	17	
25	7	329	82,25	25	
26	8	300	33,33	1	
27	5	317	317,00	40	
28	2	303	303,00	31	
29	7	300	60,00	20	
30	4	327	163,50	29	
31	3	308	308,00	34	
32	6	316	52,67	18	
33	9	308	34,22	5	
34	2	300	60,00	21	
35	9	306	34,00	4	
36	8	332	55,33	19	
37	9	322	80,50	24	
38	8	301	43,00	11	
39	5	327	163,50	30	
40	5	300	50,00	15	
