distances
0	702	686	505	473	688	648	428	390	510	461	695	696	541	622	497	371	751	691	538	637	537	608	477	492	346	412	449	486	448	785	502	448	505	455	353	530	303	690	393	358	457	530	380	372	759	339	641	598	464	548	406	471	583	524	704	707	305	688	620	484	
702	0	486	514	668	396	350	764	358	770	449	630	387	781	676	639	499	566	358	356	637	771	557	745	710	425	495	649	779	740	772	442	654	779	305	306	404	794	364	515	659	568	581	692	795	585	437	572	547	486	789	691	373	739	776	444	490	669	727	622	779	
686	486	0	639	761	305	304	414	551	362	380	654	601	318	392	602	730	328	575	727	692	657	650	347	552	744	625	564	663	772	327	698	601	445	788	669	573	719	721	495	567	610	710	473	671	514	794	484	768	667	661	633	758	671	687	469	783	321	748	595	473	
505	514	639	0	532	692	727	470	437	419	419	757	608	520	743	571	327	416	706	465	664	695	650	716	796	627	303	596	455	563	397	544	316	459	326	455	358	404	679	417	391	464	379	485	516	372	776	375	729	726	668	385	502	702	696	371	489	434	583	680	786	
473	668	761	532	0	309	696	682	792	490	522	566	618	364	500	354	655	635	566	678	724	350	623	701	436	310	563	767	552	536	728	369	507	465	441	392	513	531	726	781	408	333	367	797	410	476	669	629	665	698	454	516	613	578	519	607	579	746	352	332	717	
688	396	305	692	309	0	303	387	579	422	511	584	701	600	350	371	539	429	767	440	440	772	633	438	611	624	468	321	351	732	418	378	773	685	736	328	648	348	414	468	339	648	597	324	695	702	303	798	401	664	363	788	646	720	488	375	609	606	448	486	356	
648	350	304	727	696	303	0	490	667	660	561	563	659	678	326	349	789	696	361	603	711	572	352	493	509	746	498	502	751	736	781	773	301	543	451	422	511	674	649	621	598	416	369	348	666	468	506	524	503	322	737	733	465	559	362	575	462	586	794	574	434	
428	764	414	470	682	387	490	0	745	306	482	671	602	709	661	659	630	375	310	652	740	385	708	399	726	684	614	689	693	342	738	670	404	757	442	450	571	440	454	383	350	786	392	391	357	692	790	556	650	404	600	770	499	576	592	345	599	745	390	641	649	
390	358	551	437	792	579	667	745	0	626	300	303	411	378	322	646	720	701	329	587	790	627	622	530	757	760	729	757	304	599	630	347	699	585	785	503	383	637	371	557	446	303	507	398	490	648	509	737	782	745	550	713	470	370	749	666	328	563	429	695	743	
510	770	362	419	490	422	660	306	626	0	472	403	386	722	609	496	426	335	558	684	407	545	440	630	606	458	755	469	576	655	326	491	348	332	781	595	671	781	318	786	612	738	459	607	390	452	618	719	481	491	543	485	735	797	495	414	791	563	444	531	612	
461	449	380	419	522	511	561	482	300	472	0	779	573	352	453	509	372	645	461	701	416	624	797	387	341	490	434	616	671	407	698	400	610	421	541	591	356	581	513	399	575	570	568	587	557	367	715	384	594	492	702	633	569	599	425	407	571	337	517	631	782	
695	630	654	757	566	584	563	671	303	403	779	0	638	407	513	527	671	485	392	585	752	386	582	655	744	428	405	328	540	742	791	338	695	463	739	774	523	594	697	389	370	418	373	547	634	691	402	681	418	794	796	360	387	442	579	792	445	451	553	474	666	
696	387	601	608	618	701	659	602	411	386	573	638	0	623	321	422	516	420	713	779	358	674	570	513	347	602	799	332	766	497	475	757	432	514	437	729	773	458	722	740	471	357	545	647	551	498	504	508	608	684	620	601	613	756	447	681	775	581	633	775	404	
541	781	318	520	364	600	678	709	378	722	352	407	623	0	528	319	437	398	375	308	612	743	645	583	316	580	676	670	666	419	690	596	701	498	477	759	573	685	659	669	592	579	316	759	439	384	760	311	462	597	398	466	560	796	398	407	695	586	797	661	645	
622	676	392	743	500	350	326	661	322	609	453	513	321	528	0	514	522	369	636	352	322	334	323	331	369	697	507	634	418	657	396	791	763	535	799	329	350	484	676	625	733	614	549	360	715	777	367	624	577	553	698	589	350	342	688	410	681	351	693	785	775	
497	639	602	571	354	371	349	659	646	496	509	527	422	319	514	0	410	654	401	432	764	768	778	743	532	637	567	707	440	403	723	615	770	505	726	466	698	707	486	743	572	364	335	772	492	365	421	575	616	329	544	420	375	557	439	781	687	659	315	432	680	
371	499	730	327	655	539	789	630	720	426	372	671	516	437	522	410	0	733	709	481	638	376	662	635	581	677	569	494	550	396	407	712	515	506	459	504	682	507	413	698	643	537	603	690	474	527	687	555	611	712	728	374	330	527	467	490	341	336	470	378	395	
751	566	328	416	635	429	696	375	701	335	645	485	420	398	369	654	733	0	609	397	513	593	536	644	679	711	374	534	645	398	581	715	424	534	486	790	653	730	459	618	468	545	321	779	582	308	520	408	301	495	629	785	783	574	609	432	390	592	477	737	746	
691	358	575	706	566	767	361	310	329	558	461	392	713	375	636	401	709	609	0	701	567	667	686	598	638	641	434	728	310	501	522	737	371	567	549	665	643	675	499	505	578	501	507	703	390	431	478	527	373	717	594	548	551	409	452	647	408	397	571	383	546	
538	356	727	465	678	440	603	652	587	684	701	585	779	308	352	432	481	397	701	0	521	497	463	569	739	390	423	545	322	556	736	798	424	417	467	462	309	308	755	310	674	722	654	747	346	499	749	507	468	627	793	553	446	484	636	425	779	678	375	668	546	
637	637	692	664	724	440	711	740	790	407	416	752	358	612	322	764	638	513	567	521	0	686	460	340	594	473	655	598	517	410	716	785	382	789	653	366	616	578	478	431	545	538	609	561	690	319	301	326	481	496	496	430	768	759	352	443	724	326	442	488	753	
537	771	657	695	350	772	572	385	627	545	624	386	674	743	334	768	376	593	667	497	686	0	777	380	719	750	751	662	335	560	423	482	764	648	799	657	344	486	336	539	401	428	650	726	441	514	310	675	416	455	368	580	673	312	487	669	770	426	339	406	412	
608	557	650	650	623	633	352	708	622	440	797	582	570	645	323	778	662	536	686	463	460	777	0	715	367	343	365	335	416	424	615	575	404	611	746	788	302	318	627	625	750	335	644	764	580	494	496	424	564	470	673	631	415	674	793	510	456	490	620	385	712	
477	745	347	716	701	438	493	399	530	630	387	655	513	583	331	743	635	644	598	569	340	380	715	0	761	603	679	450	752	516	799	346	677	623	572	741	398	453	702	437	603	390	319	783	350	388	595	426	378	360	527	646	429	764	514	776	670	619	523	746	321	
492	710	552	796	436	611	509	726	757	606	341	744	347	316	369	532	581	679	638	739	594	719	367	761	0	506	413	692	432	563	412	510	715	350	469	764	578	629	305	634	674	470	415	494	559	321	539	669	628	599	491	558	383	759	399	797	355	412	565	432	753	
346	425	744	627	310	624	746	684	760	458	490	428	602	580	697	637	677	711	641	390	473	750	343	603	506	0	538	781	740	643	721	384	705	456	476	541	797	305	750	785	337	498	325	571	779	703	420	774	683	496	441	449	646	600	549	388	442	406	596	501	329	
412	495	625	303	563	468	498	614	729	755	434	405	799	676	507	567	569	374	434	423	655	751	365	679	413	538	0	413	768	724	777	371	313	526	561	595	750	352	630	459	666	337	517	641	514	758	549	421	475	402	335	649	622	365	777	441	788	717	495	768	421	
449	649	564	596	767	321	502	689	757	469	616	328	332	670	634	707	494	534	728	545	598	662	335	450	692	781	413	0	495	530	557	440	563	532	784	613	682	559	336	449	773	410	452	795	648	315	380	495	413	726	404	543	414	369	552	786	699	541	431	575	695	
486	779	663	455	552	351	751	693	304	576	671	540	766	666	418	440	550	645	310	322	517	335	416	752	432	740	768	495	0	647	647	670	497	728	756	550	733	597	656	462	485	449	795	311	321	385	309	780	440	754	636	676	462	473	605	301	448	679	426	669	564	
448	740	772	563	536	732	736	342	599	655	407	742	497	419	657	403	396	398	501	556	410	560	424	516	563	643	724	530	647	0	594	615	779	400	779	614	709	659	574	602	394	643	393	680	300	352	404	571	340	422	740	536	688	585	464	752	380	552	632	791	773	
785	772	327	397	728	418	781	738	630	326	698	791	475	690	396	723	407	581	522	736	716	423	615	799	412	721	777	557	647	594	0	577	380	677	676	454	613	738	384	425	346	570	414	438	363	552	432	505	356	409	389	516	618	439	590	582	361	545	416	339	327	
502	442	698	544	369	378	773	670	347	491	400	338	757	596	791	615	712	715	737	798	785	482	575	346	510	384	371	440	670	615	577	0	760	702	490	616	483	632	424	693	558	438	317	530	590	431	316	516	452	509	594	791	545	468	388	380	625	440	389	788	440	
448	654	601	316	507	773	301	404	699	348	610	695	432	701	763	770	515	424	371	424	382	764	404	677	715	705	313	563	497	779	380	760	0	673	304	565	438	406	788	467	369	601	404	356	380	523	705	335	509	568	384	313	511	685	729	734	574	473	626	521	448	
505	779	445	459	465	685	543	757	585	332	421	463	514	498	535	505	506	534	567	417	789	648	611	623	350	456	526	532	728	400	677	702	673	0	327	344	352	733	731	380	639	685	465	775	577	553	512	605	559	790	312	434	550	717	563	473	348	672	746	643	517	
455	305	788	326	441	736	451	442	785	781	541	739	437	477	799	726	459	486	549	467	653	799	746	572	469	476	561	784	756	779	676	490	304	327	0	429	466	497	313	693	690	368	381	322	312	505	555	455	726	734	349	785	336	783	545	782	342	642	608	413	373	
353	306	669	455	392	328	422	450	503	595	591	774	729	759	329	466	504	790	665	462	366	657	788	741	764	541	595	613	550	614	454	616	565	344	429	0	306	764	410	375	479	431	654	588	560	797	363	351	655	457	374	684	375	662	653	342	390	369	477	398	637	
530	404	573	358	513	648	511	571	383	671	356	523	773	573	350	698	682	653	643	309	616	344	302	398	578	797	750	682	733	709	613	483	438	352	466	306	0	681	618	608	370	466	328	464	780	530	363	651	608	490	562	558	502	417	642	643	383	775	739	412	711	
303	794	719	404	531	348	674	440	637	781	581	594	458	685	484	707	507	730	675	308	578	486	318	453	629	305	352	559	597	659	738	632	406	733	497	764	681	0	343	437	760	629	478	415	531	673	609	365	718	326	353	477	629	773	344	503	795	556	394	316	649	
690	364	721	679	726	414	649	454	371	318	513	697	722	659	676	486	413	459	499	755	478	336	627	702	305	750	630	336	656	574	384	424	788	731	313	410	618	343	0	600	705	346	306	439	712	614	300	680	564	385	692	760	703	796	778	384	676	728	349	395	430	
393	515	495	417	781	468	621	383	557	786	399	389	740	669	625	743	698	618	505	310	431	539	625	437	634	785	459	449	462	602	425	693	467	380	693	375	608	437	600	0	368	384	761	752	374	419	372	619	428	664	782	579	385	354	310	767	361	370	710	781	573	
358	659	567	391	408	339	598	350	446	612	575	370	471	592	733	572	643	468	578	674	545	401	750	603	674	337	666	773	485	394	346	558	369	639	690	479	370	760	705	368	0	641	360	474	657	313	549	470	685	544	753	348	515	312	544	655	658	397	552	609	723	
457	568	610	464	333	648	416	786	303	738	570	418	357	579	614	364	537	545	501	722	538	428	335	390	470	498	337	410	449	643	570	438	601	685	368	431	466	629	346	384	641	0	562	513	322	370	386	494	592	695	575	402	651	772	500	513	525	587	744	788	649	
530	581	710	379	367	597	369	392	507	459	568	373	545	316	549	335	603	321	507	654	609	650	644	319	415	325	517	452	795	393	414	317	404	465	381	654	328	478	306	761	360	562	0	580	620	703	656	344	401	402	423	546	746	326	518	545	378	750	740	719	526	
380	692	473	485	797	324	348	391	398	607	587	547	647	759	360	772	690	779	703	747	561	726	764	783	494	571	641	795	311	680	438	530	356	775	322	588	464	415	439	752	474	513	580	0	654	389	563	680	391	653	406	737	378	513	504	551	612	749	309	508	432	
372	795	671	516	410	695	666	357	490	390	557	634	551	439	715	492	474	582	390	346	690	441	580	350	559	779	514	648	321	300	363	590	380	577	312	560	780	531	712	374	657	322	620	654	0	333	325	486	528	671	364	565	760	634	405	423	634	578	573	520	792	
759	585	514	372	476	702	468	692	648	452	367	691	498	384	777	365	527	308	431	499	319	514	494	388	321	703	758	315	385	352	552	431	523	553	505	797	530	673	614	419	313	370	703	389	333	0	584	513	416	628	779	528	678	499	347	680	334	694	476	640	434	
339	437	794	776	669	303	506	790	509	618	715	402	504	760	367	421	687	520	478	749	301	310	496	595	539	420	549	380	309	404	432	316	705	512	555	363	363	609	300	372	549	386	656	563	325	584	0	514	326	736	676	752	384	364	439	634	699	562	318	397	358	
641	572	484	375	629	798	524	556	737	719	384	681	508	311	624	575	555	408	527	507	326	675	424	426	669	774	421	495	780	571	505	516	335	605	455	351	651	365	680	619	470	494	344	680	486	513	514	0	534	343	604	392	786	773	443	540	509	340	766	319	583	
598	547	768	729	665	401	503	650	782	481	594	418	608	462	577	616	611	301	373	468	481	416	564	378	628	683	475	413	440	340	356	452	509	559	726	655	608	718	564	428	685	592	401	391	528	416	326	534	0	549	734	619	582	746	799	784	739	545	665	327	538	
464	486	667	726	698	664	322	404	745	491	492	794	684	597	553	329	712	495	717	627	496	455	470	360	599	496	402	726	754	422	409	509	568	790	734	457	490	326	385	664	544	695	402	653	671	628	736	343	549	0	565	417	766	361	301	726	680	427	700	673	785	
548	789	661	668	454	363	737	600	550	543	702	796	620	398	698	544	728	629	594	793	496	368	673	527	491	441	335	404	636	740	389	594	384	312	349	374	562	353	692	782	753	575	423	406	364	779	676	604	734	565	0	657	640	714	500	321	356	684	539	700	564	
406	691	633	385	516	788	733	770	713	485	633	360	601	466	589	420	374	785	548	553	430	580	631	646	558	449	649	543	676	536	516	791	313	434	785	684	558	477	760	579	348	402	546	737	565	528	752	392	619	417	657	0	405	785	582	708	654	742	689	771	560	
471	373	758	502	613	646	465	499	470	735	569	387	613	560	350	375	330	783	551	446	768	673	415	429	383	646	622	414	462	688	618	545	511	550	336	375	502	629	703	385	515	651	746	378	760	678	384	786	582	766	640	405	0	546	566	337	754	772	512	572	564	
583	739	671	702	578	720	559	576	370	797	599	442	756	796	342	557	527	574	409	484	759	312	674	764	759	600	365	369	473	585	439	468	685	717	783	662	417	773	796	354	312	772	326	513	634	499	364	773	746	361	714	785	546	0	744	345	395	664	454	683	334	
524	776	687	696	519	488	362	592	749	495	425	579	447	398	688	439	467	609	452	636	352	487	793	514	399	549	777	552	605	464	590	388	729	563	545	653	642	344	778	310	544	500	518	504	405	347	439	443	799	301	500	582	566	744	0	337	663	634	767	569	360	
704	444	469	371	607	375	575	345	666	414	407	792	681	407	410	781	490	432	647	425	443	669	510	776	797	388	441	786	301	752	582	380	734	473	782	342	643	503	384	767	655	513	545	551	423	680	634	540	784	726	321	708	337	345	337	0	468	449	368	563	528	
707	490	783	489	579	609	462	599	328	791	571	445	775	695	681	687	341	390	408	779	724	770	456	670	355	442	788	699	448	380	361	625	574	348	342	390	383	795	676	361	658	525	378	612	634	334	699	509	739	680	356	654	754	395	663	468	0	759	719	725	679	
305	669	321	434	746	606	586	745	563	563	337	451	581	586	351	659	336	592	397	678	326	426	490	619	412	406	717	541	679	552	545	440	473	672	642	369	775	556	728	370	397	587	750	749	578	694	562	340	545	427	684	742	772	664	634	449	759	0	702	761	421	
688	727	748	583	352	448	794	390	429	444	517	553	633	797	693	315	470	477	571	375	442	339	620	523	565	596	495	431	426	632	416	389	626	746	608	477	739	394	349	710	552	744	740	309	573	476	318	766	665	700	539	689	512	454	767	368	719	702	0	411	661	
620	622	595	680	332	486	574	641	695	531	631	474	775	661	785	432	378	737	383	668	488	406	385	746	432	501	768	575	669	791	339	788	521	643	413	398	412	316	395	781	609	788	719	508	520	640	397	319	327	673	700	771	572	683	569	563	725	761	411	0	339	
484	779	473	786	717	356	434	649	743	612	782	666	404	645	775	680	395	746	546	546	753	412	712	321	753	329	421	695	564	773	327	440	448	517	373	637	711	649	430	573	723	649	526	432	792	434	358	583	538	785	564	560	564	334	360	528	679	421	661	339	0	
etats
Id_Station	Poids W	Min (P)	WSPT	Priorité	
1	4	302	33,56	1	
2	7	302	33,56	2	
3	2	304	33,78	3	
4	1	304	33,78	4	
5	9	304	33,78	5	
6	1	305	33,89	6	
7	1	306	34,00	7	
8	3	306	34,00	8	
9	2	317	35,22	9	
10	3	319	35,44	10	
11	9	300	37,50	11	
12	3	301	37,63	12	
13	1	301	37,63	13	
14	2	302	37,75	14	
15	6	304	38,00	15	
16	4	308	38,50	16	
17	2	310	38,75	17	
18	2	301	43,00	18	
19	4	306	43,71	19	
20	1	310	44,29	20	
21	7	311	44,43	21	
22	1	315	45,00	22	
23	2	332	47,43	23	
24	2	300	50,00	24	
25	2	301	50,17	25	
26	2	302	50,33	26	
27	7	302	50,33	27	
28	8	302	50,33	28	
29	7	304	50,67	29	
30	3	306	51,00	30	
31	6	307	51,17	31	
32	1	311	51,83	32	
33	4	313	52,17	33	
34	4	326	54,33	34	
35	2	302	60,40	35	
36	6	306	61,20	36	
37	5	309	61,80	37	
38	7	309	61,80	38	
39	1	310	62,00	39	
40	3	311	62,20	40	
41	1	313	62,60	41	
42	9	316	63,20	42	
43	5	321	64,20	43	
44	1	300	75,00	44	
45	1	303	75,75	45	
46	1	345	86,25	46	
47	6	300	100,00	47	
48	6	301	100,33	48	
49	5	302	100,67	49	
50	4	305	101,67	50	
51	8	306	102,00	51	
52	6	304	152,00	52	
53	2	322	161,00	53	
54	3	301	301,00	54	
55	6	302	302,00	55	
56	2	304	304,00	56	
57	2	307	307,00	57	
58	7	309	309,00	58	
59	3	313	313,00	59	
60	7	343	343,00	60	

