distances
0	794	366	494	684	434	613	319	346	359	347	449	461	682	339	734	657	449	531	647	440	378	313	593	338	650	785	355	632	758	382	759	542	365	737	364	508	772	623	463	744	637	610	340	639	681	424	318	751	640	791	423	404	307	565	520	551	451	606	507	618	
794	0	351	733	553	636	660	697	475	798	786	355	616	424	409	765	596	570	703	463	431	520	350	731	673	590	726	711	494	308	630	500	520	714	303	320	381	688	304	783	661	602	314	601	470	647	312	789	770	620	703	758	521	685	487	303	434	355	303	532	602	
366	351	0	421	769	389	645	707	693	505	539	362	637	731	367	396	527	763	674	520	618	400	359	754	470	575	555	696	697	665	575	412	755	675	534	736	605	601	469	790	360	731	700	568	311	633	702	773	651	453	406	552	485	525	343	426	499	602	450	400	675	
494	733	421	0	706	695	469	463	741	371	686	411	480	501	683	472	361	618	797	302	414	547	381	452	386	335	563	497	360	350	739	399	465	762	693	611	573	667	617	741	500	699	349	670	559	343	322	480	574	448	356	589	709	585	559	404	407	348	352	732	485	
684	553	769	706	0	378	575	363	325	545	613	730	340	455	663	367	318	488	581	657	584	597	479	583	550	351	425	632	528	751	797	741	520	577	655	490	583	540	594	559	549	672	716	551	662	670	353	637	356	550	718	343	690	300	475	519	591	526	766	633	352	
434	636	389	695	378	0	480	492	670	749	389	395	453	533	566	712	760	531	436	361	703	771	372	730	654	376	326	492	660	473	635	491	785	376	548	710	686	706	490	424	698	726	497	385	694	665	528	317	692	587	461	478	540	709	755	686	687	691	459	436	667	
613	660	645	469	575	480	0	414	575	332	337	731	388	311	493	306	628	433	331	420	674	609	558	522	315	440	465	722	370	701	311	582	341	382	574	379	710	708	521	702	324	393	336	522	409	326	303	400	368	308	629	620	556	481	392	468	749	358	334	617	737	
319	697	707	463	363	492	414	0	725	681	337	373	426	594	746	600	615	534	344	798	301	338	502	568	601	694	566	403	601	451	706	454	300	637	401	445	436	406	688	389	393	761	746	531	601	762	798	580	549	554	718	643	422	312	489	682	383	684	484	421	464	
346	475	693	741	325	670	575	725	0	339	652	669	575	555	685	619	389	424	400	424	427	338	789	394	570	652	374	572	303	725	376	367	669	339	420	798	749	754	365	309	554	381	656	761	522	773	767	590	627	360	781	577	412	745	318	685	413	325	304	600	731	
359	798	505	371	545	749	332	681	339	0	316	408	634	486	579	548	587	765	309	393	746	545	644	408	507	446	547	565	622	480	471	734	675	578	776	793	365	332	791	519	491	531	523	380	626	758	699	584	706	753	599	368	786	797	435	501	538	607	351	494	527	
347	786	539	686	613	389	337	337	652	316	0	537	451	518	491	302	388	777	434	442	623	636	306	711	775	489	434	664	630	507	555	321	419	717	519	740	795	766	304	497	627	663	525	784	603	311	499	301	740	650	588	328	720	528	455	680	573	546	713	458	628	
449	355	362	411	730	395	731	373	669	408	537	0	661	796	590	404	697	491	446	320	370	712	427	750	741	301	607	518	358	366	338	542	471	709	770	365	633	526	585	626	503	703	555	776	591	354	422	366	724	502	727	426	572	699	643	624	405	727	554	670	380	
461	616	637	480	340	453	388	426	575	634	451	661	0	561	628	658	670	712	702	346	344	792	309	439	372	674	504	401	675	427	634	782	733	359	442	316	712	775	348	445	455	312	362	702	376	429	375	400	419	694	448	670	473	727	786	484	671	635	546	762	604	
682	424	731	501	455	533	311	594	555	486	518	796	561	0	426	754	357	537	461	538	472	375	632	797	442	395	381	507	330	450	417	549	503	449	314	780	485	368	378	338	334	770	476	327	717	786	790	550	630	776	473	492	461	559	454	594	640	603	620	443	721	
339	409	367	683	663	566	493	746	685	579	491	590	628	426	0	682	564	725	738	588	729	742	486	672	526	641	677	692	328	695	705	404	470	650	327	723	319	412	531	575	301	321	666	325	519	607	453	322	347	369	534	689	712	659	506	311	373	308	784	383	371	
734	765	396	472	367	712	306	600	619	548	302	404	658	754	682	0	352	343	363	736	651	505	600	647	471	637	539	393	758	485	643	762	756	532	361	443	536	570	580	438	793	428	655	517	646	761	558	454	748	386	657	794	610	632	395	672	319	645	376	452	361	
657	596	527	361	318	760	628	615	389	587	388	697	670	357	564	352	0	404	794	703	691	390	771	757	334	683	553	367	673	742	469	403	701	710	422	744	384	435	366	717	326	755	336	369	694	513	739	482	468	500	486	375	659	596	478	442	502	430	769	587	476	
449	570	763	618	488	531	433	534	424	765	777	491	712	537	725	343	404	0	769	558	355	344	577	605	552	398	540	532	562	599	342	366	637	498	345	431	701	466	661	637	501	606	632	565	628	756	462	391	379	669	430	528	664	544	534	499	404	604	305	634	741	
531	703	674	797	581	436	331	344	400	309	434	446	702	461	738	363	794	769	0	711	384	601	600	704	463	670	705	301	307	488	581	732	657	408	437	541	609	342	442	687	571	789	605	436	305	755	378	360	773	579	521	448	718	384	631	313	663	628	426	372	324	
647	463	520	302	657	361	420	798	424	393	442	320	346	538	588	736	703	558	711	0	445	412	463	579	311	481	675	427	436	668	432	422	587	579	348	639	370	471	579	339	557	641	482	589	447	438	378	530	577	690	387	743	694	623	528	543	791	684	651	688	398	
440	431	618	414	584	703	674	301	427	746	623	370	344	472	729	651	691	355	384	445	0	603	573	649	794	743	569	460	505	444	502	374	575	535	511	394	591	747	619	317	660	537	416	544	547	326	562	503	730	735	597	709	633	618	507	641	506	468	727	650	390	
378	520	400	547	597	771	609	338	338	545	636	712	792	375	742	505	390	344	601	412	603	0	659	757	725	663	312	311	468	615	547	454	628	718	393	516	607	740	763	531	350	543	787	308	599	560	456	355	593	602	727	688	584	485	493	423	559	614	499	357	621	
313	350	359	381	479	372	558	502	789	644	306	427	309	632	486	600	771	577	600	463	573	659	0	319	459	356	680	481	621	657	584	309	670	364	700	453	578	762	749	621	732	462	727	347	407	438	439	603	377	761	756	718	320	379	646	382	688	613	681	633	777	
593	731	754	452	583	730	522	568	394	408	711	750	439	797	672	647	757	605	704	579	649	757	319	0	336	413	507	635	560	499	464	609	632	369	445	607	328	378	660	602	527	705	694	482	660	597	399	590	618	326	571	408	525	393	360	457	477	641	594	638	500	
338	673	470	386	550	654	315	601	570	507	775	741	372	442	526	471	334	552	463	311	794	725	459	336	0	585	490	650	470	510	690	645	766	582	792	361	654	348	410	364	398	313	429	545	455	512	684	310	709	496	467	662	634	768	629	435	338	642	428	306	642	
650	590	575	335	351	376	440	694	652	446	489	301	674	395	641	637	683	398	670	481	743	663	356	413	585	0	322	683	678	415	322	719	537	771	699	457	447	471	707	571	445	491	754	347	529	605	741	613	778	534	612	469	755	658	650	391	599	535	671	520	636	
785	726	555	563	425	326	465	566	374	547	434	607	504	381	677	539	553	540	705	675	569	312	680	507	490	322	0	442	634	352	785	678	388	787	479	599	418	390	715	604	397	410	623	662	747	322	779	304	635	759	357	535	340	588	383	403	690	620	443	562	329	
355	711	696	497	632	492	722	403	572	565	664	518	401	507	692	393	367	532	301	427	460	311	481	635	650	683	442	0	383	600	327	660	512	616	526	785	392	381	622	745	710	316	307	619	564	372	538	777	691	579	359	441	382	736	503	532	769	479	583	516	763	
632	494	697	360	528	660	370	601	303	622	630	358	675	330	328	758	673	562	307	436	505	468	621	560	470	678	634	383	0	462	695	561	371	380	776	681	596	419	738	747	589	612	601	587	664	544	776	603	443	680	748	539	790	474	411	301	628	347	716	618	629	
758	308	665	350	751	473	701	451	725	480	507	366	427	450	695	485	742	599	488	668	444	615	657	499	510	415	352	600	462	0	566	737	456	382	401	338	549	596	431	495	419	408	399	529	455	622	527	479	531	627	511	305	697	528	532	553	549	663	450	414	324	
382	630	575	739	797	635	311	706	376	471	555	338	634	417	705	643	469	342	581	432	502	547	584	464	690	322	785	327	695	566	0	301	610	539	314	670	765	382	713	494	388	787	746	583	734	435	308	509	592	556	703	453	586	407	696	750	664	559	492	468	344	
759	500	412	399	741	491	582	454	367	734	321	542	782	549	404	762	403	366	732	422	374	454	309	609	645	719	678	660	561	737	301	0	325	627	634	493	598	731	455	351	605	508	322	577	431	754	741	675	517	695	776	500	746	555	644	774	634	330	747	628	314	
542	520	755	465	520	785	341	300	669	675	419	471	733	503	470	756	701	637	657	587	575	628	670	632	766	537	388	512	371	456	610	325	0	613	393	423	646	456	419	672	670	480	453	390	441	587	477	704	483	349	444	365	702	499	569	488	403	620	733	402	456	
365	714	675	762	577	376	382	637	339	578	717	709	359	449	650	532	710	498	408	579	535	718	364	369	582	771	787	616	380	382	539	627	613	0	470	306	524	482	540	597	793	665	573	798	727	562	484	580	641	691	357	753	526	561	302	647	450	550	633	455	453	
737	303	534	693	655	548	574	401	420	776	519	770	442	314	327	361	422	345	437	348	511	393	700	445	792	699	479	526	776	401	314	634	393	470	0	380	584	498	337	667	300	782	706	445	776	457	452	591	507	559	531	663	738	614	679	780	531	479	605	559	789	
364	320	736	611	490	710	379	445	798	793	740	365	316	780	723	443	744	431	541	639	394	516	453	607	361	457	599	785	681	338	670	493	423	306	380	0	345	478	639	788	351	469	615	459	341	436	455	527	421	534	419	706	611	338	740	727	658	303	702	420	357	
508	381	605	573	583	686	710	436	749	365	795	633	712	485	319	536	384	701	609	370	591	607	578	328	654	447	418	392	596	549	765	598	646	524	584	345	0	764	513	403	766	455	315	683	512	364	431	625	581	796	556	369	671	751	349	740	788	473	614	467	315	
772	688	601	667	540	706	708	406	754	332	766	526	775	368	412	570	435	466	342	471	747	740	762	378	348	471	390	381	419	596	382	731	456	482	498	478	764	0	459	482	600	762	797	383	426	563	677	329	442	466	528	790	398	481	458	484	499	519	347	715	394	
623	304	469	617	594	490	521	688	365	791	304	585	348	378	531	580	366	661	442	579	619	763	749	660	410	707	715	622	738	431	713	455	419	540	337	639	513	459	0	348	682	574	449	340	715	745	633	356	742	601	396	701	744	371	452	742	741	557	756	412	382	
463	783	790	741	559	424	702	389	309	519	497	626	445	338	575	438	717	637	687	339	317	531	621	602	364	571	604	745	747	495	494	351	672	597	667	788	403	482	348	0	717	687	527	390	559	557	397	709	484	488	685	525	403	628	439	624	354	600	642	572	773	
744	661	360	500	549	698	324	393	554	491	627	503	455	334	301	793	326	501	571	557	660	350	732	527	398	445	397	710	589	419	388	605	670	793	300	351	766	600	682	717	0	333	690	436	529	525	706	667	327	376	650	624	425	333	614	469	566	601	622	776	513	
637	602	731	699	672	726	393	761	381	531	663	703	312	770	321	428	755	606	789	641	537	543	462	705	313	491	410	316	612	408	787	508	480	665	782	469	455	762	574	687	333	0	453	442	595	448	418	573	371	635	782	629	690	762	540	464	354	568	757	515	506	
610	314	700	349	716	497	336	746	656	523	525	555	362	476	666	655	336	632	605	482	416	787	727	694	429	754	623	307	601	399	746	322	453	573	706	615	315	797	449	527	690	453	0	651	786	333	570	678	379	798	676	501	317	595	344	727	677	520	336	580	440	
340	601	568	670	551	385	522	531	761	380	784	776	702	327	325	517	369	565	436	589	544	308	347	482	545	347	662	619	587	529	583	577	390	798	445	459	683	383	340	390	436	442	651	0	530	561	513	491	393	575	354	312	710	666	597	563	404	303	518	755	574	
639	470	311	559	662	694	409	601	522	626	603	591	376	717	519	646	694	628	305	447	547	599	407	660	455	529	747	564	664	455	734	431	441	727	776	341	512	426	715	559	529	595	786	530	0	577	358	791	363	316	682	422	362	595	628	740	514	584	347	740	550	
681	647	633	343	670	665	326	762	773	758	311	354	429	786	607	761	513	756	755	438	326	560	438	597	512	605	322	372	544	622	435	754	587	562	457	436	364	563	745	557	525	448	333	561	577	0	506	715	446	321	471	476	741	470	436	743	629	754	487	574	565	
424	312	702	322	353	528	303	798	767	699	499	422	375	790	453	558	739	462	378	378	562	456	439	399	684	741	779	538	776	527	308	741	477	484	452	455	431	677	633	397	706	418	570	513	358	506	0	394	483	540	595	675	322	322	601	617	663	461	329	386	301	
318	789	773	480	637	317	400	580	590	584	301	366	400	550	322	454	482	391	360	530	503	355	603	590	310	613	304	777	603	479	509	675	704	580	591	527	625	329	356	709	667	573	678	491	791	715	394	0	499	649	506	312	709	314	364	380	419	604	791	525	547	
751	770	651	574	356	692	368	549	627	706	740	724	419	630	347	748	468	379	773	577	730	593	377	618	709	778	635	691	443	531	592	517	483	641	507	421	581	442	742	484	327	371	379	393	363	446	483	499	0	310	522	462	592	333	391	420	606	705	621	396	410	
640	620	453	448	550	587	308	554	360	753	650	502	694	776	369	386	500	669	579	690	735	602	761	326	496	534	759	579	680	627	556	695	349	691	559	534	796	466	601	488	376	635	798	575	316	321	540	649	310	0	645	340	500	621	375	549	605	767	742	776	459	
791	703	406	356	718	461	629	718	781	599	588	727	448	473	534	657	486	430	521	387	597	727	756	571	467	612	357	359	748	511	703	776	444	357	531	419	556	528	396	685	650	782	676	354	682	471	595	506	522	645	0	566	480	642	583	653	734	313	559	335	526	
423	758	552	589	343	478	620	643	577	368	328	426	670	492	689	794	375	528	448	743	709	688	718	408	662	469	535	441	539	305	453	500	365	753	663	706	369	790	701	525	624	629	501	312	422	476	675	312	462	340	566	0	350	715	564	309	746	557	688	718	481	
404	521	485	709	690	540	556	422	412	786	720	572	473	461	712	610	659	664	718	694	633	584	320	525	634	755	340	382	790	697	586	746	702	526	738	611	671	398	744	403	425	690	317	710	362	741	322	709	592	500	480	350	0	767	797	559	402	695	410	753	472	
307	685	525	585	300	709	481	312	745	797	528	699	727	559	659	632	596	544	384	623	618	485	379	393	768	658	588	736	474	528	407	555	499	561	614	338	751	481	371	628	333	762	595	666	595	470	322	314	333	621	642	715	767	0	713	532	388	741	578	397	788	
565	487	343	559	475	755	392	489	318	435	455	643	786	454	506	395	478	534	631	528	507	493	646	360	629	650	383	503	411	532	696	644	569	302	679	740	349	458	452	439	614	540	344	597	628	436	601	364	391	375	583	564	797	713	0	620	487	352	479	470	619	
520	303	426	404	519	686	468	682	685	501	680	624	484	594	311	672	442	499	313	543	641	423	382	457	435	391	403	532	301	553	750	774	488	647	780	727	740	484	742	624	469	464	727	563	740	743	617	380	420	549	653	309	559	532	620	0	600	407	416	466	440	
551	434	499	407	591	687	749	383	413	538	573	405	671	640	373	319	502	404	663	791	506	559	688	477	338	599	690	769	628	549	664	634	403	450	531	658	788	499	741	354	566	354	677	404	514	629	663	419	606	605	734	746	402	388	487	600	0	585	749	487	524	
451	355	602	348	526	691	358	684	325	607	546	727	635	603	308	645	430	604	628	684	468	614	613	641	642	535	620	479	347	663	559	330	620	550	479	303	473	519	557	600	601	568	520	303	584	754	461	604	705	767	313	557	695	741	352	407	585	0	669	326	523	
606	303	450	352	766	459	334	484	304	351	713	554	546	620	784	376	769	305	426	651	727	499	681	594	428	671	443	583	716	450	492	747	733	633	605	702	614	347	756	642	622	757	336	518	347	487	329	791	621	742	559	688	410	578	479	416	749	669	0	626	768	
507	532	400	732	633	436	617	421	600	494	458	670	762	443	383	452	587	634	372	688	650	357	633	638	306	520	562	516	618	414	468	628	402	455	559	420	467	715	412	572	776	515	580	755	740	574	386	525	396	776	335	718	753	397	470	466	487	326	626	0	300	
618	602	675	485	352	667	737	464	731	527	628	380	604	721	371	361	476	741	324	398	390	621	777	500	642	636	329	763	629	324	344	314	456	453	789	357	315	394	382	773	513	506	440	574	550	565	301	547	410	459	526	481	472	788	619	440	524	523	768	300	0	
etats
Id_Station	Poids W	Min (P)	WSPT	Priorité	
1	3	307	34,11	1	
2	6	312	34,67	2	
3	8	315	35,00	3	
4	8	315	35,00	4	
5	3	315	35,00	5	
6	3	315	35,00	6	
7	6	316	35,11	7	
8	3	318	35,33	8	
9	3	300	37,50	9	
10	3	301	37,63	10	
11	1	306	38,25	11	
12	6	301	43,00	12	
13	1	303	43,29	13	
14	5	304	43,43	14	
15	6	304	43,43	15	
16	2	305	43,57	16	
17	5	305	43,57	17	
18	2	310	44,29	18	
19	7	312	44,57	19	
20	1	320	45,71	20	
21	3	322	46,00	21	
22	2	301	50,17	22	
23	7	304	50,67	23	
24	3	304	50,67	24	
25	1	304	50,67	25	
26	1	305	50,83	26	
27	9	317	52,83	27	
28	5	300	60,00	28	
29	4	301	60,20	29	
30	7	303	60,60	30	
31	1	303	60,60	31	
32	7	307	61,40	32	
33	5	312	62,40	33	
34	4	315	63,00	34	
35	9	318	79,50	35	
36	9	301	100,33	36	
37	6	303	101,00	37	
38	1	304	101,33	38	
39	1	306	102,00	39	
40	1	307	102,33	40	
41	3	308	102,67	41	
42	1	316	105,33	42	
43	7	319	106,33	43	
44	1	301	150,50	44	
45	4	302	151,00	45	
46	2	302	151,00	46	
47	9	304	152,00	47	
48	1	312	156,00	48	
49	9	316	158,00	49	
50	8	301	301,00	50	
51	3	301	301,00	51	
52	9	301	301,00	52	
53	1	302	302,00	53	
54	7	303	303,00	54	
55	7	307	307,00	55	
56	9	312	312,00	56	
57	6	312	312,00	57	
58	6	316	316,00	58	
59	7	317	317,00	59	
60	7	320	320,00	60	

