distances
0	756	579	355	421	522	389	611	679	666	476	779	478	758	575	445	444	461	379	507	711	649	311	356	484	538	715	734	729	754	781	419	707	593	402	406	346	704	545	413	518	577	478	720	503	780	752	597	433	520	354	614	576	396	629	562	619	685	495	390	582	
756	0	646	481	722	308	547	632	728	721	377	700	665	509	738	523	796	706	723	762	623	392	564	735	377	333	703	554	361	757	431	699	420	693	777	449	599	432	388	712	385	642	645	789	480	689	743	324	308	540	747	398	468	549	755	318	693	383	307	554	305	
579	646	0	675	304	751	308	770	546	566	762	756	320	523	648	559	328	690	741	684	478	365	543	725	539	742	314	746	706	745	738	635	701	319	322	666	679	758	533	603	382	395	363	720	706	717	792	771	366	422	620	427	717	444	389	492	514	396	718	756	591	
355	481	675	0	480	333	689	455	413	606	446	797	637	382	709	524	708	684	664	535	412	755	634	515	359	663	592	715	624	561	343	455	482	688	629	566	632	370	400	674	733	761	435	570	428	465	454	517	505	712	736	772	491	408	610	415	314	337	377	516	522	
421	722	304	480	0	347	509	597	692	681	728	609	503	722	615	336	700	661	304	550	425	373	671	309	359	398	423	677	449	528	587	383	747	362	583	723	553	379	630	460	654	740	775	552	791	345	365	306	678	699	724	420	528	625	760	433	458	607	623	411	415	
522	308	751	333	347	0	325	650	577	455	785	371	696	607	672	790	404	643	490	315	463	717	626	683	591	761	394	755	507	796	413	312	792	700	343	751	479	602	497	558	526	794	473	531	351	556	519	751	476	380	498	608	367	304	743	386	485	493	739	395	656	
389	547	308	689	509	325	0	575	607	390	767	314	667	704	426	652	670	701	630	716	619	582	467	399	548	351	328	583	743	770	733	477	544	337	782	636	526	317	448	481	633	741	482	676	656	499	568	474	695	694	567	434	356	517	707	419	395	499	791	534	444	
611	632	770	455	597	650	575	0	382	714	353	525	770	763	401	575	645	618	624	331	491	467	798	425	469	724	396	594	305	412	323	600	341	764	766	521	799	625	740	714	686	396	417	609	390	474	696	723	493	400	799	450	470	755	783	561	555	395	377	422	640	
679	728	546	413	692	577	607	382	0	360	677	474	686	723	638	304	769	555	551	458	464	571	544	631	625	327	577	542	396	454	587	620	540	447	431	671	572	477	747	429	423	329	555	314	410	743	530	675	534	385	628	594	778	653	559	634	693	690	470	524	370	
666	721	566	606	681	455	390	714	360	0	698	447	726	787	310	479	677	367	503	770	785	664	779	742	363	699	759	799	524	546	661	420	537	308	741	654	584	542	772	644	794	714	528	490	695	458	404	328	319	716	403	704	722	679	525	316	774	712	615	533	454	
476	377	762	446	728	785	767	353	677	698	0	795	434	596	518	715	730	586	561	631	544	745	635	713	604	456	612	603	357	368	542	573	348	344	648	671	368	662	643	650	399	641	621	673	636	425	383	668	322	573	750	542	724	501	683	722	748	336	506	317	799	
779	700	756	797	609	371	314	525	474	447	795	0	528	486	383	583	367	721	572	518	312	489	583	531	760	422	408	371	748	560	305	473	665	745	468	743	365	604	328	773	650	500	537	686	735	414	764	770	588	494	443	493	698	368	640	615	312	353	727	654	663	
478	665	320	637	503	696	667	770	686	726	434	528	0	473	632	653	610	486	328	324	423	676	635	746	701	771	697	300	619	739	751	732	385	485	343	396	754	525	670	363	416	639	374	450	453	331	407	791	671	766	508	374	349	342	519	627	636	339	667	310	704	
758	509	523	382	722	607	704	763	723	787	596	486	473	0	418	671	678	771	366	619	619	628	471	563	544	538	315	632	674	735	728	712	427	321	795	788	417	522	454	651	401	497	787	695	436	301	674	734	792	478	793	736	536	586	367	632	531	600	739	648	487	
575	738	648	709	615	672	426	401	638	310	518	383	632	418	0	595	443	410	699	441	371	693	409	616	356	582	324	341	548	300	629	647	689	661	367	789	673	571	524	795	708	547	577	315	451	422	393	611	470	329	392	456	553	702	323	563	645	593	745	396	765	
445	523	559	524	336	790	652	575	304	479	715	583	653	671	595	0	736	597	487	607	318	777	731	608	404	742	338	454	467	317	622	653	335	680	416	415	336	366	417	591	668	456	715	475	757	738	622	564	341	621	377	659	520	619	486	312	435	541	416	740	488	
444	796	328	708	700	404	670	645	769	677	730	367	610	678	443	736	0	512	530	382	699	703	763	367	324	321	647	624	694	383	768	667	397	609	496	358	384	432	755	359	708	748	766	524	464	412	345	418	306	424	454	680	753	572	412	696	306	465	424	585	665	
461	706	690	684	661	643	701	618	555	367	586	721	486	771	410	597	512	0	304	492	603	573	611	381	525	495	463	519	622	479	683	381	480	580	533	515	412	764	719	474	603	771	459	448	307	483	357	493	676	494	531	539	580	712	793	647	753	474	579	577	453	
379	723	741	664	304	490	630	624	551	503	561	572	328	366	699	487	530	304	0	567	449	408	692	548	652	793	344	487	752	331	412	748	423	597	619	727	773	786	385	753	552	579	769	676	651	722	597	519	716	590	458	326	398	793	691	783	306	760	332	534	332	
507	762	684	535	550	315	716	331	458	770	631	518	324	619	441	607	382	492	567	0	499	530	394	629	459	618	473	698	452	366	408	498	362	762	490	420	343	484	404	473	339	612	681	586	538	311	593	650	600	587	493	377	483	520	755	579	745	485	536	324	520	
711	623	478	412	425	463	619	491	464	785	544	312	423	619	371	318	699	603	449	499	0	693	333	507	511	773	473	641	411	525	746	422	490	705	322	578	789	671	380	448	620	438	301	330	741	618	343	355	608	780	428	489	347	792	757	651	570	390	509	484	585	
649	392	365	755	373	717	582	467	571	664	745	489	676	628	693	777	703	573	408	530	693	0	387	380	748	739	684	402	747	507	475	643	760	463	610	458	482	590	365	407	310	765	515	667	582	304	545	331	537	577	610	373	424	645	656	722	434	640	797	656	729	
311	564	543	634	671	626	467	798	544	779	635	583	635	471	409	731	763	611	692	394	333	387	0	484	353	643	708	689	476	425	425	387	798	726	495	752	572	475	611	460	378	351	759	750	625	792	344	657	757	719	595	659	526	527	689	739	358	501	363	455	637	
356	735	725	515	309	683	399	425	631	742	713	531	746	563	616	608	367	381	548	629	507	380	484	0	501	532	454	465	317	308	500	661	593	426	623	671	736	573	612	628	740	515	353	519	387	459	584	773	425	699	524	712	731	748	711	774	320	395	591	464	623	
484	377	539	359	359	591	548	469	625	363	604	760	701	544	356	404	324	525	652	459	511	748	353	501	0	675	727	486	476	743	423	323	435	660	492	521	477	524	593	335	662	656	596	353	664	753	387	471	520	738	337	510	767	515	705	669	501	787	613	454	696	
538	333	742	663	398	761	351	724	327	699	456	422	771	538	582	742	321	495	793	618	773	739	643	532	675	0	558	534	635	500	435	795	436	705	597	656	738	796	633	542	464	777	776	341	353	679	704	404	426	668	474	784	411	491	654	314	752	741	740	750	374	
715	703	314	592	423	394	328	396	577	759	612	408	697	315	324	338	647	463	344	473	473	684	708	454	727	558	0	735	641	687	637	466	377	636	463	683	691	528	790	327	665	428	494	473	409	655	497	561	640	596	650	436	714	548	416	496	695	556	563	679	430	
734	554	746	715	677	755	583	594	542	799	603	371	300	632	341	454	624	519	487	698	641	402	689	465	486	534	735	0	387	725	369	363	796	706	528	606	447	431	460	380	613	570	593	712	411	724	696	370	375	515	329	473	628	400	563	512	717	523	509	302	773	
729	361	706	624	449	507	743	305	396	524	357	748	619	674	548	467	694	622	752	452	411	747	476	317	476	635	641	387	0	588	621	671	362	507	691	688	713	630	672	361	779	645	308	763	597	353	412	630	485	781	645	478	479	351	786	386	403	640	326	717	341	
754	757	745	561	528	796	770	412	454	546	368	560	739	735	300	317	383	479	331	366	525	507	425	308	743	500	687	725	588	0	457	626	436	793	524	507	560	732	590	565	522	668	604	439	572	631	678	541	605	682	479	409	719	384	683	465	586	735	749	793	611	
781	431	738	343	587	413	733	323	587	661	542	305	751	728	629	622	768	683	412	408	746	475	425	500	423	435	637	369	621	457	0	748	325	796	605	509	502	739	612	520	500	676	600	602	758	657	722	521	723	588	625	582	400	603	599	353	376	791	692	600	696	
419	699	635	455	383	312	477	600	620	420	573	473	732	712	647	653	667	381	748	498	422	643	387	661	323	795	466	363	671	626	748	0	405	768	308	435	777	496	608	628	374	452	397	681	720	374	309	648	309	615	715	559	462	538	627	384	733	310	365	611	719	
707	420	701	482	747	792	544	341	540	537	348	665	385	427	689	335	397	480	423	362	490	760	798	593	435	436	377	796	362	436	325	405	0	627	393	636	631	517	402	341	336	489	799	373	389	647	673	373	526	373	712	350	435	330	575	472	789	655	519	301	660	
593	693	319	688	362	700	337	764	447	308	344	745	485	321	661	680	609	580	597	762	705	463	726	426	660	705	636	706	507	793	796	768	627	0	484	343	536	514	774	721	560	413	555	743	400	305	693	658	640	528	490	416	426	610	442	490	766	435	738	612	727	
402	777	322	629	583	343	782	766	431	741	648	468	343	795	367	416	496	533	619	490	322	610	495	623	492	597	463	528	691	524	605	308	393	484	0	613	664	595	716	704	410	568	502	634	492	731	563	577	590	581	724	655	618	373	552	310	744	541	431	758	363	
406	449	666	566	723	751	636	521	671	654	671	743	396	788	789	415	358	515	727	420	578	458	752	671	521	656	683	606	688	507	509	435	636	343	613	0	555	358	389	613	591	534	414	538	700	460	395	321	785	517	460	689	323	365	748	329	726	550	780	377	407	
346	599	679	632	553	479	526	799	572	584	368	365	754	417	673	336	384	412	773	343	789	482	572	736	477	738	691	447	713	560	502	777	631	536	664	555	0	782	783	514	498	513	510	703	569	584	527	679	500	626	753	549	480	374	343	373	751	495	740	692	571	
704	432	758	370	379	602	317	625	477	542	662	604	525	522	571	366	432	764	786	484	671	590	475	573	524	796	528	431	630	732	739	496	517	514	595	358	782	0	352	399	463	702	584	417	669	340	606	728	361	609	693	558	672	393	709	728	340	752	726	796	666	
545	388	533	400	630	497	448	740	747	772	643	328	670	454	524	417	755	719	385	404	380	365	611	612	593	633	790	460	672	590	612	608	402	774	716	389	783	352	0	352	775	495	528	734	690	470	735	479	713	470	716	724	727	301	521	600	698	502	618	712	666	
413	712	603	674	460	558	481	714	429	644	650	773	363	651	795	591	359	474	753	473	448	407	460	628	335	542	327	380	361	565	520	628	341	721	704	613	514	399	352	0	762	507	543	420	569	433	751	728	663	672	568	416	372	661	664	353	593	382	736	749	769	
518	385	382	733	654	526	633	686	423	794	399	650	416	401	708	668	708	603	552	339	620	310	378	740	662	464	665	613	779	522	500	374	336	560	410	591	498	463	775	762	0	506	631	457	452	691	799	566	408	470	301	454	649	570	440	422	640	498	479	735	363	
577	642	395	761	740	794	741	396	329	714	641	500	639	497	547	456	748	771	579	612	438	765	351	515	656	777	428	570	645	668	676	452	489	413	568	534	513	702	495	507	506	0	518	723	627	398	754	768	334	414	680	326	405	323	323	604	512	363	344	320	660	
478	645	363	435	775	473	482	417	555	528	621	537	374	787	577	715	766	459	769	681	301	515	759	353	596	776	494	593	308	604	600	397	799	555	502	414	510	584	528	543	631	518	0	426	666	359	655	662	403	313	625	450	505	443	420	353	716	551	449	323	761	
720	789	720	570	552	531	676	609	314	490	673	686	450	695	315	475	524	448	676	586	330	667	750	519	353	341	473	712	763	439	602	681	373	743	634	538	703	417	734	420	457	723	426	0	690	529	642	409	783	494	493	377	769	475	783	718	664	445	580	667	545	
503	480	706	428	791	351	656	390	410	695	636	735	453	436	451	757	464	307	651	538	741	582	625	387	664	353	409	411	597	572	758	720	389	400	492	700	569	669	690	569	452	627	666	690	0	662	692	778	324	731	514	368	462	573	496	601	380	744	385	312	597	
780	689	717	465	345	556	499	474	743	458	425	414	331	301	422	738	412	483	722	311	618	304	792	459	753	679	655	724	353	631	657	374	647	305	731	460	584	340	470	433	691	398	359	529	662	0	337	648	734	362	367	308	550	527	370	732	700	546	734	533	384	
752	743	792	454	365	519	568	696	530	404	383	764	407	674	393	622	345	357	597	593	343	545	344	584	387	704	497	696	412	678	722	309	673	693	563	395	527	606	735	751	799	754	655	642	692	337	0	439	771	627	716	570	697	577	650	458	499	639	741	629	603	
597	324	771	517	306	751	474	723	675	328	668	770	791	734	611	564	418	493	519	650	355	331	657	773	471	404	561	370	630	541	521	648	373	658	577	321	679	728	479	728	566	768	662	409	778	648	439	0	332	350	347	400	676	519	430	514	730	429	497	668	408	
433	308	366	505	678	476	695	493	534	319	322	588	671	792	470	341	306	676	716	600	608	537	757	425	520	426	640	375	485	605	723	309	526	640	590	785	500	361	713	663	408	334	403	783	324	734	771	332	0	472	597	619	573	324	393	487	757	704	461	555	648	
520	540	422	712	699	380	694	400	385	716	573	494	766	478	329	621	424	494	590	587	780	577	719	699	738	668	596	515	781	682	588	615	373	528	581	517	626	609	470	672	470	414	313	494	731	362	627	350	472	0	794	763	755	457	582	491	656	418	657	529	602	
354	747	620	736	724	498	567	799	628	403	750	443	508	793	392	377	454	531	458	493	428	610	595	524	337	474	650	329	645	479	625	715	712	490	724	460	753	693	716	568	301	680	625	493	514	367	716	347	597	794	0	752	756	540	632	403	364	429	418	425	771	
614	398	427	772	420	608	434	450	594	704	542	493	374	736	456	659	680	539	326	377	489	373	659	712	510	784	436	473	478	409	582	559	350	416	655	689	549	558	724	416	454	326	450	377	368	308	570	400	619	763	752	0	622	475	387	675	365	765	521	770	462	
576	468	717	491	528	367	356	470	778	722	724	698	349	536	553	520	753	580	398	483	347	424	526	731	767	411	714	628	479	719	400	462	435	426	618	323	480	672	727	372	649	405	505	769	462	550	697	676	573	755	756	622	0	543	608	617	771	361	387	306	609	
396	549	444	408	625	304	517	755	653	679	501	368	342	586	702	619	572	712	793	520	792	645	527	748	515	491	548	400	351	384	603	538	330	610	373	365	374	393	301	661	570	323	443	475	573	527	577	519	324	457	540	475	543	0	621	386	772	544	609	428	373	
629	755	389	610	760	743	707	783	559	525	683	640	519	367	323	486	412	793	691	755	757	656	689	711	705	654	416	563	786	683	599	627	575	442	552	748	343	709	521	664	440	323	420	783	496	370	650	430	393	582	632	387	608	621	0	311	509	755	711	776	480	
562	318	492	415	433	386	419	561	634	316	722	615	627	632	563	312	696	647	783	579	651	722	739	774	669	314	496	512	386	465	353	384	472	490	310	329	373	728	600	353	422	604	353	718	601	732	458	514	487	491	403	675	617	386	311	0	694	470	678	372	735	
619	693	514	314	458	485	395	555	693	774	748	312	636	531	645	435	306	753	306	745	570	434	358	320	501	752	695	717	403	586	376	733	789	766	744	726	751	340	698	593	640	512	716	664	380	700	499	730	757	656	364	365	771	772	509	694	0	609	574	794	701	
685	383	396	337	607	493	499	395	690	712	336	353	339	600	593	541	465	474	760	485	390	640	501	395	787	741	556	523	640	735	791	310	655	435	541	550	495	752	502	382	498	363	551	445	744	546	639	429	704	418	429	765	361	544	755	470	609	0	503	382	462	
495	307	718	377	623	739	791	377	470	615	506	727	667	739	745	416	424	579	332	536	509	797	363	591	613	740	563	509	326	749	692	365	519	738	431	780	740	726	618	736	479	344	449	580	385	734	741	497	461	657	418	521	387	609	711	678	574	503	0	694	742	
390	554	756	516	411	395	534	422	524	533	317	654	310	648	396	740	585	577	534	324	484	656	455	464	454	750	679	302	717	793	600	611	301	612	758	377	692	796	712	749	735	320	323	667	312	533	629	668	555	529	425	770	306	428	776	372	794	382	694	0	432	
582	305	591	522	415	656	444	640	370	454	799	663	704	487	765	488	665	453	332	520	585	729	637	623	696	374	430	773	341	611	696	719	660	727	363	407	571	666	666	769	363	660	761	545	597	384	603	408	648	602	771	462	609	373	480	735	701	462	742	432	0	
etats
Id_Station	Poids W	Min (P)	WSPT	Priorité	
1	1	301	33,44	1	
2	9	302	33,56	2	
3	5	302	33,56	3	
4	6	319	35,44	4	
5	7	300	37,50	5	
6	7	303	37,88	6	
7	4	303	37,88	7	
8	2	304	38,00	8	
9	1	308	38,50	9	
10	2	314	39,25	10	
11	5	320	40,00	11	
12	8	326	40,75	12	
13	1	300	42,86	13	
14	7	302	43,14	14	
15	8	302	43,14	15	
16	4	304	43,43	16	
17	7	304	43,43	17	
18	9	304	43,43	18	
19	6	315	45,00	19	
20	3	326	46,57	20	
21	9	302	50,33	21	
22	1	303	50,50	22	
23	3	304	50,67	23	
24	6	304	50,67	24	
25	4	311	51,83	25	
26	3	301	60,20	26	
27	6	302	60,40	27	
28	9	303	60,60	28	
29	6	303	60,60	29	
30	6	305	61,00	30	
31	7	313	62,60	31	
32	4	318	63,60	32	
33	7	300	75,00	33	
34	3	302	75,50	34	
35	2	304	76,00	35	
36	3	304	76,00	36	
37	7	310	77,50	37	
38	4	315	78,75	38	
39	8	303	101,00	39	
40	1	304	101,33	40	
41	6	311	103,67	41	
42	7	319	106,33	42	
43	3	302	151,00	43	
44	1	302	151,00	44	
45	3	305	152,50	45	
46	4	305	152,50	46	
47	5	312	156,00	47	
48	1	340	170,00	48	
49	7	301	301,00	49	
50	4	302	302,00	50	
51	8	303	303,00	51	
52	6	304	304,00	52	
53	3	304	304,00	53	
54	1	306	306,00	54	
55	2	308	308,00	55	
56	1	309	309,00	56	
57	5	310	310,00	57	
58	4	310	310,00	58	
59	6	311	311,00	59	
60	8	323	323,00	60	

