distances
0	541	366	715	384	367	610	784	551	447	788	533	389	742	716	725	499	715	395	311	315	350	742	566	344	671	635	429	360	393	526	448	568	572	710	324	453	531	729	447	593	397	566	713	633	548	316	654	448	632	401	754	759	754	719	310	540	409	427	596	791	
541	0	697	714	359	534	607	793	697	776	762	526	360	479	518	599	616	450	677	779	523	546	435	541	385	634	361	508	555	434	780	545	727	463	485	591	627	448	614	773	501	597	532	571	630	658	530	339	373	480	337	579	792	648	730	719	394	440	699	316	361	
366	697	0	762	424	717	767	373	774	795	783	406	739	360	677	774	679	557	734	777	554	415	600	621	473	432	312	341	562	697	396	416	722	602	672	722	459	676	642	728	392	762	507	328	347	608	594	310	523	726	675	376	697	338	616	686	483	616	433	445	323	
715	714	762	0	394	562	426	659	496	610	498	496	329	474	469	475	396	538	358	761	501	579	642	439	698	422	540	636	512	437	410	406	413	320	796	388	379	632	786	796	613	626	438	790	560	686	469	476	387	708	463	348	656	712	710	393	636	727	476	579	554	
384	359	424	394	0	365	334	331	565	765	356	489	515	761	600	367	576	377	426	538	666	494	355	591	332	460	755	533	444	767	740	380	679	418	707	538	693	409	765	774	352	708	454	487	694	510	376	747	385	583	582	691	748	305	708	558	784	680	361	458	722	
367	534	717	562	365	0	539	493	625	709	366	339	481	581	705	744	540	333	409	444	739	319	563	749	325	328	451	530	799	620	783	318	346	654	450	407	468	462	694	612	326	696	489	494	489	315	525	754	411	363	517	346	765	582	652	779	440	473	672	775	521	
610	607	767	426	334	539	0	660	678	505	768	488	624	772	753	415	324	603	411	384	492	358	691	584	323	711	596	545	379	528	717	379	320	711	439	548	567	511	589	373	443	395	570	758	716	626	413	510	387	685	314	612	532	561	599	575	570	396	750	420	404	
784	793	373	659	331	493	660	0	423	798	560	330	717	544	711	559	479	604	776	332	354	724	591	424	683	695	407	346	456	580	528	612	759	778	553	710	794	522	598	425	570	720	613	643	562	551	791	664	348	452	762	753	558	697	445	491	632	416	355	481	685	
551	697	774	496	565	625	678	423	0	591	594	373	434	631	505	699	576	610	680	597	354	698	644	653	574	625	462	463	647	776	312	644	373	687	603	309	621	700	417	355	466	604	305	729	484	300	320	394	519	644	330	486	683	710	413	370	593	360	368	375	373	
447	776	795	610	765	709	505	798	591	0	767	688	453	671	736	703	588	314	699	588	596	460	446	317	715	548	594	623	675	428	601	673	390	488	563	798	756	364	443	303	530	770	471	460	588	556	439	392	460	675	384	793	350	350	670	459	434	718	729	588	411	
788	762	783	498	356	366	768	560	594	767	0	774	648	334	605	673	696	349	641	796	514	511	785	783	758	790	476	714	545	602	704	489	417	648	357	575	647	492	481	381	779	718	483	732	376	474	388	366	308	565	625	380	733	480	438	332	665	310	713	773	302	
533	526	406	496	489	339	488	330	373	688	774	0	442	782	328	580	539	637	692	450	685	534	594	744	693	317	375	449	562	734	523	469	319	545	799	561	752	410	596	327	776	307	662	451	484	749	691	414	414	598	782	611	755	334	696	460	569	367	575	672	420	
389	360	739	329	515	481	624	717	434	453	648	442	0	400	441	399	458	436	516	329	537	313	360	509	620	592	495	449	731	639	700	308	453	465	467	482	378	388	388	506	397	627	690	416	590	703	522	422	412	470	769	629	415	678	525	566	418	556	465	321	575	
742	479	360	474	761	581	772	544	631	671	334	782	400	0	306	308	734	601	657	654	584	391	693	379	739	463	470	589	732	713	397	677	520	468	615	399	707	552	490	508	601	787	351	603	377	631	415	422	554	320	652	746	426	500	342	465	772	487	572	647	540	
716	518	677	469	600	705	753	711	505	736	605	328	441	306	0	765	684	639	652	609	705	437	552	528	678	662	610	322	424	715	755	447	300	573	456	780	333	543	337	348	650	346	786	384	639	736	504	787	499	493	512	746	644	783	466	768	654	558	448	500	477	
725	599	774	475	367	744	415	559	699	703	673	580	399	308	765	0	726	480	424	451	370	690	335	411	525	682	751	318	334	568	481	417	644	486	569	789	407	444	579	485	358	561	598	786	434	313	622	771	438	692	448	574	790	427	355	503	651	773	681	742	587	
499	616	679	396	576	540	324	479	576	588	696	539	458	734	684	726	0	566	432	726	793	666	515	356	762	494	450	398	590	748	573	676	581	558	619	379	301	439	758	351	429	561	413	544	311	761	510	426	629	675	768	430	664	602	496	766	680	318	322	627	605	
715	450	557	538	377	333	603	604	610	314	349	637	436	601	639	480	566	0	695	668	424	668	352	330	390	478	604	575	343	486	579	422	627	482	471	312	550	353	505	578	428	317	608	569	358	408	618	631	522	368	347	543	593	363	696	631	573	580	586	450	404	
395	677	734	358	426	409	411	776	680	699	641	692	516	657	652	424	432	695	0	412	763	358	393	421	547	445	755	599	497	634	623	593	381	605	516	627	317	336	579	420	580	312	669	746	315	715	521	629	644	403	345	305	420	700	308	570	390	346	637	466	387	
311	779	777	761	538	444	384	332	597	588	796	450	329	654	609	451	726	668	412	0	711	580	623	306	707	508	391	331	398	633	528	695	492	536	647	748	455	778	571	556	688	344	473	435	680	476	754	622	407	785	594	481	715	737	675	370	727	349	326	435	791	
315	523	554	501	666	739	492	354	354	596	514	685	537	584	705	370	793	424	763	711	0	391	394	381	768	745	774	303	670	365	636	363	608	442	310	603	645	345	511	646	715	781	570	629	577	676	410	467	688	488	633	420	465	377	487	385	677	766	700	600	676	
350	546	415	579	494	319	358	724	698	460	511	534	313	391	437	690	666	668	358	580	391	0	728	677	481	737	530	628	386	633	746	764	455	593	314	568	580	662	737	790	670	520	322	449	500	458	433	574	515	656	463	575	536	393	608	592	385	641	610	371	678	
742	435	600	642	355	563	691	591	644	446	785	594	360	693	552	335	515	352	393	623	394	728	0	647	485	677	654	781	597	527	641	759	441	781	508	605	795	376	319	412	467	641	620	492	610	517	312	369	538	513	596	375	761	736	716	742	565	655	425	548	751	
566	541	621	439	591	749	584	424	653	317	783	744	509	379	528	411	356	330	421	306	381	677	647	0	785	410	300	454	556	701	733	655	671	334	410	640	689	490	608	607	715	478	752	347	462	720	505	563	474	558	499	595	393	673	344	463	326	621	484	638	775	
344	385	473	698	332	325	323	683	574	715	758	693	620	739	678	525	762	390	547	707	768	481	485	785	0	386	541	530	654	780	316	464	321	724	468	727	346	572	444	545	341	516	460	677	462	375	739	545	447	372	350	433	466	606	640	425	302	530	346	438	370	
671	634	432	422	460	328	711	695	625	548	790	317	592	463	662	682	494	478	445	508	745	737	677	410	386	0	528	315	667	499	430	621	364	308	697	724	361	771	726	509	314	519	507	585	487	427	691	547	677	665	556	449	586	692	406	628	389	519	750	558	634	
635	361	312	540	755	451	596	407	462	594	476	375	495	470	610	751	450	604	755	391	774	530	654	300	541	528	0	468	744	511	748	783	467	352	486	780	454	483	660	628	769	326	677	751	309	454	501	474	436	471	481	687	441	657	438	470	321	528	685	483	708	
429	508	341	636	533	530	545	346	463	623	714	449	449	589	322	318	398	575	599	331	303	628	781	454	530	315	468	0	674	462	776	473	778	558	399	586	422	770	533	730	632	737	739	462	775	355	710	319	761	312	514	683	673	362	615	575	690	324	762	602	479	
360	555	562	512	444	799	379	456	647	675	545	562	731	732	424	334	590	343	497	398	670	386	597	556	654	667	744	674	0	793	683	629	372	596	714	305	364	586	564	642	574	513	359	325	415	480	701	586	593	762	734	608	307	569	610	384	489	662	455	596	646	
393	434	697	437	767	620	528	580	776	428	602	734	639	713	715	568	748	486	634	633	365	633	527	701	780	499	511	462	793	0	380	628	720	348	675	581	564	576	324	518	501	699	571	557	557	634	779	782	321	429	445	674	392	393	483	740	611	579	340	336	716	
526	780	396	410	740	783	717	528	312	601	704	523	700	397	755	481	573	579	623	528	636	746	641	733	316	430	748	776	683	380	0	493	716	395	397	658	565	475	403	650	711	440	614	756	533	588	413	793	660	361	793	724	462	385	792	776	622	351	659	496	658	
448	545	416	406	380	318	379	612	644	673	489	469	308	677	447	417	676	422	593	695	363	764	759	655	464	621	783	473	629	628	493	0	618	451	385	627	761	334	449	458	338	427	412	644	604	539	358	576	365	741	732	742	355	445	357	527	325	779	653	537	455	
568	727	722	413	679	346	320	759	373	390	417	319	453	520	300	644	581	627	381	492	608	455	441	671	321	364	467	778	372	720	716	618	0	358	384	607	389	462	475	654	592	606	378	793	367	669	368	736	422	318	493	616	408	350	355	567	521	566	539	782	641	
572	463	602	320	418	654	711	778	687	488	648	545	465	468	573	486	558	482	605	536	442	593	781	334	724	308	352	558	596	348	395	451	358	0	325	325	302	733	756	595	661	400	764	776	611	418	738	304	519	341	578	327	361	603	603	705	457	717	517	760	523	
710	485	672	796	707	450	439	553	603	563	357	799	467	615	456	569	619	471	516	647	310	314	508	410	468	697	486	399	714	675	397	385	384	325	0	740	435	786	560	436	689	594	394	362	449	797	419	542	590	534	534	418	338	722	601	630	413	633	600	475	441	
324	591	722	388	538	407	548	710	309	798	575	561	482	399	780	789	379	312	627	748	603	568	605	640	727	724	780	586	305	581	658	627	607	325	740	0	664	618	612	581	513	345	606	772	732	689	395	589	640	484	428	588	695	631	556	489	357	727	506	425	367	
453	627	459	379	693	468	567	794	621	756	647	752	378	707	333	407	301	550	317	455	645	580	795	689	346	361	454	422	364	564	565	761	389	302	435	664	0	521	793	322	486	571	430	408	483	696	724	639	322	700	328	642	759	357	452	592	464	620	632	799	793	
531	448	676	632	409	462	511	522	700	364	492	410	388	552	543	444	439	353	336	778	345	662	376	490	572	771	483	770	586	576	475	334	462	733	786	618	521	0	724	334	528	740	760	539	744	502	553	753	739	779	367	390	478	563	731	782	529	422	792	392	763	
729	614	642	786	765	694	589	598	417	443	481	596	388	490	337	579	758	505	579	571	511	737	319	608	444	726	660	533	564	324	403	449	475	756	560	612	793	724	0	494	697	303	463	406	476	552	663	425	399	411	757	412	692	474	650	337	408	633	356	617	560	
447	773	728	796	774	612	373	425	355	303	381	327	506	508	348	485	351	578	420	556	646	790	412	607	545	509	628	730	642	518	650	458	654	595	436	581	322	334	494	0	421	328	353	501	709	607	566	637	376	602	416	789	459	362	711	343	753	350	694	428	408	
593	501	392	613	352	326	443	570	466	530	779	776	397	601	650	358	429	428	580	688	715	670	467	715	341	314	769	632	574	501	711	338	592	661	689	513	486	528	697	421	0	306	594	769	600	672	771	376	538	746	488	562	399	506	724	369	391	586	542	653	399	
397	597	762	626	708	696	395	720	604	770	718	307	627	787	346	561	561	317	312	344	781	520	641	478	516	519	326	737	513	699	440	427	606	400	594	345	571	740	303	328	306	0	393	622	487	354	317	535	472	666	527	592	626	766	643	326	396	746	437	462	323	
566	532	507	438	454	489	570	613	305	471	483	662	690	351	786	598	413	608	669	473	570	322	620	752	460	507	677	739	359	571	614	412	378	764	394	606	430	760	463	353	594	393	0	698	406	379	694	656	496	389	686	447	736	399	642	580	538	528	727	454	418	
713	571	328	790	487	494	758	643	729	460	732	451	416	603	384	786	544	569	746	435	629	449	492	347	677	585	751	462	325	557	756	644	793	776	362	772	408	539	406	501	769	622	698	0	348	596	468	734	779	784	678	644	480	521	725	453	708	384	506	665	552	
633	630	347	560	694	489	716	562	484	588	376	484	590	377	639	434	311	358	315	680	577	500	610	462	462	487	309	775	415	557	533	604	367	611	449	732	483	744	476	709	600	487	406	348	0	731	306	307	590	473	498	672	548	606	707	431	695	798	463	420	363	
548	658	608	686	510	315	626	551	300	556	474	749	703	631	736	313	761	408	715	476	676	458	517	720	375	427	454	355	480	634	588	539	669	418	797	689	696	502	552	607	672	354	379	596	731	0	474	312	415	303	473	452	398	535	725	609	319	684	330	336	793	
316	530	594	469	376	525	413	791	320	439	388	691	522	415	504	622	510	618	521	754	410	433	312	505	739	691	501	710	701	779	413	358	368	738	419	395	724	553	663	566	771	317	694	468	306	474	0	465	754	652	397	477	550	633	626	761	346	391	452	624	589	
654	339	310	476	747	754	510	664	394	392	366	414	422	422	787	771	426	631	629	622	467	574	369	563	545	547	474	319	586	782	793	576	736	304	542	589	639	753	425	637	376	535	656	734	307	312	465	0	668	351	794	513	633	687	722	320	731	613	666	437	729	
448	373	523	387	385	411	387	348	519	460	308	414	412	554	499	438	629	522	644	407	688	515	538	474	447	677	436	761	593	321	660	365	422	519	590	640	322	739	399	376	538	472	496	779	590	415	754	668	0	467	499	770	459	693	715	322	405	469	608	483	545	
632	480	726	708	583	363	685	452	644	675	565	598	470	320	493	692	675	368	403	785	488	656	513	558	372	665	471	312	762	429	361	741	318	341	534	484	700	779	411	602	746	666	389	784	473	303	652	351	467	0	597	662	632	439	786	645	320	360	343	420	555	
401	337	675	463	582	517	314	762	330	384	625	782	769	652	512	448	768	347	345	594	633	463	596	499	350	556	481	514	734	445	793	732	493	578	534	428	328	367	757	416	488	527	686	678	498	473	397	794	499	597	0	609	404	557	406	385	510	785	714	793	677	
754	579	376	348	691	346	612	753	486	793	380	611	629	746	746	574	430	543	305	481	420	575	375	595	433	449	687	683	608	674	724	742	616	327	418	588	642	390	412	789	562	592	447	644	672	452	477	513	770	662	609	0	741	656	345	744	311	597	689	313	766	
759	792	697	656	748	765	532	558	683	350	733	755	415	426	644	790	664	593	420	715	465	536	761	393	466	586	441	673	307	392	462	355	408	361	338	695	759	478	692	459	399	626	736	480	548	398	550	633	459	632	404	741	0	419	452	379	523	757	724	772	397	
754	648	338	712	305	582	561	697	710	350	480	334	678	500	783	427	602	363	700	737	377	393	736	673	606	692	657	362	569	393	385	445	350	603	722	631	357	563	474	362	506	766	399	521	606	535	633	687	693	439	557	656	419	0	722	383	685	388	512	714	309	
719	730	616	710	708	652	599	445	413	670	438	696	525	342	466	355	496	696	308	675	487	608	716	344	640	406	438	615	610	483	792	357	355	603	601	556	452	731	650	711	724	643	642	725	707	725	626	722	715	786	406	345	452	722	0	368	364	743	581	470	797	
310	719	686	393	558	779	575	491	370	459	332	460	566	465	768	503	766	631	570	370	385	592	742	463	425	628	470	575	384	740	776	527	567	705	630	489	592	782	337	343	369	326	580	453	431	609	761	320	322	645	385	744	379	383	368	0	494	573	490	756	754	
540	394	483	636	784	440	570	632	593	434	665	569	418	772	654	651	680	573	390	727	677	385	565	326	302	389	321	690	489	611	622	325	521	457	413	357	464	529	408	753	391	396	538	708	695	319	346	731	405	320	510	311	523	685	364	494	0	719	306	746	372	
409	440	616	727	680	473	396	416	360	718	310	367	556	487	558	773	318	580	346	349	766	641	655	621	530	519	528	324	662	579	351	779	566	717	633	727	620	422	633	350	586	746	528	384	798	684	391	613	469	360	785	597	757	388	743	573	719	0	454	347	534	
427	699	433	476	361	672	750	355	368	729	713	575	465	572	448	681	322	586	637	326	700	610	425	484	346	750	685	762	455	340	659	653	539	517	600	506	632	792	356	694	542	437	727	506	463	330	452	666	608	343	714	689	724	512	581	490	306	454	0	561	418	
596	316	445	579	458	775	420	481	375	588	773	672	321	647	500	742	627	450	466	435	600	371	548	638	438	558	483	602	596	336	496	537	782	760	475	425	799	392	617	428	653	462	454	665	420	336	624	437	483	420	793	313	772	714	470	756	746	347	561	0	484	
791	361	323	554	722	521	404	685	373	411	302	420	575	540	477	587	605	404	387	791	676	678	751	775	370	634	708	479	646	716	658	455	641	523	441	367	793	763	560	408	399	323	418	552	363	793	589	729	545	555	677	766	397	309	797	754	372	534	418	484	0	
etats
Id_Station	Poids W	Min (P)	WSPT	Priorité	
1	2	304	33,78	1	
2	7	304	33,78	2	
3	6	304	33,78	3	
4	8	305	33,89	4	
5	9	300	37,50	5	
6	7	304	38,00	6	
7	6	305	38,13	7	
8	1	308	38,50	8	
9	8	327	40,88	9	
10	8	300	42,86	10	
11	7	301	43,00	11	
12	2	304	43,43	12	
13	4	304	43,43	13	
14	8	305	43,57	14	
15	1	308	44,00	15	
16	2	308	44,00	16	
17	1	313	44,71	17	
18	5	317	45,29	18	
19	1	300	50,00	19	
20	9	300	50,00	20	
21	1	301	50,17	21	
22	1	304	50,67	22	
23	3	305	50,83	23	
24	7	306	51,00	24	
25	2	311	51,83	25	
26	8	320	53,33	26	
27	1	323	53,83	27	
28	5	305	61,00	28	
29	2	306	61,20	29	
30	3	310	62,00	30	
31	7	314	62,80	31	
32	1	301	75,25	32	
33	7	301	75,25	33	
34	8	301	75,25	34	
35	4	305	76,25	35	
36	8	306	76,50	36	
37	7	307	76,75	37	
38	2	309	77,25	38	
39	1	314	78,50	39	
40	1	301	100,33	40	
41	2	301	100,33	41	
42	8	301	100,33	42	
43	7	308	102,67	43	
44	7	308	102,67	44	
45	8	314	104,67	45	
46	4	314	104,67	46	
47	7	336	112,00	47	
48	9	304	152,00	48	
49	8	310	155,00	49	
50	6	317	158,50	50	
51	7	321	160,50	51	
52	4	301	301,00	52	
53	7	301	301,00	53	
54	6	305	305,00	54	
55	7	306	306,00	55	
56	1	306	306,00	56	
57	3	307	307,00	57	
58	1	308	308,00	58	
59	7	311	311,00	59	
60	7	311	311,00	60	

