distances
0	696	668	473	772	745	390	764	692	356	311	733	637	570	301	552	533	325	356	486	641	760	753	645	615	699	421	483	585	481	688	433	459	643	332	563	336	481	407	477	767	739	317	622	707	348	633	554	625	349	326	684	456	357	770	533	751	402	412	360	576	
696	0	747	413	684	338	785	585	363	653	667	454	559	609	681	764	594	322	781	523	356	789	545	659	422	522	380	460	349	732	327	425	627	701	653	530	654	735	338	690	567	752	705	653	733	522	722	344	513	799	700	576	531	597	752	619	777	753	606	472	498	
668	747	0	754	350	587	430	659	315	758	449	501	417	776	773	333	753	606	693	390	709	791	302	644	429	636	358	699	377	313	438	729	563	739	431	321	532	622	502	589	753	775	753	797	387	522	575	579	729	421	471	420	635	579	616	311	328	392	466	439	340	
473	413	754	0	442	538	683	500	345	461	395	793	389	455	360	705	364	544	719	723	505	576	769	428	426	511	743	371	688	580	693	435	628	456	466	430	519	317	413	729	689	642	774	794	569	744	538	771	651	365	429	670	373	594	543	382	609	682	731	501	354	
772	684	350	442	0	742	538	791	338	428	478	406	715	794	758	747	797	543	769	687	794	478	538	461	540	775	670	753	757	672	677	606	660	753	494	440	674	724	383	662	483	483	635	717	363	473	306	382	614	386	380	732	651	350	421	416	562	307	624	592	547	
745	338	587	538	742	0	416	730	629	708	500	711	501	554	724	689	304	797	615	712	637	547	733	308	445	710	510	592	678	466	539	376	584	783	597	568	317	768	628	442	566	661	599	744	404	703	573	785	600	798	338	624	668	564	351	579	700	466	650	737	309	
390	785	430	683	538	416	0	705	449	740	440	580	749	586	532	479	789	574	479	703	741	552	374	453	379	766	425	506	356	387	311	533	751	730	401	515	513	717	683	646	661	500	531	529	748	735	372	313	649	463	334	463	457	381	549	563	679	576	405	745	452	
764	585	659	500	791	730	705	0	719	572	348	728	461	629	429	697	609	605	445	722	321	764	614	494	722	373	316	501	419	486	558	633	440	440	337	600	491	344	462	639	517	509	580	501	348	415	763	322	306	562	675	631	457	661	783	318	753	453	746	671	495	
692	363	315	345	338	629	449	719	0	531	793	360	408	494	520	458	586	794	358	423	634	531	776	327	362	443	652	626	716	423	604	383	589	432	746	725	596	450	702	629	790	517	602	558	762	609	443	334	659	649	412	592	403	429	589	471	434	686	400	740	698	
356	653	758	461	428	708	740	572	531	0	431	511	689	570	475	701	668	451	677	337	645	605	579	768	372	326	723	786	503	304	585	604	784	776	613	521	705	417	555	432	323	636	509	737	708	326	726	646	692	329	732	764	767	593	609	475	348	548	692	651	573	
311	667	449	395	478	500	440	348	793	431	0	688	330	707	718	780	591	723	526	703	713	516	424	787	566	525	670	509	598	667	476	324	761	768	770	556	544	518	734	479	432	795	503	335	584	648	706	497	659	509	386	682	416	384	391	326	313	457	314	347	775	
733	454	501	793	406	711	580	728	360	511	688	0	621	677	331	301	463	641	474	723	498	714	349	670	581	596	309	305	633	515	502	606	353	497	332	485	496	698	660	572	433	359	728	516	438	354	413	474	710	606	414	535	715	484	353	666	448	442	605	432	597	
637	559	417	389	715	501	749	461	408	689	330	621	0	513	570	759	550	309	455	719	662	533	312	772	615	774	472	390	732	489	593	438	474	352	423	545	393	464	794	375	509	427	660	767	604	745	429	722	701	559	548	672	637	522	614	315	729	613	447	313	735	
570	609	776	455	794	554	586	629	494	570	707	677	513	0	648	611	521	343	742	463	635	315	615	629	485	325	489	668	774	748	363	796	711	549	336	778	795	304	449	391	389	384	761	736	442	766	349	360	752	639	408	356	571	361	351	732	429	306	465	514	574	
301	681	773	360	758	724	532	429	520	475	718	331	570	648	0	528	485	616	457	746	396	343	513	388	665	678	372	651	728	551	593	328	412	394	743	616	717	483	303	558	525	678	642	409	304	438	535	352	649	415	524	635	711	362	773	527	335	380	475	531	554	
552	764	333	705	747	689	479	697	458	701	780	301	759	611	528	0	465	611	770	688	594	642	535	479	582	774	590	481	780	397	613	795	547	770	463	362	740	798	574	453	630	783	624	478	699	556	310	381	721	510	437	549	748	583	698	799	371	732	384	513	780	
533	594	753	364	797	304	789	609	586	668	591	463	550	521	485	465	0	779	709	476	510	527	302	633	686	477	386	301	486	490	724	719	466	614	372	564	788	495	760	775	432	468	391	706	788	754	689	614	744	755	589	701	514	419	382	779	407	729	610	610	419	
325	322	606	544	543	797	574	605	794	451	723	641	309	343	616	611	779	0	436	480	747	792	713	548	557	525	799	316	408	434	477	407	408	632	498	493	752	786	676	566	453	757	654	389	711	681	472	496	724	753	467	791	780	716	300	352	651	517	795	424	359	
356	781	693	719	769	615	479	445	358	677	526	474	455	742	457	770	709	436	0	786	415	597	597	580	503	448	362	693	425	677	541	319	535	422	525	332	658	506	790	702	720	765	793	719	716	732	485	492	341	648	378	774	590	539	494	694	366	573	703	566	708	
486	523	390	723	687	712	703	722	423	337	703	723	719	463	746	688	476	480	786	0	518	766	392	638	544	585	408	733	377	569	308	793	339	302	412	515	653	321	363	534	305	664	568	600	509	771	549	370	440	740	574	742	406	777	597	473	581	658	798	561	779	
641	356	709	505	794	637	741	321	634	645	713	498	662	635	396	594	510	747	415	518	0	466	641	695	508	662	581	532	653	605	384	578	527	335	700	327	609	425	543	437	778	782	681	422	408	595	570	718	575	596	482	342	787	731	788	613	388	402	466	545	537	
760	789	791	576	478	547	552	764	531	605	516	714	533	315	343	642	527	792	597	766	466	0	735	557	777	665	683	444	720	759	597	733	366	783	673	678	794	610	388	536	649	749	599	775	322	355	735	548	554	463	613	389	777	306	351	705	531	476	422	663	645	
753	545	302	769	538	733	374	614	776	579	424	349	312	615	513	535	302	713	597	392	641	735	0	426	465	445	376	576	409	452	540	475	790	668	503	644	468	453	518	543	422	557	425	373	330	639	522	351	666	795	703	390	411	568	385	609	724	516	333	476	712	
645	659	644	428	461	308	453	494	327	768	787	670	772	629	388	479	633	548	580	638	695	557	426	0	739	738	339	584	683	557	739	623	489	652	492	403	343	580	569	630	692	462	616	765	586	445	652	753	688	320	705	608	322	543	709	549	357	376	462	652	538	
615	422	429	426	540	445	379	722	362	372	566	581	615	485	665	582	686	557	503	544	508	777	465	739	0	612	688	353	524	624	488	379	569	763	588	702	708	639	494	592	505	725	382	446	500	403	627	517	661	705	722	449	732	343	454	723	724	697	588	645	560	
699	522	636	511	775	710	766	373	443	326	525	596	774	325	678	774	477	525	448	585	662	665	445	738	612	0	698	497	467	477	788	779	696	304	680	361	554	345	397	345	503	337	333	692	675	446	768	465	529	480	435	659	711	763	659	580	755	699	554	677	479	
421	380	358	743	670	510	425	316	652	723	670	309	472	489	372	590	386	799	362	408	581	683	376	339	688	698	0	608	787	676	540	572	610	450	470	545	408	378	423	672	551	645	547	702	647	792	524	723	652	623	735	465	502	797	770	668	530	425	676	415	358	
483	460	699	371	753	592	506	501	626	786	509	305	390	668	651	481	301	316	693	733	532	444	576	584	353	497	608	0	778	486	328	304	627	719	395	419	421	399	511	389	769	410	610	624	565	598	656	730	397	752	559	697	462	488	315	444	524	728	514	433	624	
585	349	377	688	757	678	356	419	716	503	598	633	732	774	728	780	486	408	425	377	653	720	409	683	524	467	787	778	0	357	345	530	391	374	565	597	609	384	768	414	572	419	594	316	766	672	593	329	490	548	686	500	782	343	650	396	463	684	411	510	723	
481	732	313	580	672	466	387	486	423	304	667	515	489	748	551	397	490	434	677	569	605	759	452	557	624	477	676	486	357	0	413	698	668	484	528	343	517	788	386	533	750	682	428	532	518	376	669	662	778	307	308	437	373	662	665	692	761	690	493	396	502	
688	327	438	693	677	539	311	558	604	585	476	502	593	363	593	613	724	477	541	308	384	597	540	739	488	788	540	328	345	413	0	507	760	351	548	778	579	529	375	521	726	566	616	412	641	438	601	515	317	579	534	645	300	795	469	491	669	420	302	543	719	
433	425	729	435	606	376	533	633	383	604	324	606	438	796	328	795	719	407	319	793	578	733	475	623	379	779	572	304	530	698	507	0	711	749	383	358	326	605	370	452	456	696	320	536	478	361	750	558	677	715	520	460	719	743	331	382	449	731	558	777	759	
459	627	563	628	660	584	751	440	589	784	761	353	474	711	412	547	466	408	535	339	527	366	790	489	569	696	610	627	391	668	760	711	0	666	746	302	352	525	336	478	390	330	391	605	650	419	404	773	716	647	640	670	622	524	466	716	769	611	454	421	629	
643	701	739	456	753	783	730	440	432	776	768	497	352	549	394	770	614	632	422	302	335	783	668	652	763	304	450	719	374	484	351	749	666	0	759	502	641	372	407	732	760	356	760	518	441	742	376	447	337	512	449	663	604	341	313	477	505	398	471	533	637	
332	653	431	466	494	597	401	337	746	613	770	332	423	336	743	463	372	498	525	412	700	673	503	492	588	680	470	395	565	528	548	383	746	759	0	466	686	675	538	458	738	784	514	731	792	586	412	365	531	795	585	746	365	726	647	732	539	412	553	493	337	
563	530	321	430	440	568	515	600	725	521	556	485	545	778	616	362	564	493	332	515	327	678	644	403	702	361	545	419	597	343	778	358	302	502	466	0	380	387	761	376	653	310	320	498	687	524	381	343	458	305	557	773	360	396	566	455	527	330	389	738	565	
336	654	532	519	674	317	513	491	596	705	544	496	393	795	717	740	788	752	658	653	609	794	468	343	708	554	408	421	609	517	579	326	352	641	686	380	0	453	600	480	641	695	557	767	360	602	764	769	757	769	677	313	649	752	301	755	369	633	340	568	340	
481	735	622	317	724	768	717	344	450	417	518	698	464	304	483	798	495	786	506	321	425	610	453	580	639	345	378	399	384	788	529	605	525	372	675	387	453	0	695	560	486	409	502	505	347	389	309	645	770	432	757	720	635	783	685	636	603	650	530	727	784	
407	338	502	413	383	628	683	462	702	555	734	660	794	449	303	574	760	676	790	363	543	388	518	569	494	397	423	511	768	386	375	370	336	407	538	761	600	695	0	638	656	315	320	311	375	366	676	619	361	438	633	545	504	458	397	584	511	339	340	398	726	
477	690	589	729	662	442	646	639	629	432	479	572	375	391	558	453	775	566	702	534	437	536	543	630	592	345	672	389	414	533	521	452	478	732	458	376	480	560	638	0	758	564	798	759	712	432	530	520	604	457	775	764	726	460	541	424	585	414	422	782	530	
767	567	753	689	483	566	661	517	790	323	432	433	509	389	525	630	432	453	720	305	778	649	422	692	505	503	551	769	572	750	726	456	390	760	738	653	641	486	656	758	0	381	677	338	783	437	603	482	576	367	418	735	487	313	432	670	626	667	722	539	467	
739	752	775	642	483	661	500	509	517	636	795	359	427	384	678	783	468	757	765	664	782	749	557	462	725	337	645	410	419	682	566	696	330	356	784	310	695	409	315	564	381	0	613	517	710	513	747	652	516	312	699	481	582	407	440	370	569	418	739	705	337	
317	705	753	774	635	599	531	580	602	509	503	728	660	761	642	624	391	654	793	568	681	599	425	616	382	333	547	610	594	428	616	320	391	760	514	320	557	502	320	798	677	613	0	422	446	572	307	514	476	767	307	426	659	514	430	674	531	377	525	514	567	
622	653	797	794	717	744	529	501	558	737	335	516	767	736	409	478	706	389	719	600	422	775	373	765	446	692	702	624	316	532	412	536	605	518	731	498	767	505	311	759	338	517	422	0	751	498	409	689	365	615	770	719	590	630	418	324	434	622	464	310	562	
707	733	387	569	363	404	748	348	762	708	584	438	604	442	304	699	788	711	716	509	408	322	330	586	500	675	647	565	766	518	641	478	650	441	792	687	360	347	375	712	783	710	446	751	0	785	604	688	571	325	503	373	739	372	473	446	359	302	548	371	776	
348	522	522	744	473	703	735	415	609	326	648	354	745	766	438	556	754	681	732	771	595	355	639	445	403	446	792	598	672	376	438	361	419	742	586	524	602	389	366	432	437	513	572	498	785	0	517	435	434	754	591	696	757	444	714	394	632	464	442	590	438	
633	722	575	538	306	573	372	763	443	726	706	413	429	349	535	310	689	472	485	549	570	735	522	652	627	768	524	656	593	669	601	750	404	376	412	381	764	309	676	530	603	747	307	409	604	517	0	510	325	589	791	345	471	722	449	782	667	754	329	534	551	
554	344	579	771	382	785	313	322	334	646	497	474	722	360	352	381	614	496	492	370	718	548	351	753	517	465	723	730	329	662	515	558	773	447	365	343	769	645	619	520	482	652	514	689	688	435	510	0	418	607	631	500	448	527	657	522	530	750	655	712	460	
625	513	729	651	614	600	649	306	659	692	659	710	701	752	649	721	744	724	341	440	575	554	666	688	661	529	652	397	490	778	317	677	716	337	531	458	757	770	361	604	576	516	476	365	571	434	325	418	0	659	443	548	432	617	337	453	681	374	446	388	489	
349	799	421	365	386	798	463	562	649	329	509	606	559	639	415	510	755	753	648	740	596	463	795	320	705	480	623	752	548	307	579	715	647	512	795	305	769	432	438	457	367	312	767	615	325	754	589	607	659	0	563	328	604	706	707	719	552	425	681	702	339	
326	700	471	429	380	338	334	675	412	732	386	414	548	408	524	437	589	467	378	574	482	613	703	705	722	435	735	559	686	308	534	520	640	449	585	557	677	757	633	775	418	699	307	770	503	591	791	631	443	563	0	544	593	498	741	660	589	443	407	500	736	
684	576	420	670	732	624	463	631	592	764	682	535	672	356	635	549	701	791	774	742	342	389	390	608	449	659	465	697	500	437	645	460	670	663	746	773	313	720	545	764	735	481	426	719	373	696	345	500	548	328	544	0	340	497	436	453	407	453	396	424	748	
456	531	635	373	651	668	457	457	403	767	416	715	637	571	711	748	514	780	590	406	787	777	411	322	732	711	502	462	782	373	300	719	622	604	365	360	649	635	504	726	487	582	659	590	739	757	471	448	432	604	593	340	0	491	724	644	368	598	451	452	317	
357	597	579	594	350	564	381	661	429	593	384	484	522	361	362	583	419	716	539	777	731	306	568	543	343	763	797	488	343	662	795	743	524	341	726	396	752	783	458	460	313	407	514	630	372	444	722	527	617	706	498	497	491	0	599	408	364	354	573	494	592	
770	752	616	543	421	351	549	783	589	609	391	353	614	351	773	698	382	300	494	597	788	351	385	709	454	659	770	315	650	665	469	331	466	313	647	566	301	685	397	541	432	440	430	418	473	714	449	657	337	707	741	436	724	599	0	673	389	627	718	741	500	
533	619	311	382	416	579	563	318	471	475	326	666	315	732	527	799	779	352	694	473	613	705	609	549	723	580	668	444	396	692	491	382	716	477	732	455	755	636	584	424	670	370	674	324	446	394	782	522	453	719	660	453	644	408	673	0	726	693	729	705	542	
751	777	328	609	562	700	679	753	434	348	313	448	729	429	335	371	407	651	366	581	388	531	724	357	724	755	530	524	463	761	669	449	769	505	539	527	369	603	511	585	626	569	531	434	359	632	667	530	681	552	589	407	368	364	389	726	0	795	643	669	711	
402	753	392	682	307	466	576	453	686	548	457	442	613	306	380	732	729	517	573	658	402	476	516	376	697	699	425	728	684	690	420	731	611	398	412	330	633	650	339	414	667	418	377	622	302	464	754	750	374	425	443	453	598	354	627	693	795	0	657	762	760	
412	606	466	731	624	650	405	746	400	692	314	605	447	465	475	384	610	795	703	798	466	422	333	462	588	554	676	514	411	493	302	558	454	471	553	389	340	530	340	422	722	739	525	464	548	442	329	655	446	681	407	396	451	573	718	729	643	657	0	759	367	
360	472	439	501	592	737	745	671	740	651	347	432	313	514	531	513	610	424	566	561	545	663	476	652	645	677	415	433	510	396	543	777	421	533	493	738	568	727	398	782	539	705	514	310	371	590	534	712	388	702	500	424	452	494	741	705	669	762	759	0	631	
576	498	340	354	547	309	452	495	698	573	775	597	735	574	554	780	419	359	708	779	537	645	712	538	560	479	358	624	723	502	719	759	629	637	337	565	340	784	726	530	467	337	567	562	776	438	551	460	489	339	736	748	317	592	500	542	711	760	367	631	0	
etats
Id_Station	Poids W	Min (P)	WSPT	Priorité	
1	2	301	33,44	1	
2	6	303	33,67	2	
3	9	303	33,67	3	
4	9	304	33,78	4	
5	9	304	33,78	5	
6	7	305	33,89	6	
7	5	305	33,89	7	
8	7	313	34,78	8	
9	9	302	37,75	9	
10	6	304	38,00	10	
11	6	304	38,00	11	
12	5	304	38,00	12	
13	1	305	38,13	13	
14	8	307	38,38	14	
15	1	317	39,63	15	
16	7	301	43,00	16	
17	8	301	43,00	17	
18	9	303	43,29	18	
19	8	320	45,71	19	
20	5	324	46,29	20	
21	7	301	50,17	21	
22	3	304	50,67	22	
23	8	304	50,67	23	
24	1	304	50,67	24	
25	6	323	53,83	25	
26	5	326	54,33	26	
27	3	300	60,00	27	
28	5	300	60,00	28	
29	8	301	60,20	29	
30	4	307	61,40	30	
31	2	307	61,40	31	
32	9	308	61,60	32	
33	6	303	75,75	33	
34	7	303	75,75	34	
35	6	303	75,75	35	
36	8	304	76,00	36	
37	9	307	76,75	37	
38	4	308	77,00	38	
39	4	311	77,75	39	
40	9	300	100,00	40	
41	8	300	100,00	41	
42	1	300	100,00	42	
43	5	300	100,00	43	
44	5	303	101,00	44	
45	6	311	103,67	45	
46	9	312	104,00	46	
47	6	300	150,00	47	
48	3	301	150,50	48	
49	3	301	150,50	49	
50	6	311	155,50	50	
51	5	300	300,00	51	
52	3	301	301,00	52	
53	6	302	302,00	53	
54	6	302	302,00	54	
55	5	304	304,00	55	
56	1	305	305,00	56	
57	1	305	305,00	57	
58	9	308	308,00	58	
59	7	310	310,00	59	
60	1	315	315,00	60	

