distances
0	761	486	709	526	546	369	685	544	688	652	385	624	674	751	492	405	426	686	708	369	683	766	769	711	600	471	431	691	393	652	678	497	431	598	499	775	640	667	300	574	701	340	356	621	446	331	408	703	564	555	585	443	593	783	370	560	764	380	481	556	
761	0	656	769	395	799	623	731	345	426	635	430	575	528	422	575	668	722	345	350	761	312	700	761	680	754	579	329	527	663	636	426	520	424	448	757	782	714	414	529	736	751	305	601	362	791	409	410	335	307	715	799	778	704	561	482	594	551	544	322	353	
486	656	0	571	752	605	410	585	645	583	489	424	648	652	709	341	779	575	388	479	584	386	506	368	754	313	621	744	407	690	559	590	400	489	381	467	787	722	561	723	738	767	661	438	343	449	389	505	493	332	324	664	381	438	672	479	489	416	461	458	624	
709	769	571	0	525	785	422	506	435	569	472	574	308	651	787	358	787	763	688	672	736	661	771	745	382	769	795	301	553	372	564	669	532	369	791	765	324	797	656	467	684	478	341	760	785	591	428	605	788	439	736	689	336	772	656	623	346	452	326	660	676	
526	395	752	525	0	606	468	763	378	436	388	575	527	731	508	469	336	573	621	530	791	381	623	443	654	308	452	792	798	660	314	746	612	388	333	442	343	615	791	764	606	710	720	661	714	513	419	341	693	797	611	756	491	765	377	645	422	692	340	645	429	
546	799	605	785	606	0	671	438	610	538	599	616	343	636	739	445	316	580	370	350	513	643	690	755	672	327	572	548	767	788	351	663	763	618	432	346	486	636	575	634	611	326	572	749	585	516	421	490	328	416	478	517	628	316	421	587	609	333	481	547	563	
369	623	410	422	468	671	0	555	320	730	375	675	793	315	684	332	599	751	327	753	338	742	382	683	321	550	410	436	569	434	762	629	754	591	359	629	541	474	539	595	544	623	458	750	690	675	786	620	415	787	497	785	556	538	685	500	412	436	607	587	525	
685	731	585	506	763	438	555	0	373	605	427	579	442	677	605	653	742	672	341	536	339	762	680	522	525	781	519	492	473	567	789	523	316	529	407	376	584	339	524	743	777	776	333	668	718	788	665	631	651	540	486	790	683	418	662	575	481	360	387	666	788	
544	345	645	435	378	610	320	373	0	643	558	718	693	402	530	356	747	338	472	570	360	527	774	746	768	525	539	548	778	365	511	570	450	691	543	343	674	633	312	526	507	760	466	769	446	585	315	338	383	690	481	777	761	658	705	400	768	675	787	647	786	
688	426	583	569	436	538	730	605	643	0	552	358	617	486	754	633	730	384	354	616	586	754	590	613	575	642	413	613	646	457	701	724	370	381	351	747	500	691	361	712	760	770	359	323	337	792	799	436	306	483	419	736	423	729	593	781	358	782	467	323	579	
652	635	489	472	388	599	375	427	558	552	0	538	636	769	406	742	430	721	505	452	626	310	517	678	520	479	325	312	752	651	379	432	550	780	744	344	364	588	445	651	792	565	594	422	531	485	554	326	662	317	554	674	726	321	693	786	456	741	572	793	384	
385	430	424	574	575	616	675	579	718	358	538	0	536	576	353	311	494	572	722	361	324	575	785	434	315	714	746	344	524	300	366	771	451	531	670	425	596	596	681	416	563	307	760	571	526	794	694	669	358	726	647	365	644	687	493	760	738	350	602	345	402	
624	575	648	308	527	343	793	442	693	617	636	536	0	557	783	553	708	660	304	485	540	530	560	679	324	656	641	633	348	631	496	515	709	771	493	743	641	608	563	351	303	416	675	506	638	740	586	761	792	619	705	588	640	588	786	303	306	723	646	435	511	
674	528	652	651	731	636	315	677	402	486	769	576	557	0	390	576	667	396	746	488	469	555	661	470	446	552	462	730	587	558	629	696	584	442	338	639	686	559	433	719	547	578	534	446	383	563	703	440	670	393	630	625	499	590	573	502	454	712	406	487	462	
751	422	709	787	508	739	684	605	530	754	406	353	783	390	0	434	755	314	746	570	400	339	679	702	766	696	678	518	639	469	630	482	333	317	515	751	485	612	320	784	714	626	358	427	756	344	550	597	305	626	433	755	525	797	516	520	320	699	473	689	406	
492	575	341	358	469	445	332	653	356	633	742	311	553	576	434	0	341	733	741	702	799	350	328	588	499	495	689	322	360	487	673	491	675	384	621	353	507	732	327	646	656	588	357	729	612	741	765	772	657	783	461	489	586	587	761	466	483	649	649	424	538	
405	668	779	787	336	316	599	742	747	730	430	494	708	667	755	341	0	384	401	673	373	784	347	598	347	521	505	710	649	639	514	593	554	353	413	749	505	468	630	781	665	763	387	564	553	308	617	308	701	519	518	485	605	591	476	578	302	510	381	629	715	
426	722	575	763	573	580	751	672	338	384	721	572	660	396	314	733	384	0	557	673	735	626	748	647	685	788	312	751	408	684	499	344	554	412	633	672	427	648	673	721	396	504	500	379	566	640	415	745	369	445	676	408	570	354	644	563	518	692	430	592	670	
686	345	388	688	621	370	327	341	472	354	505	722	304	746	746	741	401	557	0	554	616	333	307	367	321	370	772	654	631	770	738	405	507	798	429	701	506	529	594	697	725	625	552	458	752	582	420	778	687	774	355	463	785	488	725	379	322	706	727	455	651	
708	350	479	672	530	350	753	536	570	616	452	361	485	488	570	702	673	673	554	0	725	742	776	352	578	311	597	417	513	506	438	560	404	420	344	785	397	464	738	331	451	769	715	310	755	315	689	335	480	424	794	507	656	523	437	634	658	745	507	369	612	
369	761	584	736	791	513	338	339	360	586	626	324	540	469	400	799	373	735	616	725	0	631	641	515	578	792	744	645	417	723	500	542	443	307	468	514	368	519	586	616	577	307	669	426	540	646	560	696	376	742	709	730	486	617	740	766	736	689	417	437	650	
683	312	386	661	381	643	742	762	527	754	310	575	530	555	339	350	784	626	333	742	631	0	406	430	454	784	494	507	331	541	390	641	635	489	328	459	356	679	688	649	304	736	437	770	673	377	639	559	686	693	358	368	646	507	326	591	386	584	364	565	681	
766	700	506	771	623	690	382	680	774	590	517	785	560	661	679	328	347	748	307	776	641	406	0	608	379	582	414	425	618	686	786	433	332	358	646	681	461	474	371	760	409	659	527	676	782	351	491	566	753	376	374	547	696	425	579	333	546	374	798	345	427	
769	761	368	745	443	755	683	522	746	613	678	434	679	470	702	588	598	647	367	352	515	430	608	0	613	773	339	622	557	445	700	772	482	521	691	369	780	758	359	748	667	782	647	755	454	611	606	642	788	707	567	473	610	346	517	337	505	588	453	598	761	
711	680	754	382	654	672	321	525	768	575	520	315	324	446	766	499	347	685	321	578	578	454	379	613	0	608	651	559	709	431	362	614	501	382	757	384	793	322	400	524	600	707	596	685	662	587	486	605	404	697	647	458	429	433	587	657	395	639	658	341	376	
600	754	313	769	308	327	550	781	525	642	479	714	656	552	696	495	521	788	370	311	792	784	582	773	608	0	701	549	790	545	585	465	769	563	543	310	757	573	325	484	364	655	719	531	680	756	594	473	676	787	536	669	339	633	533	440	605	779	512	545	674	
471	579	621	795	452	572	410	519	539	413	325	746	641	462	678	689	505	312	772	597	744	494	414	339	651	701	0	396	563	781	783	383	560	493	632	624	494	692	317	550	455	585	563	535	308	593	712	618	587	751	505	718	659	493	341	664	427	517	350	432	784	
431	329	744	301	792	548	436	492	548	613	312	344	633	730	518	322	710	751	654	417	645	507	425	622	559	549	396	0	695	361	544	603	630	785	352	413	366	453	734	785	782	668	455	468	348	543	670	402	740	680	438	517	492	423	603	422	745	408	453	717	550	
691	527	407	553	798	767	569	473	778	646	752	524	348	587	639	360	649	408	631	513	417	331	618	557	709	790	563	695	0	509	660	456	567	448	718	755	543	551	493	793	727	490	492	376	632	316	441	440	409	765	766	554	527	444	391	306	686	503	607	480	687	
393	663	690	372	660	788	434	567	365	457	651	300	631	558	469	487	639	684	770	506	723	541	686	445	431	545	781	361	509	0	658	749	741	498	389	495	447	741	455	771	344	719	584	339	485	428	590	659	352	511	735	463	408	699	573	616	780	304	431	695	762	
652	636	559	564	314	351	762	789	511	701	379	366	496	629	630	673	514	499	738	438	500	390	786	700	362	585	783	544	660	658	0	657	382	393	398	541	667	349	600	658	501	515	752	462	737	476	541	328	557	711	786	690	350	597	436	594	659	786	779	387	488	
678	426	590	669	746	663	629	523	570	724	432	771	515	696	482	491	593	344	405	560	542	641	433	772	614	465	383	603	456	749	657	0	701	424	306	518	624	776	326	758	303	413	572	358	698	660	629	623	408	333	794	601	341	374	647	405	583	548	498	709	378	
497	520	400	532	612	763	754	316	450	370	550	451	709	584	333	675	554	554	507	404	443	635	332	482	501	769	560	630	567	741	382	701	0	337	545	429	510	322	587	580	505	672	689	452	619	610	463	329	394	611	357	562	521	560	450	739	444	600	580	642	434	
431	424	489	369	388	618	591	529	691	381	780	531	771	442	317	384	353	412	798	420	307	489	358	521	382	563	493	785	448	498	393	424	337	0	626	634	389	326	793	449	351	575	570	771	701	543	311	762	311	702	417	589	325	547	696	554	368	313	753	437	443	
598	448	381	791	333	432	359	407	543	351	744	670	493	338	515	621	413	633	429	344	468	328	646	691	757	543	632	352	718	389	398	306	545	626	0	625	630	798	307	346	618	744	747	488	438	674	517	318	516	447	770	600	499	671	687	691	359	709	583	688	535	
499	757	467	765	442	346	629	376	343	747	344	425	743	639	751	353	749	672	701	785	514	459	681	369	384	310	624	413	755	495	541	518	429	634	625	0	656	606	791	793	419	798	712	759	701	588	545	348	685	501	690	523	724	633	553	610	575	545	633	310	773	
775	782	787	324	343	486	541	584	674	500	364	596	641	686	485	507	505	427	506	397	368	356	461	780	793	757	494	366	543	447	667	624	510	389	630	656	0	316	597	385	788	339	786	601	762	791	676	580	595	508	761	704	599	564	663	342	753	756	341	596	418	
640	714	722	797	615	636	474	339	633	691	588	596	608	559	612	732	468	648	529	464	519	679	474	758	322	573	692	453	551	741	349	776	322	326	798	606	316	0	501	476	568	509	650	320	625	740	735	555	784	663	332	736	585	799	719	713	662	735	560	379	438	
667	414	561	656	791	575	539	524	312	361	445	681	563	433	320	327	630	673	594	738	586	688	371	359	400	325	317	734	493	455	600	326	587	793	307	791	597	501	0	511	726	352	488	392	732	765	340	404	590	411	653	517	632	375	734	419	762	394	388	683	565	
300	529	723	467	764	634	595	743	526	712	651	416	351	719	784	646	781	721	697	331	616	649	760	748	524	484	550	785	793	771	658	758	580	449	346	793	385	476	511	0	581	630	320	402	621	511	497	546	490	435	698	302	661	729	357	506	506	479	644	569	467	
574	736	738	684	606	611	544	777	507	760	792	563	303	547	714	656	665	396	725	451	577	304	409	667	600	364	455	782	727	344	501	303	505	351	618	419	788	568	726	581	0	355	394	395	442	302	544	443	680	697	346	571	462	371	582	647	754	351	345	419	436	
701	751	767	478	710	326	623	776	760	770	565	307	416	578	626	588	763	504	625	769	307	736	659	782	707	655	585	668	490	719	515	413	672	575	744	798	339	509	352	630	355	0	328	465	763	691	606	382	663	605	467	663	327	647	549	578	698	682	523	422	799	
340	305	661	341	720	572	458	333	466	359	594	760	675	534	358	357	387	500	552	715	669	437	527	647	596	719	563	455	492	584	752	572	689	570	747	712	786	650	488	320	394	328	0	607	317	626	630	555	628	449	337	701	618	474	796	485	344	513	535	699	600	
356	601	438	760	661	749	750	668	769	323	422	571	506	446	427	729	564	379	458	310	426	770	676	755	685	531	535	468	376	339	462	358	452	771	488	759	601	320	392	402	395	465	607	0	703	683	346	438	534	381	379	607	499	441	718	621	673	508	359	481	672	
621	362	343	785	714	585	690	718	446	337	531	526	638	383	756	612	553	566	752	755	540	673	782	454	662	680	308	348	632	485	737	698	619	701	438	701	762	625	732	621	442	763	317	703	0	716	455	608	729	657	784	355	550	643	679	509	610	742	531	518	506	
446	791	449	591	513	516	675	788	585	792	485	794	740	563	344	741	308	640	582	315	646	377	351	611	587	756	593	543	316	428	476	660	610	543	674	588	791	740	765	511	302	691	626	683	716	0	370	515	327	600	669	543	677	389	618	406	354	466	409	393	348	
331	409	389	428	419	421	786	665	315	799	554	694	586	703	550	765	617	415	420	689	560	639	491	606	486	594	712	670	441	590	541	629	463	311	517	545	676	735	340	497	544	606	630	346	455	370	0	399	665	482	713	410	463	756	619	519	373	600	391	605	515	
408	410	505	605	341	490	620	631	338	436	326	669	761	440	597	772	308	745	778	335	696	559	566	642	605	473	618	402	440	659	328	623	329	762	318	348	580	555	404	546	443	382	555	438	608	515	399	0	365	305	619	353	338	614	712	483	442	386	526	638	621	
703	335	493	788	693	328	415	651	383	306	662	358	792	670	305	657	701	369	687	480	376	686	753	788	404	676	587	740	409	352	557	408	394	311	516	685	595	784	590	490	680	663	628	534	729	327	665	365	0	499	536	719	470	637	416	441	763	465	468	643	554	
564	307	332	439	797	416	787	540	690	483	317	726	619	393	626	783	519	445	774	424	742	693	376	707	697	787	751	680	765	511	711	333	611	702	447	501	508	663	411	435	697	605	449	381	657	600	482	305	499	0	703	427	786	570	732	518	685	701	474	402	743	
555	715	324	736	611	478	497	486	481	419	554	647	705	630	433	461	518	676	355	794	709	358	374	567	647	536	505	438	766	735	786	794	357	417	770	690	761	332	653	698	346	467	337	379	784	669	713	619	536	703	0	651	445	430	587	633	718	796	681	512	549	
585	799	664	689	756	517	785	790	777	736	674	365	588	625	755	489	485	408	463	507	730	368	547	473	458	669	718	517	554	463	690	601	562	589	600	523	704	736	517	302	571	663	701	607	355	543	410	353	719	427	651	0	670	421	678	501	319	361	541	392	458	
443	778	381	336	491	628	556	683	761	423	726	644	640	499	525	586	605	570	785	656	486	646	696	610	429	339	659	492	527	408	350	341	521	325	499	724	599	585	632	661	462	327	618	499	550	677	463	338	470	786	445	670	0	647	421	457	492	547	775	769	652	
593	704	438	772	765	316	538	418	658	729	321	687	588	590	797	587	591	354	488	523	617	507	425	346	433	633	493	423	444	699	597	374	560	547	671	633	564	799	375	729	371	647	474	441	643	389	756	614	637	570	430	421	647	0	308	323	569	555	768	460	613	
783	561	672	656	377	421	685	662	705	593	693	493	786	573	516	761	476	644	725	437	740	326	579	517	587	533	341	603	391	573	436	647	450	696	687	553	663	719	734	357	582	549	796	718	679	618	619	712	416	732	587	678	421	308	0	683	715	443	361	705	605	
370	482	479	623	645	587	500	575	400	781	786	760	303	502	520	466	578	563	379	634	766	591	333	337	657	440	664	422	306	616	594	405	739	554	691	610	342	713	419	506	647	578	485	621	509	406	519	483	441	518	633	501	457	323	683	0	612	639	342	450	440	
560	594	489	346	422	609	412	481	768	358	456	738	306	454	320	483	302	518	322	658	736	386	546	505	395	605	427	745	686	780	659	583	444	368	359	575	753	662	762	506	754	698	344	673	610	354	373	442	763	685	718	319	492	569	715	612	0	621	648	509	364	
764	551	416	452	692	333	436	360	675	782	741	350	723	712	699	649	510	692	706	745	689	584	374	588	639	779	517	408	503	304	786	548	600	313	709	545	756	735	394	479	351	682	513	508	742	466	600	386	465	701	796	361	547	555	443	639	621	0	388	734	360	
380	544	461	326	340	481	607	387	787	467	572	602	646	406	473	649	381	430	727	507	417	364	798	453	658	512	350	453	607	431	779	498	580	753	583	633	341	560	388	644	345	523	535	359	531	409	391	526	468	474	681	541	775	768	361	342	648	388	0	454	457	
481	322	458	660	645	547	587	666	647	323	793	345	435	487	689	424	629	592	455	369	437	565	345	598	341	545	432	717	480	695	387	709	642	437	688	310	596	379	683	569	419	422	699	481	518	393	605	638	643	402	512	392	769	460	705	450	509	734	454	0	665	
556	353	624	676	429	563	525	788	786	579	384	402	511	462	406	538	715	670	651	612	650	681	427	761	376	674	784	550	687	762	488	378	434	443	535	773	418	438	565	467	436	799	600	672	506	348	515	621	554	743	549	458	652	613	605	440	364	360	457	665	0	
etats
Id_Station	Poids W	Min (P)	WSPT	Priorité	
1	6	303	33,67	1	
2	4	303	33,67	2	
3	8	306	34,00	3	
4	7	301	37,63	4	
5	9	313	39,13	5	
6	4	300	42,86	6	
7	9	300	42,86	7	
8	1	304	43,43	8	
9	1	309	44,14	9	
10	3	310	44,29	10	
11	3	315	45,00	11	
12	5	321	45,86	12	
13	4	301	50,17	13	
14	9	301	50,17	14	
15	1	302	50,33	15	
16	5	311	51,83	16	
17	2	315	52,50	17	
18	1	316	52,67	18	
19	9	330	55,00	19	
20	6	301	60,20	20	
21	8	303	60,60	21	
22	1	309	61,80	22	
23	9	304	76,00	23	
24	4	305	76,25	24	
25	1	308	77,00	25	
26	7	312	78,00	26	
27	2	312	78,00	27	
28	7	327	81,75	28	
29	3	300	100,00	29	
30	1	300	100,00	30	
31	5	301	100,33	31	
32	1	312	104,00	32	
33	9	316	105,33	33	
34	4	321	107,00	34	
35	7	326	108,67	35	
36	8	301	150,50	36	
37	6	303	151,50	37	
38	1	303	151,50	38	
39	2	305	152,50	39	
40	2	305	152,50	40	
41	5	305	152,50	41	
42	9	306	153,00	42	
43	5	306	153,00	43	
44	2	310	155,00	44	
45	4	312	156,00	45	
46	3	319	159,50	46	
47	2	321	160,50	47	
48	4	328	164,00	48	
49	9	300	300,00	49	
50	5	300	300,00	50	
51	1	301	301,00	51	
52	6	301	301,00	52	
53	2	301	301,00	53	
54	9	302	302,00	54	
55	7	303	303,00	55	
56	7	306	306,00	56	
57	1	308	308,00	57	
58	4	308	308,00	58	
59	8	309	309,00	59	
60	3	310	310,00	60	

