distances
0	799	756	605	784	305	359	775	670	487	373	732	512	663	526	341	697	454	478	308	698	504	487	372	738	542	638	464	605	481	387	729	573	629	795	721	744	629	363	610	679	526	783	500	410	614	771	636	645	705	433	677	443	310	414	492	428	322	669	344	717	
799	0	325	645	463	308	537	395	605	529	495	462	712	409	747	461	493	458	470	652	628	307	708	529	645	547	312	367	660	439	772	558	677	402	683	452	471	462	738	600	511	425	544	538	755	499	732	433	725	605	648	420	372	332	706	773	308	337	785	622	527	
756	325	0	748	402	315	301	565	661	765	386	638	514	649	340	622	799	588	309	421	578	737	603	314	385	563	311	620	433	739	337	597	603	312	777	612	567	523	515	602	729	617	307	535	427	415	316	689	676	475	618	351	501	438	639	733	511	715	360	654	422	
605	645	748	0	486	799	354	620	789	352	363	389	615	739	674	454	591	429	495	377	561	342	781	658	703	532	492	589	713	447	559	379	740	649	698	722	709	393	763	500	327	453	761	329	307	735	382	389	496	715	546	335	491	702	585	642	474	495	542	746	744	
784	463	402	486	0	764	782	597	333	778	670	466	335	693	621	741	502	676	786	582	632	575	604	432	760	666	641	507	568	427	384	761	718	756	395	339	675	314	559	742	665	357	392	348	529	476	431	374	751	513	429	760	376	349	534	616	700	316	471	476	338	
305	308	315	799	764	0	759	742	772	379	722	759	484	700	345	622	755	527	777	716	733	697	792	516	327	759	575	560	637	414	430	602	546	620	312	603	723	580	585	750	358	608	654	349	797	799	726	648	746	670	608	333	738	626	446	689	669	320	489	421	506	
359	537	301	354	782	759	0	788	367	683	766	763	564	419	733	481	574	458	590	781	567	617	306	558	572	587	335	590	503	541	737	693	553	469	338	565	558	329	768	302	774	548	790	314	554	327	498	658	708	724	793	569	551	726	429	538	306	728	413	662	495	
775	395	565	620	597	742	788	0	473	757	614	589	605	722	312	540	357	645	539	300	396	538	364	321	611	429	596	726	342	417	724	691	395	612	714	320	552	655	713	768	670	425	732	364	430	614	303	357	530	708	758	497	524	319	352	525	322	620	420	769	390	
670	605	661	789	333	772	367	473	0	708	775	412	669	682	564	540	678	712	386	666	681	625	691	652	478	769	391	551	600	466	560	451	444	507	536	322	683	703	616	731	478	720	733	650	561	483	316	746	388	593	429	599	365	487	321	385	332	643	441	388	312	
487	529	765	352	778	379	683	757	708	0	598	475	674	368	634	407	533	637	748	661	598	485	747	510	774	623	687	466	411	651	763	696	438	731	622	307	425	337	774	552	578	799	400	322	588	588	416	330	751	307	588	366	671	577	600	692	555	433	696	396	624	
373	495	386	363	670	722	766	614	775	598	0	391	612	628	734	779	403	506	714	414	400	462	466	304	664	338	579	353	304	710	560	798	757	744	734	594	571	396	499	504	474	724	667	347	688	662	496	642	600	616	423	675	507	731	391	404	739	346	313	534	378	
732	462	638	389	466	759	763	589	412	475	391	0	519	403	749	380	706	351	586	648	313	326	325	415	549	431	300	310	378	664	303	772	579	301	738	618	646	415	498	353	352	775	689	375	767	503	564	647	631	671	333	726	319	770	625	643	319	300	463	485	419	
512	712	514	615	335	484	564	605	669	674	612	519	0	728	657	306	705	407	693	522	345	427	658	331	399	533	748	424	326	472	455	418	762	770	328	797	768	491	601	706	739	431	527	400	419	354	682	300	541	648	465	541	432	324	638	619	736	433	510	454	771	
663	409	649	739	693	700	419	722	682	368	628	403	728	0	580	635	522	556	690	369	554	659	477	729	748	374	749	732	541	581	411	670	570	475	380	457	566	519	542	311	521	700	565	507	529	384	698	423	619	664	544	675	716	619	654	352	792	528	332	592	550	
526	747	340	674	621	345	733	312	564	634	734	749	657	580	0	752	309	324	574	556	615	550	539	621	464	630	407	446	387	796	328	582	721	543	536	764	347	651	788	339	619	374	388	536	499	583	599	433	773	603	605	431	359	367	333	688	697	447	601	680	505	
341	461	622	454	741	622	481	540	540	407	779	380	306	635	752	0	780	607	325	539	507	380	421	367	453	711	744	655	687	323	523	404	506	440	659	349	611	635	518	313	516	790	302	794	522	336	499	549	468	565	603	683	687	449	697	471	769	714	696	373	563	
697	493	799	591	502	755	574	357	678	533	403	706	705	522	309	780	0	507	514	384	365	598	737	384	429	360	336	738	448	582	567	696	742	305	544	494	435	690	593	781	577	396	439	456	437	501	545	688	743	726	735	675	380	766	496	512	762	336	605	427	759	
454	458	588	429	676	527	458	645	712	637	506	351	407	556	324	607	507	0	694	657	674	377	530	411	691	751	343	339	581	710	567	305	764	765	641	301	380	744	619	302	494	392	331	334	709	460	734	589	697	556	393	582	750	415	460	365	759	506	564	732	548	
478	470	309	495	786	777	590	539	386	748	714	586	693	690	574	325	514	694	0	626	748	501	757	426	404	428	338	753	617	723	372	647	354	631	725	600	543	363	759	520	360	357	500	323	761	790	779	795	496	421	502	580	334	433	354	387	487	441	608	704	488	
308	652	421	377	582	716	781	300	666	661	414	648	522	369	556	539	384	657	626	0	413	411	652	615	728	655	313	397	484	410	694	334	592	469	393	391	674	486	462	447	724	404	649	437	412	752	729	403	779	425	305	774	744	693	446	377	544	491	327	425	344	
698	628	578	561	632	733	567	396	681	598	400	313	345	554	615	507	365	674	748	413	0	343	568	772	715	529	657	731	534	303	460	480	750	738	648	795	572	585	607	307	603	548	580	770	782	664	432	447	561	488	434	784	376	478	790	579	381	687	726	651	381	
504	307	737	342	575	697	617	538	625	485	462	326	427	659	550	380	598	377	501	411	343	0	537	652	313	343	457	324	516	312	695	673	340	623	417	368	640	710	404	751	327	328	636	483	350	320	496	631	651	438	475	625	576	533	351	631	727	557	335	583	547	
487	708	603	781	604	792	306	364	691	747	466	325	658	477	539	421	737	530	757	652	568	537	0	793	384	395	799	768	711	436	767	378	378	543	407	538	792	626	379	740	496	373	317	798	641	528	692	618	696	377	356	555	696	632	729	772	384	560	438	385	322	
372	529	314	658	432	516	558	321	652	510	304	415	331	729	621	367	384	411	426	615	772	652	793	0	798	561	426	307	511	425	371	569	456	598	738	685	401	374	509	613	759	331	733	471	592	711	354	536	577	539	670	406	675	341	746	392	359	664	765	678	327	
738	645	385	703	760	327	572	611	478	774	664	549	399	748	464	453	429	691	404	728	715	313	384	798	0	648	678	483	632	761	426	550	555	791	344	354	737	549	701	637	377	324	486	705	370	385	647	657	654	435	781	558	400	453	511	370	729	614	674	675	562	
542	547	563	532	666	759	587	429	769	623	338	431	533	374	630	711	360	751	428	655	529	343	395	561	648	0	656	620	715	373	581	390	541	664	305	459	549	499	755	556	572	416	617	561	490	667	742	472	445	335	664	744	546	557	477	771	672	573	589	646	316	
638	312	311	492	641	575	335	596	391	687	579	300	748	749	407	744	336	343	338	313	657	457	799	426	678	656	0	799	656	630	581	634	786	620	572	755	335	740	382	370	335	770	662	365	541	704	666	739	499	306	306	581	399	520	717	731	748	582	328	571	634	
464	367	620	589	507	560	590	726	551	466	353	310	424	732	446	655	738	339	753	397	731	324	768	307	483	620	799	0	747	323	358	312	377	691	315	508	329	517	653	761	750	608	531	718	567	459	592	546	582	432	309	494	575	576	611	443	559	313	721	642	511	
605	660	433	713	568	637	503	342	600	411	304	378	326	541	387	687	448	581	617	484	534	516	711	511	632	715	656	747	0	429	650	543	306	417	489	686	654	698	594	454	774	697	724	441	460	373	504	373	506	352	635	497	571	511	343	651	718	724	395	524	602	
481	439	739	447	427	414	541	417	466	651	710	664	472	581	796	323	582	710	723	410	303	312	436	425	761	373	630	323	429	0	459	337	413	350	752	468	488	427	604	641	572	336	706	498	795	423	747	714	431	429	375	597	537	772	750	784	725	705	598	385	583	
387	772	337	559	384	430	737	724	560	763	560	303	455	411	328	523	567	567	372	694	460	695	767	371	426	581	581	358	650	459	0	579	486	363	326	469	319	671	675	692	732	370	661	470	505	422	584	668	421	430	502	505	409	781	720	371	560	618	460	351	778	
729	558	597	379	761	602	693	691	451	696	798	772	418	670	582	404	696	305	647	334	480	673	378	569	550	390	634	312	543	337	579	0	430	605	555	507	397	798	388	382	364	741	512	742	541	788	692	420	587	579	316	566	553	439	581	698	621	747	548	736	664	
573	677	603	740	718	546	553	395	444	438	757	579	762	570	721	506	742	764	354	592	750	340	378	456	555	541	786	377	306	413	486	430	0	433	651	362	321	302	677	396	642	465	484	764	477	711	665	397	431	588	619	792	357	581	659	578	359	330	683	501	413	
629	402	312	649	756	620	469	612	507	731	744	301	770	475	543	440	305	765	631	469	738	623	543	598	791	664	620	691	417	350	363	605	433	0	546	483	740	424	337	434	778	550	681	505	797	616	305	510	707	449	472	455	699	655	628	441	334	376	486	780	583	
795	683	777	698	395	312	338	714	536	622	734	738	328	380	536	659	544	641	725	393	648	417	407	738	344	305	572	315	489	752	326	555	651	546	0	357	319	361	746	642	388	731	554	670	613	527	509	615	431	394	676	514	358	385	799	552	708	721	469	681	326	
721	452	612	722	339	603	565	320	322	307	594	618	797	457	764	349	494	301	600	391	795	368	538	685	354	459	755	508	686	468	469	507	362	483	357	0	465	355	548	493	371	702	595	796	772	461	520	557	501	543	509	759	312	685	350	697	338	708	457	526	507	
744	471	567	709	675	723	558	552	683	425	571	646	768	566	347	611	435	380	543	674	572	640	792	401	737	549	335	329	654	488	319	397	321	740	319	465	0	462	431	335	748	405	325	541	409	797	681	759	607	364	482	775	330	742	302	612	498	684	799	586	440	
629	462	523	393	314	580	329	655	703	337	396	415	491	519	651	635	690	744	363	486	585	710	626	374	549	499	740	517	698	427	671	798	302	424	361	355	462	0	756	488	706	687	640	521	661	644	616	407	761	667	315	584	331	643	452	482	610	599	719	542	486	
363	738	515	763	559	585	768	713	616	774	499	498	601	542	788	518	593	619	759	462	607	404	379	509	701	755	382	653	594	604	675	388	677	337	746	548	431	756	0	702	374	557	650	446	579	559	713	384	339	723	736	359	512	432	538	369	524	675	457	653	610	
610	600	602	500	742	750	302	768	731	552	504	353	706	311	339	313	781	302	520	447	307	751	740	613	637	556	370	761	454	641	692	382	396	434	642	493	335	488	702	0	353	328	535	653	373	787	581	382	798	473	711	484	779	359	544	339	483	336	737	389	473	
679	511	729	327	665	358	774	670	478	578	474	352	739	521	619	516	577	494	360	724	603	327	496	759	377	572	335	750	774	572	732	364	642	778	388	371	748	706	374	353	0	582	708	597	775	746	693	780	362	753	420	737	494	470	420	591	375	702	450	514	797	
526	425	617	453	357	608	548	425	720	799	724	775	431	700	374	790	396	392	357	404	548	328	373	331	324	416	770	608	697	336	370	741	465	550	731	702	405	687	557	328	582	0	541	457	363	746	621	424	390	466	649	693	762	456	540	559	794	501	795	341	507	
783	544	307	761	392	654	790	732	733	400	667	689	527	565	388	302	439	331	500	649	580	636	317	733	486	617	662	531	724	706	661	512	484	681	554	595	325	640	650	535	708	541	0	360	748	793	453	709	612	421	702	343	300	500	366	708	426	600	721	501	753	
500	538	535	329	348	349	314	364	650	322	347	375	400	507	536	794	456	334	323	437	770	483	798	471	705	561	365	718	441	498	470	742	764	505	670	796	541	521	446	653	597	457	360	0	399	389	716	390	508	489	319	494	637	316	333	519	433	712	408	408	490	
410	755	427	307	529	797	554	430	561	588	688	767	419	529	499	522	437	709	761	412	782	350	641	592	370	490	541	567	460	795	505	541	477	797	613	772	409	661	579	373	775	363	748	399	0	492	527	701	661	681	478	508	383	490	408	419	703	414	766	571	308	
614	499	415	735	476	799	327	614	483	588	662	503	354	384	583	336	501	460	790	752	664	320	528	711	385	667	704	459	373	423	422	788	711	616	527	461	797	644	559	787	746	746	793	389	492	0	674	625	554	536	748	710	714	463	331	341	628	556	624	483	483	
771	732	316	382	431	726	498	303	316	416	496	564	682	698	599	499	545	734	779	729	432	496	692	354	647	742	666	592	504	747	584	692	665	305	509	520	681	616	713	581	693	621	453	716	527	674	0	371	665	774	372	381	746	796	762	733	612	574	675	583	575	
636	433	689	389	374	648	658	357	746	330	642	647	300	423	433	549	688	589	795	403	447	631	618	536	657	472	739	546	373	714	668	420	397	510	615	557	759	407	384	382	780	424	709	390	701	625	371	0	692	628	577	377	357	525	628	700	493	679	620	781	411	
645	725	676	496	751	746	708	530	388	751	600	631	541	619	773	468	743	697	496	779	561	651	696	577	654	445	499	582	506	431	421	587	431	707	431	501	607	761	339	798	362	390	612	508	661	554	665	692	0	465	759	426	760	468	789	605	713	686	452	539	344	
705	605	475	715	513	670	724	708	593	307	616	671	648	664	603	565	726	556	421	425	488	438	377	539	435	335	306	432	352	429	430	579	588	449	394	543	364	667	723	473	753	466	421	489	681	536	774	628	465	0	728	649	517	748	528	488	465	617	510	659	461	
433	648	618	546	429	608	793	758	429	588	423	333	465	544	605	603	735	393	502	305	434	475	356	670	781	664	306	309	635	375	502	316	619	472	676	509	482	315	736	711	420	649	702	319	478	748	372	577	759	728	0	455	719	458	547	651	445	300	511	375	634	
677	420	351	335	760	333	569	497	599	366	675	726	541	675	431	683	675	582	580	774	784	625	555	406	558	744	581	494	497	597	505	566	792	455	514	759	775	584	359	484	737	693	343	494	508	710	381	377	426	649	455	0	363	314	708	434	415	591	559	626	336	
443	372	501	491	376	738	551	524	365	671	507	319	432	716	359	687	380	750	334	744	376	576	696	675	400	546	399	575	571	537	409	553	357	699	358	312	330	331	512	779	494	762	300	637	383	714	746	357	760	517	719	363	0	653	414	540	691	351	301	696	321	
310	332	438	702	349	626	726	319	487	577	731	770	324	619	367	449	766	415	433	693	478	533	632	341	453	557	520	576	511	772	781	439	581	655	385	685	742	643	432	359	470	456	500	316	490	463	796	525	468	748	458	314	653	0	482	645	638	538	740	346	526	
414	706	639	585	534	446	429	352	321	600	391	625	638	654	333	697	496	460	354	446	790	351	729	746	511	477	717	611	343	750	720	581	659	628	799	350	302	452	538	544	420	540	366	333	408	331	762	628	789	528	547	708	414	482	0	351	520	652	629	482	347	
492	773	733	642	616	689	538	525	385	692	404	643	619	352	688	471	512	365	387	377	579	631	772	392	370	771	731	443	651	784	371	698	578	441	552	697	612	482	369	339	591	559	708	519	419	341	733	700	605	488	651	434	540	645	351	0	400	679	691	702	334	
428	308	511	474	700	669	306	322	332	555	739	319	736	792	697	769	762	759	487	544	381	727	384	359	729	672	748	559	718	725	560	621	359	334	708	338	498	610	524	483	375	794	426	433	703	628	612	493	713	465	445	415	691	638	520	400	0	581	446	648	372	
322	337	715	495	316	320	728	620	643	433	346	300	433	528	447	714	336	506	441	491	687	557	560	664	614	573	582	313	724	705	618	747	330	376	721	708	684	599	675	336	702	501	600	712	414	556	574	679	686	617	300	591	351	538	652	679	581	0	760	778	521	
669	785	360	542	471	489	413	420	441	696	313	463	510	332	601	696	605	564	608	327	726	335	438	765	674	589	328	721	395	598	460	548	683	486	469	457	799	719	457	737	450	795	721	408	766	624	675	620	452	510	511	559	301	740	629	691	446	760	0	635	784	
344	622	654	746	476	421	662	769	388	396	534	485	454	592	680	373	427	732	704	425	651	583	385	678	675	646	571	642	524	385	351	736	501	780	681	526	586	542	653	389	514	341	501	408	571	483	583	781	539	659	375	626	696	346	482	702	648	778	635	0	569	
717	527	422	744	338	506	495	390	312	624	378	419	771	550	505	563	759	548	488	344	381	547	322	327	562	316	634	511	602	583	778	664	413	583	326	507	440	486	610	473	797	507	753	490	308	483	575	411	344	461	634	336	321	526	347	334	372	521	784	569	0	
etats
Id_Station	Poids W	Min (P)	WSPT	Priorité	
1	3	300	33,33	1	
2	1	300	33,33	2	
3	6	302	33,56	3	
4	2	304	33,78	4	
5	1	312	34,67	5	
6	4	314	34,89	6	
7	1	301	37,63	7	
8	5	303	37,88	8	
9	8	306	38,25	9	
10	4	313	39,13	10	
11	9	313	39,13	11	
12	1	322	40,25	12	
13	5	301	43,00	13	
14	6	302	43,14	14	
15	2	303	43,29	15	
16	2	303	43,29	16	
17	9	303	43,29	17	
18	4	305	43,57	18	
19	1	307	43,86	19	
20	2	320	45,71	20	
21	9	302	50,33	21	
22	2	302	50,33	22	
23	3	302	50,33	23	
24	2	304	50,67	24	
25	2	305	50,83	25	
26	5	316	52,67	26	
27	2	338	56,33	27	
28	1	302	60,40	28	
29	5	304	60,80	29	
30	2	313	62,60	30	
31	7	314	62,80	31	
32	7	302	75,50	32	
33	8	302	75,50	33	
34	1	302	75,50	34	
35	2	307	76,75	35	
36	8	310	77,50	36	
37	1	310	77,50	37	
38	8	316	79,00	38	
39	1	300	100,00	39	
40	9	301	100,33	40	
41	9	303	101,00	41	
42	9	309	103,00	42	
43	4	314	104,67	43	
44	4	315	105,00	44	
45	2	301	150,50	45	
46	6	301	150,50	46	
47	1	302	151,00	47	
48	1	302	151,00	48	
49	4	302	151,00	49	
50	8	303	151,50	50	
51	1	303	151,50	51	
52	5	331	165,50	52	
53	4	300	300,00	53	
54	9	301	301,00	54	
55	7	303	303,00	55	
56	7	303	303,00	56	
57	4	305	305,00	57	
58	3	305	305,00	58	
59	6	306	306,00	59	
60	1	317	317,00	60	
