distances
0	490	316	437	384	601	515	648	504	303	781	308	610	522	724	552	555	477	318	714	609	670	523	741	362	471	388	747	616	762	650	333	335	394	488	355	455	682	726	538	538	782	683	675	777	538	391	728	355	775	639	470	643	557	381	416	553	708	445	684	376	
490	0	752	457	667	689	478	353	514	586	771	455	770	764	481	631	733	500	665	565	372	455	495	574	624	591	549	605	797	637	379	432	790	596	530	632	312	581	489	732	321	717	467	766	660	301	603	672	654	332	477	396	496	312	797	687	350	538	374	609	704	
316	752	0	454	640	430	543	397	541	491	673	798	784	353	577	317	669	563	798	744	740	632	316	600	595	500	776	611	609	634	533	434	381	719	435	630	683	631	713	639	489	384	556	380	675	508	341	715	493	555	679	747	579	558	503	388	400	701	371	418	734	
437	457	454	0	774	566	544	645	710	749	639	422	714	310	583	438	427	412	480	469	357	385	689	690	345	329	300	473	569	684	755	743	326	760	619	609	429	461	532	638	633	521	598	404	320	421	579	605	431	319	419	782	560	382	447	577	733	359	785	416	485	
384	667	640	774	0	561	415	458	767	433	703	697	427	645	639	452	483	339	588	339	706	377	365	416	556	744	457	671	721	609	564	724	766	575	346	733	621	721	751	546	330	726	651	586	566	535	645	510	510	549	346	542	548	367	507	574	595	400	306	387	643	
601	689	430	566	561	0	637	472	427	765	770	389	634	488	335	755	696	368	333	354	321	505	714	714	451	300	756	374	704	380	742	522	601	519	688	694	721	707	452	644	367	491	637	413	519	403	427	424	483	596	640	597	710	661	441	642	542	607	586	597	535	
515	478	543	544	415	637	0	765	591	739	745	573	698	754	631	364	514	421	693	455	503	766	625	568	309	503	358	739	699	609	757	316	498	733	602	641	532	576	533	405	451	420	316	427	747	751	327	597	400	569	371	325	540	446	402	773	782	458	643	692	712	
648	353	397	645	458	472	765	0	494	472	537	380	446	442	403	536	591	640	413	678	545	780	536	335	544	619	353	315	420	405	680	393	310	721	798	774	749	428	776	706	305	684	756	408	739	400	573	634	459	421	784	316	716	371	399	712	703	512	688	749	304	
504	514	541	710	767	427	591	494	0	634	309	587	333	508	641	795	603	418	784	437	314	582	539	487	421	696	703	390	398	373	318	692	741	305	745	387	301	565	661	592	311	547	559	777	422	379	759	382	496	617	369	613	791	402	579	676	659	705	462	437	653	
303	586	491	749	433	765	739	472	634	0	329	302	796	392	757	636	315	583	519	313	419	590	582	645	561	669	446	521	581	471	709	456	478	685	523	349	506	512	706	597	747	587	653	696	503	772	406	512	717	464	360	453	794	361	693	368	780	752	698	567	553	
781	771	673	639	703	770	745	537	309	329	0	404	426	783	475	427	695	747	329	313	705	395	423	692	369	484	619	385	647	310	455	409	345	512	721	358	755	324	482	793	639	437	585	561	438	767	466	585	319	387	406	534	710	543	608	726	418	608	711	792	303	
308	455	798	422	697	389	573	380	587	302	404	0	791	434	723	368	401	512	592	371	677	366	786	735	511	640	601	485	365	764	548	540	753	667	662	787	569	798	470	507	538	735	314	597	616	644	727	723	703	545	777	794	440	557	526	314	611	423	409	701	428	
610	770	784	714	427	634	698	446	333	796	426	791	0	455	706	520	419	491	602	650	692	473	651	525	535	317	595	750	747	591	447	517	571	785	398	538	456	504	702	448	638	643	583	324	402	520	314	562	716	345	653	641	563	459	303	731	339	568	523	649	683	
522	764	353	310	645	488	754	442	508	392	783	434	455	0	496	590	501	491	389	620	486	595	721	502	738	418	434	656	554	701	384	740	779	725	321	525	516	747	518	611	492	700	748	592	353	543	454	305	704	400	570	577	799	656	471	575	304	520	567	310	766	
724	481	577	583	639	335	631	403	641	757	475	723	706	496	0	669	413	668	444	739	349	406	585	398	700	384	794	664	350	376	785	664	432	695	768	453	570	773	315	737	595	498	382	469	509	427	386	710	680	768	358	644	379	411	649	757	635	665	376	453	302	
552	631	317	438	452	755	364	536	795	636	427	368	520	590	669	0	763	461	782	404	706	520	651	705	501	749	469	755	668	322	775	406	571	549	318	649	342	686	508	462	642	599	721	381	337	535	737	735	579	362	614	462	643	568	551	604	438	670	555	502	656	
555	733	669	427	483	696	514	591	603	315	695	401	419	501	413	763	0	687	345	688	607	502	715	489	429	547	444	715	736	462	747	512	433	732	795	369	574	307	777	752	435	504	324	666	754	497	749	343	690	733	339	519	330	673	305	400	774	541	494	652	365	
477	500	563	412	339	368	421	640	418	583	747	512	491	491	668	461	687	0	575	330	600	547	633	634	735	741	339	560	574	575	320	366	688	694	445	397	443	597	375	534	697	682	609	420	715	481	414	321	411	418	481	562	601	777	348	396	465	539	540	621	661	
318	665	798	480	588	333	693	413	784	519	329	592	602	389	444	782	345	575	0	721	663	515	738	553	793	724	689	523	400	435	313	753	739	380	765	568	379	679	770	442	691	610	396	703	746	611	447	750	555	533	323	551	388	697	571	656	491	397	562	796	367	
714	565	744	469	339	354	455	678	437	313	313	371	650	620	739	404	688	330	721	0	741	674	428	759	342	656	767	776	562	418	318	545	712	626	356	572	496	552	509	787	618	522	596	795	630	444	691	348	419	513	322	445	569	444	698	771	667	794	476	711	408	
609	372	740	357	706	321	503	545	314	419	705	677	692	486	349	706	607	600	663	741	0	428	614	607	783	604	763	519	633	711	688	643	755	437	302	683	587	384	447	353	702	790	527	458	693	367	370	564	358	461	737	410	749	636	447	488	722	447	669	476	798	
670	455	632	385	377	505	766	780	582	590	395	366	473	595	406	520	502	547	515	674	428	0	478	645	437	585	748	770	407	724	518	337	663	606	458	512	701	628	585	679	380	778	753	404	551	521	593	351	634	662	475	785	302	614	798	731	681	505	740	537	362	
523	495	316	689	365	714	625	536	539	582	423	786	651	721	585	651	715	633	738	428	614	478	0	570	566	577	731	775	611	605	763	445	310	532	533	590	751	459	750	662	474	586	750	632	408	510	527	628	595	682	691	634	599	593	780	702	735	746	557	547	782	
741	574	600	690	416	714	568	335	487	645	692	735	525	502	398	705	489	634	553	759	607	645	570	0	472	750	316	582	408	788	769	538	336	306	310	321	351	531	549	791	463	343	423	303	378	718	589	748	361	654	682	713	368	319	321	396	646	616	392	620	342	
362	624	595	345	556	451	309	544	421	561	369	511	535	738	700	501	429	735	793	342	783	437	566	472	0	431	334	636	387	701	759	400	344	763	597	451	354	696	475	768	331	474	528	625	451	421	756	779	699	303	344	464	737	336	717	429	423	338	304	795	678	
471	591	500	329	744	300	503	619	696	669	484	640	317	418	384	749	547	741	724	656	604	585	577	750	431	0	601	548	686	378	778	703	690	607	466	624	625	707	387	314	348	733	696	402	349	463	686	664	564	590	560	787	304	437	560	534	467	703	445	723	582	
388	549	776	300	457	756	358	353	703	446	619	601	595	434	794	469	444	339	689	767	763	748	731	316	334	601	0	794	552	321	344	547	367	762	710	373	302	689	761	350	525	774	455	367	494	611	567	406	718	777	338	586	562	534	789	478	571	548	567	481	698	
747	605	611	473	671	374	739	315	390	521	385	485	750	656	664	755	715	560	523	776	519	770	775	582	636	548	794	0	385	556	559	408	559	388	712	383	442	687	693	769	506	773	497	501	330	623	662	631	613	594	583	422	607	641	330	723	525	725	654	663	426	
616	797	609	569	721	704	699	420	398	581	647	365	747	554	350	668	736	574	400	562	633	407	611	408	387	686	552	385	0	317	651	590	741	711	478	668	742	534	302	612	623	639	696	336	348	571	751	519	418	337	645	757	422	591	302	382	682	370	350	762	442	
762	637	634	684	609	380	609	405	373	471	310	764	591	701	376	322	462	575	435	418	711	724	605	788	701	378	321	556	317	0	335	324	443	735	750	377	775	759	563	747	385	557	572	492	546	590	658	466	517	424	383	383	750	337	686	612	421	605	444	437	311	
650	379	533	755	564	742	757	680	318	709	455	548	447	384	785	775	747	320	313	318	688	518	763	769	759	778	344	559	651	335	0	319	377	423	329	598	683	510	777	371	492	621	440	514	340	759	380	783	631	331	391	574	389	499	707	379	762	743	395	727	759	
333	432	434	743	724	522	316	393	692	456	409	540	517	740	664	406	512	366	753	545	643	337	445	538	400	703	547	408	590	324	319	0	633	324	596	423	502	700	610	488	403	442	745	479	402	518	341	357	793	553	554	581	573	691	682	792	522	794	320	380	681	
335	790	381	326	766	601	498	310	741	478	345	753	571	779	432	571	433	688	739	712	755	663	310	336	344	690	367	559	741	443	377	633	0	580	649	434	645	707	635	640	592	759	480	796	339	469	500	610	784	679	371	425	482	458	649	699	491	617	303	718	478	
394	596	719	760	575	519	733	721	305	685	512	667	785	725	695	549	732	694	380	626	437	606	532	306	763	607	762	388	711	735	423	324	580	0	515	483	389	762	612	506	375	331	356	315	507	355	410	411	634	480	791	565	623	649	591	783	422	474	644	384	659	
488	530	435	619	346	688	602	798	745	523	721	662	398	321	768	318	795	445	765	356	302	458	533	310	597	466	710	712	478	750	329	596	649	515	0	680	566	361	659	635	774	340	662	331	411	442	794	308	435	433	432	656	376	652	743	625	582	681	771	628	375	
355	632	630	609	733	694	641	774	387	349	358	787	538	525	453	649	369	397	568	572	683	512	590	321	451	624	373	383	668	377	598	423	434	483	680	0	690	633	676	649	361	590	605	663	302	358	581	403	692	396	379	502	773	706	698	640	637	352	336	475	747	
455	312	683	429	621	721	532	749	301	506	755	569	456	516	570	342	574	443	379	496	587	701	751	351	354	625	302	442	742	775	683	502	645	389	566	690	0	410	510	545	768	588	615	422	393	566	718	445	552	683	627	780	688	674	733	581	324	389	782	613	719	
682	581	631	461	721	707	576	428	565	512	324	798	504	747	773	686	307	597	679	552	384	628	459	531	696	707	689	687	534	759	510	700	707	762	361	633	410	0	397	689	562	571	532	327	321	585	716	503	447	798	651	523	459	366	653	502	461	718	415	540	724	
726	489	713	532	751	452	533	776	661	706	482	470	702	518	315	508	777	375	770	509	447	585	750	549	475	387	761	693	302	563	777	610	635	612	659	676	510	397	0	686	498	797	501	464	473	516	555	469	726	744	346	486	445	524	400	303	790	760	611	301	440	
538	732	639	638	546	644	405	706	592	597	793	507	448	611	737	462	752	534	442	787	353	679	662	791	768	314	350	769	612	747	371	488	640	506	635	649	545	689	686	0	372	386	729	388	620	744	496	378	749	590	735	657	625	584	668	672	525	665	329	700	797	
538	321	489	633	330	367	451	305	311	747	639	538	638	492	595	642	435	697	691	618	702	380	474	463	331	348	525	506	623	385	492	403	592	375	774	361	768	562	498	372	0	497	515	425	659	654	650	584	314	769	471	610	743	788	413	672	384	741	569	340	606	
782	717	384	521	726	491	420	684	547	587	437	735	643	700	498	599	504	682	610	522	790	778	586	343	474	733	774	773	639	557	621	442	759	331	340	590	588	571	797	386	497	0	379	782	608	498	763	459	581	369	578	700	356	563	443	599	779	789	783	636	706	
683	467	556	598	651	637	316	756	559	653	585	314	583	748	382	721	324	609	396	596	527	753	750	423	528	696	455	497	696	572	440	745	480	356	662	605	615	532	501	729	515	379	0	328	566	357	403	784	677	308	734	307	506	711	635	592	443	634	664	415	463	
675	766	380	404	586	413	427	408	777	696	561	597	324	592	469	381	666	420	703	795	458	404	632	303	625	402	367	501	336	492	514	479	796	315	331	663	422	327	464	388	425	782	328	0	669	747	527	632	452	687	564	454	564	347	732	778	577	670	734	523	651	
777	660	675	320	566	519	747	739	422	503	438	616	402	353	509	337	754	715	746	630	693	551	408	378	451	349	494	330	348	546	340	402	339	507	411	302	393	321	473	620	659	608	566	669	0	585	352	529	728	592	577	506	641	483	783	758	712	561	792	782	701	
538	301	508	421	535	403	751	400	379	772	767	644	520	543	427	535	497	481	611	444	367	521	510	718	421	463	611	623	571	590	759	518	469	355	442	358	566	585	516	744	654	498	357	747	585	0	380	476	730	555	404	325	405	478	735	791	590	733	324	349	527	
391	603	341	579	645	427	327	573	759	406	466	727	314	454	386	737	749	414	447	691	370	593	527	589	756	686	567	662	751	658	380	341	500	410	794	581	718	716	555	496	650	763	403	527	352	380	0	502	575	552	350	534	510	525	686	380	764	620	531	784	717	
728	672	715	605	510	424	597	634	382	512	585	723	562	305	710	735	343	321	750	348	564	351	628	748	779	664	406	631	519	466	783	357	610	411	308	403	445	503	469	378	584	459	784	632	529	476	502	0	673	448	794	363	339	578	608	675	553	541	719	521	580	
355	654	493	431	510	483	400	459	496	717	319	703	716	704	680	579	690	411	555	419	358	634	595	361	699	564	718	613	418	517	631	793	784	634	435	692	552	447	726	749	314	581	677	452	728	730	575	673	0	524	568	758	329	324	673	440	731	356	518	459	718	
775	332	555	319	549	596	569	421	617	464	387	545	345	400	768	362	733	418	533	513	461	662	682	654	303	590	777	594	337	424	331	553	679	480	433	396	683	798	744	590	769	369	308	687	592	555	552	448	524	0	533	335	715	436	724	681	408	741	772	546	666	
639	477	679	419	346	640	371	784	369	360	406	777	653	570	358	614	339	481	323	322	737	475	691	682	344	560	338	583	645	383	391	554	371	791	432	379	627	651	346	735	471	578	734	564	577	404	350	794	568	533	0	467	562	325	778	383	782	351	455	519	431	
470	396	747	782	542	597	325	316	613	453	534	794	641	577	644	462	519	562	551	445	410	785	634	713	464	787	586	422	757	383	574	581	425	565	656	502	780	523	486	657	610	700	307	454	506	325	534	363	758	335	467	0	732	717	306	338	618	612	346	405	699	
643	496	579	560	548	710	540	716	791	794	710	440	563	799	379	643	330	601	388	569	749	302	599	368	737	304	562	607	422	750	389	573	482	623	376	773	688	459	445	625	743	356	506	564	641	405	510	339	329	715	562	732	0	633	582	330	792	594	591	606	472	
557	312	558	382	367	661	446	371	402	361	543	557	459	656	411	568	673	777	697	444	636	614	593	319	336	437	534	641	591	337	499	691	458	649	652	706	674	366	524	584	788	563	711	347	483	478	525	578	324	436	325	717	633	0	764	436	697	703	605	694	623	
381	797	503	447	507	441	402	399	579	693	608	526	303	471	649	551	305	348	571	698	447	798	780	321	717	560	789	330	302	686	707	682	649	591	743	698	733	653	400	668	413	443	635	732	783	735	686	608	673	724	778	306	582	764	0	585	438	588	458	596	377	
416	687	388	577	574	642	773	712	676	368	726	314	731	575	757	604	400	396	656	771	488	731	702	396	429	534	478	723	382	612	379	792	699	783	625	640	581	502	303	672	672	599	592	778	758	791	380	675	440	681	383	338	330	436	585	0	660	452	517	417	527	
553	350	400	733	595	542	782	703	659	780	418	611	339	304	635	438	774	465	491	667	722	681	735	646	423	467	571	525	682	421	762	522	491	422	582	637	324	461	790	525	384	779	443	577	712	590	764	553	731	408	782	618	792	697	438	660	0	580	738	336	579	
708	538	701	359	400	607	458	512	705	752	608	423	568	520	665	670	541	539	397	794	447	505	746	616	338	703	548	725	370	605	743	794	617	474	681	352	389	718	760	665	741	789	634	670	561	733	620	541	356	741	351	612	594	703	588	452	580	0	588	582	664	
445	374	371	785	306	586	643	688	462	698	711	409	523	567	376	555	494	540	562	476	669	740	557	392	304	445	567	654	350	444	395	320	303	644	771	336	782	415	611	329	569	783	664	734	792	324	531	719	518	772	455	346	591	605	458	517	738	588	0	550	406	
684	609	418	416	387	597	692	749	437	567	792	701	649	310	453	502	652	621	796	711	476	537	547	620	795	723	481	663	762	437	727	380	718	384	628	475	613	540	301	700	340	636	415	523	782	349	784	521	459	546	519	405	606	694	596	417	336	582	550	0	335	
376	704	734	485	643	535	712	304	653	553	303	428	683	766	302	656	365	661	367	408	798	362	782	342	678	582	698	426	442	311	759	681	478	659	375	747	719	724	440	797	606	706	463	651	701	527	717	580	718	666	431	699	472	623	377	527	579	664	406	335	0	
etats
Id_Station	Poids W	Min (P)	WSPT	Priorité	
1	1	305	33,89	1	
2	6	305	33,89	2	
3	9	305	33,89	3	
4	8	307	34,11	4	
5	3	308	34,22	5	
6	3	310	34,44	6	
7	6	316	35,11	7	
8	2	316	35,11	8	
9	4	337	37,44	9	
10	3	301	37,63	10	
11	7	304	38,00	11	
12	2	310	38,75	12	
13	5	316	39,50	13	
14	4	302	43,14	14	
15	1	303	43,29	15	
16	1	306	43,71	16	
17	7	308	44,00	17	
18	5	308	44,00	18	
19	8	310	44,29	19	
20	5	305	50,83	20	
21	9	307	51,17	21	
22	4	316	52,67	22	
23	1	325	54,17	23	
24	7	302	60,40	24	
25	1	303	60,60	25	
26	9	303	60,60	26	
27	3	307	61,40	27	
28	6	310	62,00	28	
29	4	324	64,80	29	
30	8	302	75,50	30	
31	4	305	76,25	31	
32	1	306	76,50	32	
33	1	313	78,25	33	
34	2	315	78,75	34	
35	2	315	78,75	35	
36	7	315	78,75	36	
37	7	326	81,50	37	
38	2	300	100,00	38	
39	5	300	100,00	39	
40	6	310	103,33	40	
41	2	311	103,67	41	
42	4	348	116,00	42	
43	2	300	150,00	43	
44	4	301	150,50	44	
45	3	302	151,00	45	
46	3	305	152,50	46	
47	7	308	154,00	47	
48	9	308	154,00	48	
49	7	312	156,00	49	
50	8	302	302,00	50	
51	1	304	304,00	51	
52	6	304	304,00	52	
53	9	306	306,00	53	
54	6	307	307,00	54	
55	8	307	307,00	55	
56	9	308	308,00	56	
57	6	311	311,00	57	
58	7	312	312,00	58	
59	8	314	314,00	59	
60	2	316	316,00	60	

