distances
0	430	652	827	821	607	649	859	459	709	877	831	487	532	768	508	530	308	886	347	753	353	390	448	661	669	313	890	555	512	589	725	462	753	575	543	523	776	445	462	876	789	791	835	720	506	897	641	360	669	583	732	785	726	715	668	350	842	416	742	667	
430	0	897	637	691	491	467	874	534	787	456	539	517	308	386	483	708	463	645	300	465	648	881	560	645	589	550	466	833	843	314	305	777	643	438	895	512	893	520	332	677	632	648	602	492	875	792	721	448	414	810	427	541	578	461	464	453	875	360	549	799	
652	897	0	533	617	383	581	707	469	414	686	591	417	403	733	404	390	887	672	706	808	787	328	578	315	442	510	354	753	652	688	820	792	600	841	476	343	802	322	865	513	597	770	388	795	507	847	754	800	405	457	574	440	787	564	642	895	853	892	837	819	
827	637	533	0	713	403	304	653	703	378	346	672	812	556	352	520	387	740	364	551	485	854	316	729	496	470	649	674	839	714	422	397	567	484	379	872	633	353	598	752	497	867	431	469	722	861	384	535	652	763	319	401	809	312	402	664	613	482	424	701	586	
821	691	617	713	0	302	328	872	856	788	328	433	300	627	668	364	519	716	841	839	362	833	349	848	674	749	805	640	586	318	749	791	644	502	858	579	669	333	877	881	635	560	351	782	498	468	646	752	506	393	772	547	644	541	561	519	858	622	498	821	447	
607	491	383	403	302	0	461	749	622	366	466	453	323	453	368	621	448	881	509	745	710	801	565	653	437	503	433	352	424	337	469	319	516	485	790	892	326	875	615	826	645	757	585	535	599	625	625	380	661	604	340	504	726	517	680	355	678	867	889	300	792	
649	467	581	304	328	461	0	675	671	605	406	708	341	517	673	645	447	417	586	874	590	565	451	739	693	760	326	551	788	516	801	838	439	873	446	866	682	679	790	456	469	648	594	700	437	738	413	854	842	834	541	397	612	763	399	310	356	716	484	506	806	
859	874	707	653	872	749	675	0	534	836	347	718	592	555	548	333	786	772	541	690	771	755	855	324	825	439	709	735	426	489	383	885	521	559	409	562	762	453	354	756	345	716	428	711	824	352	492	404	477	685	747	463	594	386	545	733	680	890	657	471	892	
459	534	469	703	856	622	671	534	0	505	360	360	479	518	638	655	658	897	607	459	376	528	827	628	315	420	339	785	550	836	818	488	539	539	502	639	837	833	849	870	406	756	644	852	379	421	556	478	418	336	497	715	709	712	323	421	511	354	499	497	320	
709	787	414	378	788	366	605	836	505	0	875	360	580	453	849	580	395	768	307	820	348	663	403	544	732	728	719	454	686	464	565	530	363	609	819	566	346	551	301	566	548	335	309	869	765	331	773	848	493	585	546	694	372	661	420	657	649	750	699	392	622	
877	456	686	346	328	466	406	347	360	875	0	624	788	459	535	335	531	645	689	635	526	561	701	702	554	380	823	437	605	306	576	775	597	474	805	812	883	312	509	407	847	457	494	856	845	481	829	354	544	812	817	755	519	633	589	398	375	762	651	371	345	
831	539	591	672	433	453	708	718	360	360	624	0	749	557	781	451	849	598	659	733	896	434	899	563	662	338	793	884	380	716	330	633	427	335	721	757	778	422	898	498	350	747	609	492	472	839	375	448	312	530	353	600	340	771	433	456	603	482	896	874	665	
487	517	417	812	300	323	341	592	479	580	788	749	0	462	333	576	477	885	440	387	398	575	463	898	740	478	312	630	487	791	494	836	317	431	333	440	820	886	741	380	415	621	455	862	838	835	713	817	527	303	405	791	421	799	622	611	518	373	524	724	438	
532	308	403	556	627	453	517	555	518	453	459	557	462	0	642	445	827	601	482	444	868	451	339	710	321	711	755	564	834	355	359	877	351	300	653	791	526	417	442	872	369	354	711	623	631	847	427	544	708	860	862	878	511	568	332	780	706	780	626	676	843	
768	386	733	352	668	368	673	548	638	849	535	781	333	642	0	592	708	761	883	856	464	716	517	791	778	583	724	855	717	675	448	337	581	611	858	392	547	720	819	643	378	520	882	485	861	742	821	667	845	417	492	816	881	520	800	318	454	788	332	819	722	
508	483	404	520	364	621	645	333	655	580	335	451	576	445	592	0	470	566	627	752	681	724	748	447	720	603	724	678	463	819	837	309	867	774	703	774	527	758	373	477	484	639	459	707	857	475	478	503	845	796	813	639	488	554	545	522	737	523	559	575	525	
530	708	390	387	519	448	447	786	658	395	531	849	477	827	708	470	0	720	367	600	682	437	387	582	700	448	336	301	668	326	582	690	528	880	639	309	682	569	423	342	573	649	474	515	481	677	358	718	776	434	759	307	880	441	512	651	311	332	609	564	721	
308	463	887	740	716	881	417	772	897	768	645	598	885	601	761	566	720	0	543	362	565	425	439	384	875	365	379	324	363	320	770	664	857	737	830	818	331	537	675	453	493	498	425	771	696	711	484	709	501	816	845	804	750	479	574	856	898	755	307	806	483	
886	645	672	364	841	509	586	541	607	307	689	659	440	482	883	627	367	543	0	863	310	831	345	856	457	661	333	494	366	750	811	892	604	313	733	593	520	384	382	857	476	897	361	744	729	601	620	729	301	314	593	772	303	821	785	601	820	576	433	308	317	
347	300	706	551	839	745	874	690	459	820	635	733	387	444	856	752	600	362	863	0	658	850	518	884	472	836	443	425	832	585	483	675	774	844	636	491	826	767	658	513	813	377	658	311	497	700	848	347	448	561	387	825	847	820	538	488	405	514	359	743	655	
753	465	808	485	362	710	590	771	376	348	526	896	398	868	464	681	682	565	310	658	0	527	413	317	665	717	480	363	693	727	870	603	887	325	528	457	674	735	867	493	326	741	821	873	450	309	503	757	419	510	389	588	535	766	859	684	745	417	422	752	747	
353	648	787	854	833	801	565	755	528	663	561	434	575	451	716	724	437	425	831	850	527	0	519	730	662	556	874	320	777	609	850	364	773	645	533	546	896	335	544	812	740	818	877	516	863	719	591	493	481	555	317	820	570	312	724	534	865	365	380	706	539	
390	881	328	316	349	565	451	855	827	403	701	899	463	339	517	748	387	439	345	518	413	519	0	718	445	590	491	741	805	891	516	629	432	505	754	654	418	319	898	480	773	769	400	473	761	604	640	828	758	490	498	361	466	721	647	345	647	701	488	648	735	
448	560	578	729	848	653	739	324	628	544	702	563	898	710	791	447	582	384	856	884	317	730	718	0	794	491	356	399	531	384	392	393	649	850	504	594	635	800	324	352	698	430	451	804	514	886	315	799	514	624	449	766	676	751	306	338	831	837	575	469	637	
661	645	315	496	674	437	693	825	315	732	554	662	740	321	778	720	700	875	457	472	665	662	445	794	0	890	539	411	394	635	725	401	875	507	453	386	815	328	567	597	436	534	364	319	550	563	474	332	386	587	699	837	495	605	689	460	740	574	558	574	763	
669	589	442	470	749	503	760	439	420	728	380	338	478	711	583	603	448	365	661	836	717	556	590	491	890	0	423	434	886	839	773	697	642	595	681	507	527	854	650	778	498	392	845	658	435	389	717	523	348	709	633	691	777	365	841	723	414	775	868	700	405	
313	550	510	649	805	433	326	709	339	719	823	793	312	755	724	724	336	379	333	443	480	874	491	356	539	423	0	570	664	864	497	844	817	857	773	705	874	861	466	317	791	692	577	652	758	309	616	322	683	459	330	640	456	765	668	339	728	552	655	856	765	
890	466	354	674	640	352	551	735	785	454	437	884	630	564	855	678	301	324	494	425	363	320	741	399	411	434	570	0	750	874	344	846	306	735	716	631	320	370	556	312	707	482	777	771	433	860	801	615	739	377	466	308	376	891	551	804	345	496	467	880	317	
555	833	753	839	586	424	788	426	550	686	605	380	487	834	717	463	668	363	366	832	693	777	805	531	394	886	664	750	0	823	844	332	807	432	774	831	417	657	497	746	608	809	324	517	496	544	637	666	629	336	886	316	691	733	389	396	804	672	439	580	413	
512	843	652	714	318	337	516	489	836	464	306	716	791	355	675	819	326	320	750	585	727	609	891	384	635	839	864	874	823	0	872	801	675	768	779	651	500	412	609	711	507	845	420	839	551	580	876	630	800	350	419	306	470	702	774	332	679	849	442	523	551	
589	314	688	422	749	469	801	383	818	565	576	330	494	359	448	837	582	770	811	483	870	850	516	392	725	773	497	344	844	872	0	774	337	359	864	767	398	348	484	563	838	397	895	438	386	652	413	581	432	526	826	538	610	446	305	889	463	676	359	597	376	
725	305	820	397	791	319	838	885	488	530	775	633	836	877	337	309	690	664	892	675	603	364	629	393	401	697	844	846	332	801	774	0	473	516	864	482	342	341	569	609	417	512	554	730	605	373	337	432	743	373	837	868	606	764	557	669	408	606	740	811	881	
462	777	792	567	644	516	439	521	539	363	597	427	317	351	581	867	528	857	604	774	887	773	432	649	875	642	817	306	807	675	337	473	0	528	795	800	855	684	409	868	809	856	876	361	645	472	408	560	407	463	700	643	815	348	772	581	324	311	728	637	456	
753	643	600	484	502	485	873	559	539	609	474	335	431	300	611	774	880	737	313	844	325	645	505	850	507	595	857	735	432	768	359	516	528	0	674	854	711	637	637	844	404	512	368	300	812	865	639	562	336	696	301	717	769	396	607	383	632	474	324	301	823	
575	438	841	379	858	790	446	409	502	819	805	721	333	653	858	703	639	830	733	636	528	533	754	504	453	681	773	716	774	779	864	864	795	674	0	839	498	690	308	341	676	742	660	649	637	301	894	896	644	770	576	493	527	395	306	396	365	367	306	623	451	
543	895	476	872	579	892	866	562	639	566	812	757	440	791	392	774	309	818	593	491	457	546	654	594	386	507	705	631	831	651	767	482	800	854	839	0	544	846	686	570	635	345	619	406	890	762	558	408	478	861	815	318	841	464	659	838	482	583	305	703	374	
523	512	343	633	669	326	682	762	837	346	883	778	820	526	547	527	682	331	520	826	674	896	418	635	815	527	874	320	417	500	398	342	855	711	498	544	0	848	800	803	517	558	551	533	574	856	578	702	470	325	474	555	878	442	469	680	463	566	564	418	615	
776	893	802	353	333	875	679	453	833	551	312	422	886	417	720	758	569	537	384	767	735	335	319	800	328	854	861	370	657	412	348	341	684	637	690	846	848	0	451	598	858	856	682	680	703	785	748	837	716	340	380	585	450	358	365	587	680	302	474	477	611	
445	520	322	598	877	615	790	354	849	301	509	898	741	442	819	373	423	675	382	658	867	544	898	324	567	650	466	556	497	609	484	569	409	637	308	686	800	451	0	540	633	877	532	867	483	541	447	826	568	380	600	866	406	447	584	520	896	502	878	792	617	
462	332	865	752	881	826	456	756	870	566	407	498	380	872	643	477	342	453	857	513	493	812	480	352	597	778	317	312	746	711	563	609	868	844	341	570	803	598	540	0	760	631	304	558	518	640	614	345	357	676	345	579	783	424	311	474	406	877	881	891	519	
876	677	513	497	635	645	469	345	406	548	847	350	415	369	378	484	573	493	476	813	326	740	773	698	436	498	791	707	608	507	838	417	809	404	676	635	517	858	633	760	0	717	886	519	590	344	325	440	451	777	792	343	611	373	804	343	795	588	823	804	465	
789	632	597	867	560	757	648	716	756	335	457	747	621	354	520	639	649	498	897	377	741	818	769	430	534	392	692	482	809	845	397	512	856	512	742	345	558	856	877	631	717	0	620	610	509	671	896	425	385	317	779	466	678	754	545	771	577	854	417	679	358	
791	648	770	431	351	585	594	428	644	309	494	609	455	711	882	459	474	425	361	658	821	877	400	451	364	845	577	777	324	420	895	554	876	368	660	619	551	682	532	304	886	620	0	869	458	526	419	653	440	361	692	405	695	454	797	890	822	337	785	654	873	
835	602	388	469	782	535	700	711	852	869	856	492	862	623	485	707	515	771	744	311	873	516	473	804	319	658	652	771	517	839	438	730	361	300	649	406	533	680	867	558	519	610	869	0	664	686	306	506	707	762	727	772	770	409	755	691	674	585	767	617	683	
720	492	795	722	498	599	437	824	379	765	845	472	838	631	861	857	481	696	729	497	450	863	761	514	550	435	758	433	496	551	386	605	645	812	637	890	574	703	483	518	590	509	458	664	0	416	873	676	417	525	774	688	849	302	320	823	318	732	306	336	666	
506	875	507	861	468	625	738	352	421	331	481	839	835	847	742	475	677	711	601	700	309	719	604	886	563	389	309	860	544	580	652	373	472	865	301	762	856	785	541	640	344	671	526	686	416	0	799	393	400	769	854	450	697	404	849	621	363	646	452	823	619	
897	792	847	384	646	625	413	492	556	773	829	375	713	427	821	478	358	484	620	848	503	591	640	315	474	717	616	801	637	876	413	337	408	639	894	558	578	748	447	614	325	896	419	306	873	799	0	508	813	658	620	441	451	727	780	684	563	673	345	755	331	
641	721	754	535	752	380	854	404	478	848	354	448	817	544	667	503	718	709	729	347	757	493	828	799	332	523	322	615	666	630	581	432	560	562	896	408	702	837	826	345	440	425	653	506	676	393	508	0	572	329	635	798	494	825	881	853	401	456	391	608	557	
360	448	800	652	506	661	842	477	418	493	544	312	527	708	845	845	776	501	301	448	419	481	758	514	386	348	683	739	629	800	432	743	407	336	644	478	470	716	568	357	451	385	440	707	417	400	813	572	0	793	487	490	756	579	445	473	781	791	303	434	698	
669	414	405	763	393	604	834	685	336	585	812	530	303	860	417	796	434	816	314	561	510	555	490	624	587	709	459	377	336	350	526	373	463	696	770	861	325	340	380	676	777	317	361	762	525	769	658	329	793	0	342	533	640	362	530	896	608	667	620	749	681	
583	810	457	319	772	340	541	747	497	546	817	353	405	862	492	813	759	845	593	387	389	317	498	449	699	633	330	466	886	419	826	837	700	301	576	815	474	380	600	345	792	779	692	727	774	854	620	635	487	342	0	603	529	451	747	314	510	740	490	411	438	
732	427	574	401	547	504	397	463	715	694	755	600	791	878	816	639	307	804	772	825	588	820	361	766	837	691	640	308	316	306	538	868	643	717	493	318	555	585	866	579	343	466	405	772	688	450	441	798	490	533	603	0	896	531	473	352	734	699	640	462	673	
785	541	440	809	644	726	612	594	709	372	519	340	421	511	881	488	880	750	303	847	535	570	466	676	495	777	456	376	691	470	610	606	815	769	527	841	878	450	406	783	611	678	695	770	849	697	451	494	756	640	529	896	0	469	890	498	449	658	563	533	565	
726	578	787	312	541	517	763	386	712	661	633	771	799	568	520	554	441	479	821	820	766	312	721	751	605	365	765	891	733	702	446	764	348	396	395	464	442	358	447	424	373	754	454	409	302	404	727	825	579	362	451	531	469	0	409	356	586	665	462	614	506	
715	461	564	402	561	680	399	545	323	420	589	433	622	332	800	545	512	574	785	538	859	724	647	306	689	841	668	551	389	774	305	557	772	607	306	659	469	365	584	311	804	545	797	755	320	849	780	881	445	530	747	473	890	409	0	810	411	492	637	869	630	
668	464	642	664	519	355	310	733	421	657	398	456	611	780	318	522	651	856	601	488	684	534	345	338	460	723	339	804	396	332	889	669	581	383	396	838	680	587	520	474	343	771	890	691	823	621	684	853	473	896	314	352	498	356	810	0	675	392	494	589	463	
350	453	895	613	858	678	356	680	511	649	375	603	518	706	454	737	311	898	820	405	745	865	647	831	740	414	728	345	804	679	463	408	324	632	365	482	463	680	896	406	795	577	822	674	318	363	563	401	781	608	510	734	449	586	411	675	0	836	778	566	421	
842	875	853	482	622	867	716	890	354	750	762	482	373	780	788	523	332	755	576	514	417	365	701	837	574	775	552	496	672	849	676	606	311	474	367	583	566	302	502	877	588	854	337	585	732	646	673	456	791	667	740	699	658	665	492	392	836	0	738	381	786	
416	360	892	424	498	889	484	657	499	699	651	896	524	626	332	559	609	307	433	359	422	380	488	575	558	868	655	467	439	442	359	740	728	324	306	305	564	474	878	881	823	417	785	767	306	452	345	391	303	620	490	640	563	462	637	494	778	738	0	718	780	
742	549	837	701	821	300	506	471	497	392	371	874	724	676	819	575	564	806	308	743	752	706	648	469	574	700	856	880	580	523	597	811	637	301	623	703	418	477	792	891	804	679	654	617	336	823	755	608	434	749	411	462	533	614	869	589	566	381	718	0	452	
667	799	819	586	447	792	806	892	320	622	345	665	438	843	722	525	721	483	317	655	747	539	735	637	763	405	765	317	413	551	376	881	456	823	451	374	615	611	617	519	465	358	873	683	666	619	331	557	698	681	438	673	565	506	630	463	421	786	780	452	0	
etats
Id_Station	Poids W	Min (P)	WSPT	Priorité	
1	1				
2	3				
3	7				
4	2				
5	7				
6	4				
7	9				
8	6				
9	2				
10	6				
11	1				
12	8				
13	1				
14	9				
15	4				
16	4				
17	8				
18	6				
19	2				
20	6				
21	6				
22	5				
23	7				
24	8				
25	5				
26	5				
27	1				
28	1				
29	2				
30	9				
31	5				
32	3				
33	6				
34	1				
35	2				
36	9				
37	4				
38	1				
39	1				
40	7				
41	8				
42	5				
43	3				
44	6				
45	7				
46	8				
47	8				
48	3				
49	7				
50	9				
51	3				
52	3				
53	1				
54	1				
55	6				
56	2				
57	9				
58	6				
59	4				
60	6				

		
