distances
0	750	321	752	532	494	712	461	732	615	421	617	346	664	515	602	465	824	704	602	353	787	677	840	595	349	846	583	822	642	420	799	413	892	495	554	554	334	893	599	728	771	556	357	349	510	412	511	588	520	642	576	676	573	392	405	592	473	622	865	338	
750	0	581	531	676	487	665	682	469	713	318	740	628	373	781	558	504	662	777	393	675	338	869	314	804	773	859	753	767	579	703	518	410	724	313	498	311	315	556	662	485	421	860	810	646	562	414	555	362	738	369	346	778	815	834	726	550	420	440	536	417	
321	581	0	522	830	591	361	717	868	833	881	769	807	327	884	350	541	628	569	467	898	800	648	362	744	867	397	892	534	759	878	821	593	362	862	376	327	548	582	376	446	556	575	632	482	698	379	801	613	856	533	838	526	441	445	719	569	320	696	502	735	
752	531	522	0	853	658	792	605	316	892	790	752	750	410	596	724	491	409	583	757	344	851	366	751	385	454	531	630	379	342	770	856	624	439	595	638	357	489	676	669	730	573	505	878	313	387	855	462	470	403	607	545	759	504	738	725	794	685	817	860	415	
532	676	830	853	0	364	671	310	426	729	831	521	575	491	644	684	726	336	598	558	683	538	530	767	559	762	411	309	594	473	834	489	633	603	771	687	345	878	619	367	665	736	636	821	582	644	683	532	419	649	697	791	729	711	569	872	554	899	573	524	751	
494	487	591	658	364	0	439	805	342	716	464	621	687	419	804	463	587	478	719	531	884	797	362	361	558	892	808	701	574	554	750	859	844	593	582	676	640	489	859	736	553	369	777	727	643	410	447	704	522	332	743	636	701	814	736	511	551	591	318	645	511	
712	665	361	792	671	439	0	795	888	746	669	336	718	622	493	569	437	729	666	555	828	403	341	796	752	889	493	875	580	617	651	855	445	714	509	679	496	632	338	315	322	343	484	587	832	750	673	893	871	523	825	492	336	318	628	591	703	701	329	678	323	
461	682	717	605	310	805	795	0	683	782	775	669	516	875	532	560	869	537	300	764	603	491	495	472	641	631	584	427	602	763	885	449	552	744	655	595	344	438	364	322	764	641	634	727	384	880	743	694	517	559	828	662	568	342	510	837	791	388	731	775	432	
732	469	868	316	426	342	888	683	0	814	835	356	710	652	479	615	691	471	882	505	759	512	694	330	309	554	408	895	397	476	304	685	475	876	800	537	574	812	496	601	811	635	852	760	850	812	324	493	605	348	717	508	652	451	652	467	305	536	354	865	601	
615	713	833	892	729	716	746	782	814	0	310	459	326	484	563	404	735	331	316	329	390	629	858	758	862	464	338	553	843	481	382	896	748	871	760	711	643	609	368	562	390	325	512	591	399	376	599	492	710	842	542	572	396	818	514	791	818	841	686	457	576	
421	318	881	790	831	464	669	775	835	310	0	399	329	530	407	716	684	480	370	428	384	381	789	312	715	472	708	484	686	744	582	681	728	847	461	678	324	373	378	327	361	804	761	351	650	710	437	685	889	578	762	583	495	624	752	436	303	896	545	310	518	
617	740	769	752	521	621	336	669	356	459	399	0	538	832	376	450	517	844	769	480	543	798	396	803	308	850	523	718	608	812	470	598	338	442	789	369	435	703	366	392	531	572	615	301	510	451	850	736	817	348	783	483	732	445	778	454	506	500	398	459	840	
346	628	807	750	575	687	718	516	710	326	329	538	0	496	769	369	481	888	470	896	478	853	458	487	863	410	849	466	889	739	841	457	367	782	841	351	459	378	326	443	376	845	611	781	830	304	856	372	326	467	646	851	738	566	463	426	488	513	404	543	857	
664	373	327	410	491	419	622	875	652	484	530	832	496	0	523	399	745	515	744	609	650	459	672	454	739	672	601	370	552	413	537	395	463	325	553	803	335	384	392	712	312	853	436	352	759	344	857	328	359	680	392	463	675	329	534	767	420	419	780	646	736	
515	781	884	596	644	804	493	532	479	563	407	376	769	523	0	609	354	653	620	574	514	446	511	387	545	695	488	633	477	831	726	745	701	401	689	807	581	366	503	541	445	875	834	359	745	455	432	662	523	778	817	738	619	652	819	415	426	476	557	874	676	
602	558	350	724	684	463	569	560	615	404	716	450	369	399	609	0	434	658	546	582	755	748	490	820	451	865	788	304	652	793	362	405	597	831	571	883	776	598	331	686	538	813	416	753	709	564	451	558	482	620	873	510	772	460	475	851	512	877	346	489	430	
465	504	541	491	726	587	437	869	691	735	684	517	481	745	354	434	0	790	615	307	886	667	638	859	624	567	473	305	322	625	453	862	694	844	879	531	390	579	809	843	821	492	323	787	819	781	337	669	366	535	805	813	787	466	527	598	759	380	593	432	629	
824	662	628	409	336	478	729	537	471	331	480	844	888	515	653	658	790	0	600	712	500	821	808	362	577	804	645	394	675	607	318	474	682	380	768	418	813	594	833	317	523	573	415	656	526	350	467	505	341	370	412	802	769	840	515	793	756	857	319	805	793	
704	777	569	583	598	719	666	300	882	316	370	769	470	744	620	546	615	600	0	739	390	833	576	325	475	813	558	544	716	659	612	315	747	624	518	653	658	440	636	633	393	823	693	341	753	516	565	602	662	733	438	883	401	560	870	686	376	426	742	449	511	
602	393	467	757	558	531	555	764	505	329	428	480	896	609	574	582	307	712	739	0	476	863	324	328	484	756	443	545	744	704	426	589	847	716	537	444	794	894	660	582	780	571	371	430	637	884	652	674	435	546	636	635	758	702	402	392	734	832	536	434	820	
353	675	898	344	683	884	828	603	759	390	384	543	478	650	514	755	886	500	390	476	0	689	658	540	599	895	898	650	848	441	732	525	868	841	795	710	679	403	361	503	722	341	395	741	615	316	869	511	505	328	861	765	697	469	691	891	845	669	839	587	585	
787	338	800	851	538	797	403	491	512	629	381	798	853	459	446	748	667	821	833	863	689	0	369	596	557	623	580	807	705	614	639	451	352	851	587	448	892	650	678	416	433	643	719	651	800	513	315	465	648	705	836	889	877	658	698	545	613	320	524	785	802	
677	869	648	366	530	362	341	495	694	858	789	396	458	672	511	490	638	808	576	324	658	369	0	428	831	810	566	881	583	820	521	747	630	488	745	615	609	507	655	641	729	897	527	388	563	746	708	621	732	404	799	635	504	856	369	675	304	728	494	644	465	
840	314	362	751	767	361	796	472	330	758	312	803	487	454	387	820	859	362	325	328	540	596	428	0	863	792	500	668	604	458	632	877	711	552	670	668	475	864	361	778	468	876	660	582	883	450	522	719	486	459	862	734	871	378	759	325	818	517	881	684	442	
595	804	744	385	559	558	752	641	309	862	715	308	863	739	545	451	624	577	475	484	599	557	831	863	0	423	885	394	318	479	301	439	519	555	879	589	461	484	617	828	680	723	350	693	711	871	606	482	472	739	648	478	391	401	517	401	680	344	695	642	811	
349	773	867	454	762	892	889	631	554	464	472	850	410	672	695	865	567	804	813	756	895	623	810	792	423	0	485	490	648	801	770	815	344	398	507	532	876	644	722	661	750	307	450	414	609	518	756	473	707	808	311	828	477	334	529	500	523	410	776	725	847	
846	859	397	531	411	808	493	584	408	338	708	523	849	601	488	788	473	645	558	443	898	580	566	500	885	485	0	849	848	775	552	666	749	403	898	479	703	501	486	328	845	525	899	345	754	526	332	459	300	401	824	522	752	872	358	649	872	868	570	602	798	
583	753	892	630	309	701	875	427	895	553	484	718	466	370	633	304	305	394	544	545	650	807	881	668	394	490	849	0	773	739	640	879	361	508	690	882	580	894	879	790	530	866	382	391	541	855	825	899	404	837	719	544	364	760	340	656	868	880	368	458	836	
822	767	534	379	594	574	580	602	397	843	686	608	889	552	477	652	322	675	716	744	848	705	583	604	318	648	848	773	0	559	751	620	585	519	441	383	526	760	611	683	520	522	386	467	859	693	496	337	491	626	559	815	518	792	499	528	335	582	884	340	315	
642	579	759	342	473	554	617	763	476	481	744	812	739	413	831	793	625	607	659	704	441	614	820	458	479	801	775	739	559	0	756	831	870	888	704	474	819	693	876	807	877	862	811	432	853	432	383	882	877	800	453	442	870	676	799	333	428	782	329	706	377	
420	703	878	770	834	750	651	885	304	382	582	470	841	537	726	362	453	318	612	426	732	639	521	632	301	770	552	640	751	756	0	581	306	689	562	455	472	745	584	839	477	370	627	628	665	845	555	713	669	797	561	505	579	482	408	700	732	505	570	622	640	
799	518	821	856	489	859	855	449	685	896	681	598	457	395	745	405	862	474	315	589	525	451	747	877	439	815	666	879	620	831	581	0	781	730	760	515	548	536	348	874	628	820	636	376	465	731	818	458	339	700	822	475	607	684	415	795	428	462	635	684	545	
413	410	593	624	633	844	445	552	475	748	728	338	367	463	701	597	694	682	747	847	868	352	630	711	519	344	749	361	585	870	306	781	0	437	679	490	420	714	588	530	839	465	317	778	460	435	718	680	888	437	345	301	425	588	328	698	607	701	648	864	603	
892	724	362	439	603	593	714	744	876	871	847	442	782	325	401	831	844	380	624	716	841	851	488	552	555	398	403	508	519	888	689	730	437	0	676	517	876	814	882	414	626	654	535	894	436	604	372	444	807	799	447	577	453	481	699	836	649	524	312	846	641	
495	313	862	595	771	582	509	655	800	760	461	789	841	553	689	571	879	768	518	537	795	587	745	670	879	507	898	690	441	704	562	760	679	676	0	720	697	704	440	734	547	499	441	841	547	762	513	349	723	413	475	728	846	316	448	724	482	365	356	765	431	
554	498	376	638	687	676	679	595	537	711	678	369	351	803	807	883	531	418	653	444	710	448	615	668	589	532	479	882	383	474	455	515	490	517	720	0	583	358	694	637	612	492	636	356	550	303	680	383	706	826	736	409	707	502	867	527	837	389	822	853	699	
554	311	327	357	345	640	496	344	574	643	324	435	459	335	581	776	390	813	658	794	679	892	609	475	461	876	703	580	526	819	472	548	420	876	697	583	0	889	843	899	460	501	488	534	710	736	331	300	418	514	350	598	816	796	602	786	880	658	819	531	349	
334	315	548	489	878	489	632	438	812	609	373	703	378	384	366	598	579	594	440	894	403	650	507	864	484	644	501	894	760	693	745	536	714	814	704	358	889	0	351	858	611	530	661	889	539	420	420	803	671	676	709	679	686	399	776	524	405	635	648	597	802	
893	556	582	676	619	859	338	364	496	368	378	366	326	392	503	331	809	833	636	660	361	678	655	361	617	722	486	879	611	876	584	348	588	882	440	694	843	351	0	861	355	768	636	309	319	570	376	651	443	526	537	610	694	464	556	744	522	401	614	318	664	
599	662	376	669	367	736	315	322	601	562	327	392	443	712	541	686	843	317	633	582	503	416	641	778	828	661	328	790	683	807	839	874	530	414	734	637	899	858	861	0	892	481	672	318	497	705	470	498	432	860	596	694	329	814	802	440	718	377	784	310	777	
728	485	446	730	665	553	322	764	811	390	361	531	376	312	445	538	821	523	393	780	722	433	729	468	680	750	845	530	520	877	477	628	839	626	547	612	460	611	355	892	0	596	640	860	841	445	588	669	691	782	804	726	642	861	631	853	587	661	896	734	653	
771	421	556	573	736	369	343	641	635	325	804	572	845	853	875	813	492	573	823	571	341	643	897	876	723	307	525	866	522	862	370	820	465	654	499	492	501	530	768	481	596	0	750	791	691	453	408	562	760	336	843	645	628	589	339	457	379	438	815	320	681	
556	860	575	505	636	777	484	634	852	512	761	615	611	436	834	416	323	415	693	371	395	719	527	660	350	450	899	382	386	811	627	636	317	535	441	636	488	661	636	672	640	750	0	343	624	545	541	697	864	654	500	818	390	553	638	348	522	772	554	807	567	
357	810	632	878	821	727	587	727	760	591	351	301	781	352	359	753	787	656	341	430	741	651	388	582	693	414	345	391	467	432	628	376	778	894	841	356	534	889	309	318	860	791	343	0	841	828	397	599	836	794	318	619	456	689	457	630	740	456	759	626	660	
349	646	482	313	582	643	832	384	850	399	650	510	830	759	745	709	819	526	753	637	615	800	563	883	711	609	754	541	859	853	665	465	460	436	547	550	710	539	319	497	841	691	624	841	0	894	660	627	346	873	701	329	736	316	561	820	672	569	536	838	368	
510	562	698	387	644	410	750	880	812	376	710	451	304	344	455	564	781	350	516	884	316	513	746	450	871	518	526	855	693	432	845	731	435	604	762	303	736	420	570	705	445	453	545	828	894	0	465	740	840	577	601	348	819	603	407	310	380	320	405	550	879	
412	414	379	855	683	447	673	743	324	599	437	850	856	857	432	451	337	467	565	652	869	315	708	522	606	756	332	825	496	383	555	818	718	372	513	680	331	420	376	470	588	408	541	397	660	465	0	869	463	565	375	898	608	523	761	376	682	741	593	303	449	
511	555	801	462	532	704	893	694	493	492	685	736	372	328	662	558	669	505	602	674	511	465	621	719	482	473	459	899	337	882	713	458	680	444	349	383	300	803	651	498	669	562	697	599	627	740	869	0	634	575	739	638	641	631	420	896	834	850	469	556	522	
588	362	613	470	419	522	871	517	605	710	889	817	326	359	523	482	366	341	662	435	505	648	732	486	472	707	300	404	491	877	669	339	888	807	723	706	418	671	443	432	691	760	864	836	346	840	463	634	0	810	885	595	844	745	566	880	704	847	629	581	708	
520	738	856	403	649	332	523	559	348	842	578	348	467	680	778	620	535	370	733	546	328	705	404	459	739	808	401	837	626	800	797	700	437	799	413	826	514	676	526	860	782	336	654	794	873	577	565	575	810	0	870	327	375	883	329	482	570	301	310	652	804	
642	369	533	607	697	743	825	828	717	542	762	783	646	392	817	873	805	412	438	636	861	836	799	862	648	311	824	719	559	453	561	822	345	447	475	736	350	709	537	596	804	843	500	318	701	601	375	739	885	870	0	376	794	701	655	564	784	738	681	508	392	
576	346	838	545	791	636	492	662	508	572	583	483	851	463	738	510	813	802	883	635	765	889	635	734	478	828	522	544	815	442	505	475	301	577	728	409	598	679	610	694	726	645	818	619	329	348	898	638	595	327	376	0	453	463	832	721	369	556	826	462	551	
676	778	526	759	729	701	336	568	652	396	495	732	738	675	619	772	787	769	401	758	697	877	504	871	391	477	752	364	518	870	579	607	425	453	846	707	816	686	694	329	642	628	390	456	736	819	608	641	844	375	794	453	0	365	864	310	467	481	498	698	486	
573	815	441	504	711	814	318	342	451	818	624	445	566	329	652	460	466	840	560	702	469	658	856	378	401	334	872	760	792	676	482	684	588	481	316	502	796	399	464	814	861	589	553	689	316	603	523	631	745	883	701	463	365	0	360	711	695	498	828	516	808	
392	834	445	738	569	736	628	510	652	514	752	778	463	534	819	475	527	515	870	402	691	698	369	759	517	529	358	340	499	799	408	415	328	699	448	867	602	776	556	802	631	339	638	457	561	407	761	420	566	329	655	832	864	360	0	589	850	653	386	589	597	
405	726	719	725	872	511	591	837	467	791	436	454	426	767	415	851	598	793	686	392	891	545	675	325	401	500	649	656	528	333	700	795	698	836	724	527	786	524	744	440	853	457	348	630	820	310	376	896	880	482	564	721	310	711	589	0	622	354	766	579	419	
592	550	569	794	554	551	703	791	305	818	303	506	488	420	426	512	759	756	376	734	845	613	304	818	680	523	872	868	335	428	732	428	607	649	482	837	880	405	522	718	587	379	522	740	672	380	682	834	704	570	784	369	467	695	850	622	0	385	585	424	351	
473	420	320	685	899	591	701	388	536	841	896	500	513	419	476	877	380	857	426	832	669	320	728	517	344	410	868	880	582	782	505	462	701	524	365	389	658	635	401	377	661	438	772	456	569	320	741	850	847	301	738	556	481	498	653	354	385	0	502	883	786	
622	440	696	817	573	318	329	731	354	686	545	398	404	780	557	346	593	319	742	536	839	524	494	881	695	776	570	368	884	329	570	635	648	312	356	822	819	648	614	784	896	815	554	759	536	405	593	469	629	310	681	826	498	828	386	766	585	502	0	421	329	
865	536	502	860	524	645	678	775	865	457	310	459	543	646	874	489	432	805	449	434	587	785	644	684	642	725	602	458	340	706	622	684	864	846	765	853	531	597	318	310	734	320	807	626	838	550	303	556	581	652	508	462	698	516	589	579	424	883	421	0	553	
338	417	735	415	751	511	323	432	601	576	518	840	857	736	676	430	629	793	511	820	585	802	465	442	811	847	798	836	315	377	640	545	603	641	431	699	349	802	664	777	653	681	567	660	368	879	449	522	708	804	392	551	486	808	597	419	351	786	329	553	0	
etats
Id_Station	Poids W	Min (P)	WSPT	Priorité	
1	9	300	300,00	48	
2	1	303	60,60	31	
3	4	326	108,67	41	
4	5	308	308,00	54	
5	6	300	50,00	24	
6	6	310	310,00	56	
7	9	310	44,29	20	
8	5	328	46,86	23	
9	1	305	305,00	50	
10	9	301	50,17	26	
11	2	309	103,00	39	
12	3	311	155,50	46	
13	7	302	50,33	27	
14	1	303	151,50	44	
15	7	306	306,00	53	
16	8	301	43,00	14	
17	1	311	34,56	5	
18	6	303	43,29	18	
19	3	300	150,00	42	
20	5	319	319,00	58	
21	3	309	44,14	19	
22	4	303	37,88	9	
23	5	310	44,29	21	
24	1	305	33,89	3	
25	9	302	33,56	1	
26	5	309	309,00	55	
27	9	308	51,33	28	
28	3	315	105,00	40	
29	1	302	33,56	2	
30	1	301	43,00	15	
31	6	300	50,00	25	
32	3	301	60,20	30	
33	5	305	33,89	4	
34	9	305	305,00	51	
35	2	300	60,00	29	
36	9	310	155,00	45	
37	3	320	40,00	13	
38	6	310	38,75	11	
39	5	309	77,25	35	
40	2	301	43,00	16	
41	9	322	80,50	37	
42	1	309	77,25	36	
43	8	302	37,75	8	
44	8	300	300,00	49	
45	7	317	158,50	47	
46	5	318	35,33	6	
47	2	307	38,38	10	
48	2	334	334,00	60	
49	6	301	37,63	7	
50	1	300	75,00	34	
51	6	315	39,38	12	
52	3	302	151,00	43	
53	5	319	319,00	59	
54	7	305	305,00	52	
55	1	318	318,00	57	
56	3	313	44,71	22	
57	1	319	63,80	33	
58	1	308	102,67	38	
59	4	314	62,80	32	
60	3	301	43,00	17	
 
