distances
0	766	545	495	592	620	619	406	402	366	788	483	599	325	521	573	549	466	463	866	504	898	783	892	404	538	767	730	825	779	496	447	598	759	554	729	458	385	493	582	730	304	823	677	700	629	343	392	591	714	884	395	777	414	777	796	489	510	631	736	649	
766	0	458	424	450	377	739	533	704	513	409	345	341	524	650	676	841	748	720	455	769	407	829	438	343	701	648	536	567	655	733	805	758	863	824	880	738	440	580	758	572	562	410	460	586	637	620	773	452	526	427	324	340	754	737	301	841	318	567	543	687	
545	458	0	534	537	587	845	378	768	770	702	615	704	785	305	306	864	659	628	747	396	890	520	713	784	692	844	843	752	455	531	727	732	640	575	561	419	844	408	564	527	458	301	614	371	469	821	513	697	616	869	450	653	853	429	630	854	313	654	497	520	
495	424	534	0	592	858	894	663	641	429	710	888	754	758	538	674	411	547	372	319	307	523	877	823	597	318	458	806	612	351	689	844	550	403	607	492	541	438	442	415	362	684	460	872	593	827	849	728	404	733	738	485	622	837	486	321	330	458	734	530	659	
592	450	537	592	0	530	591	305	543	591	846	421	881	545	337	868	545	459	554	379	332	504	831	612	300	795	882	503	599	433	631	763	770	687	379	839	623	739	532	821	574	502	518	824	650	852	866	521	381	584	886	675	440	349	416	815	514	719	852	623	338	
620	377	587	858	530	0	691	742	832	536	455	427	838	431	846	409	365	582	811	492	402	466	374	371	881	403	820	477	746	364	430	376	483	837	487	854	421	757	630	449	841	328	525	367	344	766	461	318	446	684	353	584	838	801	749	505	373	689	866	842	358	
619	739	845	894	591	691	0	487	816	767	706	776	875	632	552	714	790	655	719	489	421	719	377	474	724	436	567	781	841	331	783	435	323	562	824	308	847	501	542	593	737	315	471	563	728	530	338	692	841	718	849	696	433	609	672	550	602	519	705	472	410	
406	533	378	663	305	742	487	0	433	632	348	651	338	332	423	817	798	300	303	441	742	740	695	448	580	336	361	661	659	472	539	446	364	758	302	458	453	797	337	639	625	426	846	718	736	425	515	306	614	538	621	444	631	476	345	829	361	753	630	783	323	
402	704	768	641	543	832	816	433	0	401	807	478	498	367	438	532	404	400	538	601	501	664	391	721	311	364	566	485	676	450	837	617	589	478	430	539	417	365	829	466	762	365	677	704	516	369	884	390	511	819	493	642	551	610	857	506	517	781	735	422	649	
366	513	770	429	591	536	767	632	401	0	450	846	795	419	706	625	740	335	690	425	837	555	360	674	888	549	852	700	758	703	750	483	497	468	795	644	674	823	511	317	794	380	728	335	694	307	677	320	614	557	559	417	810	790	314	805	711	739	479	843	639	
788	409	702	710	846	455	706	348	807	450	0	777	534	427	881	403	517	685	663	664	445	754	894	354	588	381	592	543	503	786	623	331	637	837	325	610	678	612	325	511	467	697	606	319	817	859	809	673	327	656	509	518	848	789	497	817	875	859	792	405	508	
483	345	615	888	421	427	776	651	478	846	777	0	838	467	480	851	313	709	776	416	845	580	652	640	476	428	342	728	666	473	355	891	777	642	763	335	601	561	775	319	884	581	380	574	590	411	782	820	848	642	360	523	512	535	496	685	332	766	820	589	342	
599	341	704	754	881	838	875	338	498	795	534	838	0	530	572	710	567	643	457	684	618	467	339	899	303	657	635	788	335	751	837	822	579	873	730	331	615	455	724	688	342	550	422	380	759	747	793	478	576	598	722	849	556	316	486	819	619	551	781	570	587	
325	524	785	758	545	431	632	332	367	419	427	467	530	0	746	693	455	440	570	752	403	546	399	858	623	621	444	387	871	320	797	346	850	303	469	778	519	420	623	349	526	393	630	851	774	472	605	871	646	602	859	600	496	824	845	668	857	659	860	890	708	
521	650	305	538	337	846	552	423	438	706	881	480	572	746	0	462	606	745	346	347	671	851	303	468	449	811	712	518	665	548	591	705	662	356	469	449	359	707	866	635	510	710	528	303	396	604	645	672	876	827	403	723	352	894	616	750	329	789	725	539	855	
573	676	306	674	868	409	714	817	532	625	403	851	710	693	462	0	539	595	393	431	876	436	812	713	419	784	693	466	689	519	361	837	572	493	396	711	842	527	555	651	812	785	834	837	516	438	597	324	514	745	607	427	769	850	623	549	515	382	814	305	543	
549	841	864	411	545	365	790	798	404	740	517	313	567	455	606	539	0	639	478	869	525	639	490	475	555	621	615	590	750	726	820	867	459	476	669	631	734	421	391	445	548	376	673	884	885	605	394	571	314	635	612	323	387	518	438	681	527	785	747	336	315	
466	748	659	547	459	582	655	300	400	335	685	709	643	440	745	595	639	0	850	414	444	588	445	618	636	653	746	577	508	398	849	545	620	888	613	810	463	336	742	524	643	564	877	732	454	464	725	808	805	486	580	416	850	604	715	520	739	621	318	831	432	
463	720	628	372	554	811	719	303	538	690	663	776	457	570	346	393	478	850	0	593	813	622	527	792	351	578	572	521	748	493	398	766	327	500	722	784	580	575	571	770	871	794	377	815	444	517	512	812	714	557	710	815	699	454	717	706	851	513	816	783	553	
866	455	747	319	379	492	489	441	601	425	664	416	684	752	347	431	869	414	593	0	612	559	561	785	791	894	637	767	880	860	655	640	576	475	665	471	534	841	356	748	853	435	713	547	338	697	344	866	407	671	645	563	545	397	365	453	720	428	871	535	768	
504	769	396	307	332	402	421	742	501	837	445	845	618	403	671	876	525	444	813	612	0	733	880	329	635	405	729	627	563	607	756	497	558	683	379	698	690	741	853	720	345	854	804	859	607	303	778	720	732	480	804	787	646	428	508	581	802	497	882	605	446	
898	407	890	523	504	466	719	740	664	555	754	580	467	546	851	436	639	588	622	559	733	0	572	333	534	812	840	435	655	458	654	403	585	444	718	353	608	645	424	503	701	713	407	560	605	372	613	447	381	488	608	420	877	824	522	515	402	375	823	640	329	
783	829	520	877	831	374	377	695	391	360	894	652	339	399	303	812	490	445	527	561	880	572	0	311	706	775	300	493	445	631	833	351	482	785	826	859	746	860	760	399	842	579	835	805	347	886	685	580	560	848	336	341	621	612	483	407	441	869	710	494	748	
892	438	713	823	612	371	474	448	721	674	354	640	899	858	468	713	475	618	792	785	329	333	311	0	573	568	348	606	780	533	444	837	826	793	881	438	831	897	739	528	386	369	862	417	332	780	804	307	677	740	730	606	805	556	893	675	501	544	343	805	767	
404	343	784	597	300	881	724	580	311	888	588	476	303	623	449	419	555	636	351	791	635	534	706	573	0	708	680	519	713	332	664	342	409	752	482	823	381	669	639	346	387	703	520	834	362	713	681	863	425	443	485	389	552	490	337	584	645	412	884	397	545	
538	701	692	318	795	403	436	336	364	549	381	428	657	621	811	784	621	653	578	894	405	812	775	568	708	0	431	495	454	417	538	314	470	444	845	587	472	461	895	768	898	675	490	785	577	760	785	658	437	880	586	731	331	697	511	397	499	447	713	516	401	
767	648	844	458	882	820	567	361	566	852	592	342	635	444	712	693	615	746	572	637	729	840	300	348	680	431	0	700	654	673	605	606	708	675	442	839	684	553	313	786	759	839	794	765	895	744	534	343	486	528	816	818	361	324	594	360	433	741	418	564	679	
730	536	843	806	503	477	781	661	485	700	543	728	788	387	518	466	590	577	521	767	627	435	493	606	519	495	700	0	547	611	643	350	873	546	543	399	662	431	487	749	502	706	865	692	354	851	652	346	406	373	574	643	393	852	342	300	559	874	311	345	484	
825	567	752	612	599	746	841	659	676	758	503	666	335	871	665	689	750	508	748	880	563	655	445	780	713	454	654	547	0	872	829	731	582	449	385	848	853	405	529	457	627	536	774	780	416	429	473	375	610	866	742	625	881	315	710	329	676	827	562	394	838	
779	655	455	351	433	364	331	472	450	703	786	473	751	320	548	519	726	398	493	860	607	458	631	533	332	417	673	611	872	0	507	406	604	782	488	400	834	856	693	600	394	590	837	677	837	333	325	591	576	595	321	707	544	835	736	312	396	809	698	555	411	
496	733	531	689	631	430	783	539	837	750	623	355	837	797	591	361	820	849	398	655	756	654	833	444	664	538	605	643	829	507	0	774	677	467	566	820	459	796	411	662	358	400	568	759	592	800	774	319	658	687	305	471	740	812	864	842	884	626	432	599	817	
447	805	727	844	763	376	435	446	617	483	331	891	822	346	705	837	867	545	766	640	497	403	351	837	342	314	606	350	731	406	774	0	569	881	311	363	572	805	548	717	573	716	328	559	890	892	514	335	444	884	560	629	709	811	616	382	477	539	502	545	749	
598	758	732	550	770	483	323	364	589	497	637	777	579	850	662	572	459	620	327	576	558	585	482	826	409	470	708	873	582	604	677	569	0	556	314	616	551	754	509	792	542	603	807	436	384	352	625	727	664	313	477	543	759	697	808	439	321	391	418	537	412	
759	863	640	403	687	837	562	758	478	468	837	642	873	303	356	493	476	888	500	475	683	444	785	793	752	444	675	546	449	782	467	881	556	0	586	619	736	800	877	478	319	335	848	324	304	694	866	323	764	398	824	627	480	894	549	729	369	882	329	881	552	
554	824	575	607	379	487	824	302	430	795	325	763	730	469	469	396	669	613	722	665	379	718	826	881	482	845	442	543	385	488	566	311	314	586	0	710	523	597	418	538	756	696	542	676	392	483	519	666	333	481	570	797	515	561	567	745	567	850	472	492	838	
729	880	561	492	839	854	308	458	539	644	610	335	331	778	449	711	631	810	784	471	698	353	859	438	823	587	839	399	848	400	820	363	616	619	710	0	897	485	372	343	722	517	634	806	661	861	604	315	716	766	538	650	497	740	407	771	481	823	702	351	676	
458	738	419	541	623	421	847	453	417	674	678	601	615	519	359	842	734	463	580	534	690	608	746	831	381	472	684	662	853	834	459	572	551	736	523	897	0	708	818	508	505	533	349	612	407	512	550	434	585	309	643	783	548	813	365	519	450	622	779	568	329	
385	440	844	438	739	757	501	797	365	823	612	561	455	420	707	527	421	336	575	841	741	645	860	897	669	461	553	431	405	856	796	805	754	800	597	485	708	0	409	511	422	870	465	846	898	706	518	580	642	883	554	648	353	337	648	666	543	444	655	875	831	
493	580	408	442	532	630	542	337	829	511	325	775	724	623	866	555	391	742	571	356	853	424	760	739	639	895	313	487	529	693	411	548	509	877	418	372	818	409	0	736	405	335	330	599	430	619	489	514	536	428	613	832	680	668	647	503	589	634	786	436	654	
582	758	564	415	821	449	593	639	466	317	511	319	688	349	635	651	445	524	770	748	720	503	399	528	346	768	786	749	457	600	662	717	792	478	538	343	508	511	736	0	563	324	348	536	667	820	781	368	309	764	766	894	552	345	639	711	583	788	753	437	668	
730	572	527	362	574	841	737	625	762	794	467	884	342	526	510	812	548	643	871	853	345	701	842	386	387	898	759	502	627	394	358	573	542	319	756	722	505	422	405	563	0	772	893	531	480	834	487	633	524	613	757	876	584	343	861	543	737	874	499	622	796	
304	562	458	684	502	328	315	426	365	380	697	581	550	393	710	785	376	564	794	435	854	713	579	369	703	675	839	706	536	590	400	716	603	335	696	517	533	870	335	324	772	0	748	634	886	575	479	664	572	593	331	870	395	726	482	612	870	730	833	695	699	
823	410	301	460	518	525	471	846	677	728	606	380	422	630	528	834	673	877	377	713	804	407	835	862	520	490	794	865	774	837	568	328	807	848	542	634	349	465	330	348	893	748	0	324	449	855	329	332	696	383	876	757	551	816	420	692	640	858	689	338	527	
677	460	614	872	824	367	563	718	704	335	319	574	380	851	303	837	884	732	815	547	859	560	805	417	834	785	765	692	780	677	759	559	436	324	676	806	612	846	599	536	531	634	324	0	629	853	636	444	601	764	635	618	889	352	573	703	617	750	697	504	397	
700	586	371	593	650	344	728	736	516	694	817	590	759	774	396	516	885	454	444	338	607	605	347	332	362	577	895	354	416	837	592	890	384	304	392	661	407	898	430	667	480	886	449	629	0	533	490	728	814	746	705	368	464	371	458	675	453	683	828	836	775	
629	637	469	827	852	766	530	425	369	307	859	411	747	472	604	438	605	464	517	697	303	372	886	780	713	760	744	851	429	333	800	892	352	694	483	861	512	706	619	820	834	575	855	853	533	0	571	666	631	437	433	581	754	813	420	579	454	856	558	481	433	
343	620	821	849	866	461	338	515	884	677	809	782	793	605	645	597	394	725	512	344	778	613	685	804	681	785	534	652	473	325	774	514	625	866	519	604	550	518	489	781	487	479	329	636	490	571	0	578	809	723	462	421	710	340	478	316	854	577	486	839	534	
392	773	513	728	521	318	692	306	390	320	673	820	478	871	672	324	571	808	812	866	720	447	580	307	863	658	343	346	375	591	319	335	727	323	666	315	434	580	514	368	633	664	332	444	728	666	578	0	377	817	350	861	670	887	332	731	465	508	414	655	806	
591	452	697	404	381	446	841	614	511	614	327	848	576	646	876	514	314	805	714	407	732	381	560	677	425	437	486	406	610	576	658	444	664	764	333	716	585	642	536	309	524	572	696	601	814	631	809	377	0	672	831	303	338	570	367	638	528	326	727	546	530	
714	526	616	733	584	684	718	538	819	557	656	642	598	602	827	745	635	486	557	671	480	488	848	740	443	880	528	373	866	595	687	884	313	398	481	766	309	883	428	764	613	593	383	764	746	437	723	817	672	0	897	650	865	645	766	559	427	845	846	493	492	
884	427	869	738	886	353	849	621	493	559	509	360	722	859	403	607	612	580	710	645	804	608	336	730	485	586	816	574	742	321	305	560	477	824	570	538	643	554	613	766	757	331	876	635	705	433	462	350	831	897	0	895	638	807	438	783	376	385	337	737	788	
395	324	450	485	675	584	696	444	642	417	518	523	849	600	723	427	323	416	815	563	787	420	341	606	389	731	818	643	625	707	471	629	543	627	797	650	783	648	832	894	876	870	757	618	368	581	421	861	303	650	895	0	723	476	565	632	848	696	851	347	503	
777	340	653	622	440	838	433	631	551	810	848	512	556	496	352	769	387	850	699	545	646	877	621	805	552	331	361	393	881	544	740	709	759	480	515	497	548	353	680	552	584	395	551	889	464	754	710	670	338	865	638	723	0	466	781	677	333	319	559	752	726	
414	754	853	837	349	801	609	476	610	790	789	535	316	824	894	850	518	604	454	397	428	824	612	556	490	697	324	852	315	835	812	811	697	894	561	740	813	337	668	345	343	726	816	352	371	813	340	887	570	645	807	476	466	0	409	805	892	618	843	696	561	
777	737	429	486	416	749	672	345	857	314	497	496	486	845	616	623	438	715	717	365	508	522	483	893	337	511	594	342	710	736	864	616	808	549	567	407	365	648	647	639	861	482	420	573	458	420	478	332	367	766	438	565	781	409	0	860	648	310	435	313	613	
796	301	630	321	815	505	550	829	506	805	817	685	819	668	750	549	681	520	706	453	581	515	407	675	584	397	360	300	329	312	842	382	439	729	745	771	519	666	503	711	543	612	692	703	675	579	316	731	638	559	783	632	677	805	860	0	600	540	855	794	434	
489	841	854	330	514	373	602	361	517	711	875	332	619	857	329	515	527	739	851	720	802	402	441	501	645	499	433	559	676	396	884	477	321	369	567	481	450	543	589	583	737	870	640	617	453	454	854	465	528	427	376	848	333	892	648	600	0	814	591	717	694	
510	318	313	458	719	689	519	753	781	739	859	766	551	659	789	382	785	621	513	428	497	375	869	544	412	447	741	874	827	809	626	539	391	882	850	823	622	444	634	788	874	730	858	750	683	856	577	508	326	845	385	696	319	618	310	540	814	0	573	788	378	
631	567	654	734	852	866	705	630	735	479	792	820	781	860	725	814	747	318	816	871	882	823	710	343	884	713	418	311	562	698	432	502	418	329	472	702	779	655	786	753	499	833	689	697	828	558	486	414	727	846	337	851	559	843	435	855	591	573	0	618	411	
736	543	497	530	623	842	472	783	422	843	405	589	570	890	539	305	336	831	783	535	605	640	494	805	397	516	564	345	394	555	599	545	537	881	492	351	568	875	436	437	622	695	338	504	836	481	839	655	546	493	737	347	752	696	313	794	717	788	618	0	454	
649	687	520	659	338	358	410	323	649	639	508	342	587	708	855	543	315	432	553	768	446	329	748	767	545	401	679	484	838	411	817	749	412	552	838	676	329	831	654	668	796	699	527	397	775	433	534	806	530	492	788	503	726	561	613	434	694	378	411	454	0	
etats
Id_Station	Poids W	Min (P)	WSPT	Priorité	
1	9				
2	2				
3	8				
4	1				
5	5				
6	3				
7	8				
8	3				
9	1				
10	6				
11	3				
12	9				
13	9				
14	1				
15	5				
16	8				
17	5				
18	4				
19	1				
20	4				
21	9				
22	4				
23	4				
24	9				
25	8				
26	5				
27	2				
28	5				
29	5				
30	7				
31	6				
32	3				
33	1				
34	6				
35	5				
36	2				
37	5				
38	6				
39	8				
40	4				
41	5				
42	6				
43	7				
44	5				
45	8				
46	1				
47	4				
48	6				
49	9				
50	2				
51	1				
52	1				
53	3				
54	1				
55	6				
56	1				
57	5				
58	8				
59	7				
60	9				

		
