distances
0	751	771	713	463	587	689	731	469	319	653	367	456	487	649	612	569	303	883	684	617	780	795	814	770	654	492	455	761	514	689	336	758	465	536	898	606	745	351	842	837	880	586	340	638	395	787	804	453	753	854	442	768	858	681	514	602	694	895	370	800	
751	0	457	683	549	318	588	837	359	835	503	501	330	820	831	728	441	808	411	849	395	491	375	367	459	532	761	704	497	341	692	397	400	594	873	826	864	621	583	352	654	600	548	352	812	406	632	692	322	882	579	847	395	734	726	557	746	436	569	622	553	
771	457	0	885	462	721	889	695	810	591	600	699	465	598	327	805	837	763	358	596	591	401	519	686	677	542	787	709	301	792	701	897	342	551	330	625	581	793	776	892	484	559	642	493	378	496	814	587	434	630	648	861	360	392	762	863	512	373	853	562	727	
713	683	885	0	489	500	804	876	858	721	897	601	316	573	877	737	324	852	363	683	433	646	322	465	627	383	639	317	862	692	313	889	729	469	436	654	777	553	620	341	414	490	872	733	379	415	629	684	880	715	881	643	784	322	838	550	462	898	765	572	451	
463	549	462	489	0	416	581	602	801	585	577	589	326	371	861	641	585	876	770	473	885	845	389	446	790	684	828	407	583	769	705	503	485	325	374	773	547	536	455	346	504	443	447	473	520	385	606	761	356	363	308	733	542	707	827	558	321	733	605	512	532	
587	318	721	500	416	0	660	642	768	356	764	472	529	876	465	573	380	539	844	541	300	638	538	311	464	806	305	753	866	417	399	564	690	795	675	773	386	746	516	862	515	787	524	724	481	745	681	308	313	556	854	552	830	528	684	771	626	892	892	314	798	
689	588	889	804	581	660	0	732	823	673	349	760	491	562	690	868	701	363	753	445	367	575	847	606	796	334	674	348	484	374	681	302	866	826	726	862	815	465	780	487	864	691	510	515	417	618	329	880	656	351	410	770	776	772	897	434	821	638	625	876	749	
731	837	695	876	602	642	732	0	543	436	440	870	738	832	742	352	439	796	380	760	712	365	589	389	626	494	802	335	429	814	642	661	786	831	318	862	304	769	627	397	703	880	619	420	643	793	479	830	770	477	683	689	864	826	375	817	633	854	391	758	486	
469	359	810	858	801	768	823	543	0	344	366	645	710	307	805	456	652	521	314	427	313	437	649	670	313	421	311	577	385	343	328	530	481	414	322	551	387	329	572	719	678	408	874	832	438	706	573	641	305	799	524	515	876	703	869	716	316	852	826	604	747	
319	835	591	721	585	356	673	436	344	0	532	587	553	673	303	464	327	456	861	673	538	495	848	408	366	767	384	709	410	792	755	594	638	838	470	514	501	460	332	836	571	715	816	497	452	821	324	723	502	387	336	752	781	799	397	808	751	699	877	361	399	
653	503	600	897	577	764	349	440	366	532	0	444	690	447	753	343	808	373	748	537	602	696	680	512	418	802	315	579	510	495	491	685	477	844	729	602	780	590	822	570	665	462	393	611	441	302	479	834	646	320	565	801	785	608	486	493	586	392	892	558	505	
367	501	699	601	589	472	760	870	645	587	444	0	861	824	616	859	366	460	699	882	744	311	884	567	495	321	498	427	316	374	537	348	314	404	888	341	801	381	690	487	462	852	870	766	468	576	302	810	857	675	862	725	420	674	552	316	488	747	537	356	615	
456	330	465	316	326	529	491	738	710	553	690	861	0	831	677	708	738	614	397	794	712	884	338	385	623	432	720	854	563	541	543	328	395	797	829	578	865	605	503	470	832	737	488	826	689	542	746	677	588	624	797	736	659	847	441	534	348	429	582	485	593	
487	820	598	573	371	876	562	832	307	673	447	824	831	0	550	747	468	577	884	761	394	537	619	347	558	385	490	541	341	579	886	746	809	431	377	872	798	806	448	392	354	383	528	769	423	385	741	481	331	600	527	303	562	335	480	746	752	380	644	879	558	
649	831	327	877	861	465	690	742	805	303	753	616	677	550	0	408	558	379	685	356	516	606	580	437	430	561	877	684	860	472	816	426	343	312	600	501	638	869	724	771	757	356	396	499	586	339	630	671	495	621	367	387	526	381	542	701	524	325	736	774	304	
612	728	805	737	641	573	868	352	456	464	343	859	708	747	408	0	529	747	676	447	514	557	368	831	502	505	395	639	890	869	692	611	731	814	353	413	814	702	651	694	588	856	583	858	570	584	788	495	886	533	843	718	691	866	609	818	790	796	597	361	538	
569	441	837	324	585	380	701	439	652	327	808	366	738	468	558	529	0	532	693	339	614	563	478	518	455	691	310	473	491	523	688	660	778	312	374	606	545	548	867	791	313	781	482	457	783	674	531	590	504	355	595	459	351	326	894	526	428	685	597	536	645	
303	808	763	852	876	539	363	796	521	456	373	460	614	577	379	747	532	0	446	678	494	315	589	368	598	801	721	630	346	301	670	745	363	673	350	343	528	774	881	436	723	588	395	433	808	767	405	704	825	833	539	305	437	797	646	302	875	405	737	653	532	
883	411	358	363	770	844	753	380	314	861	748	699	397	884	685	676	693	446	0	329	350	564	323	808	328	711	307	309	541	433	564	612	463	311	789	699	542	534	454	434	338	519	843	899	396	697	861	329	860	466	662	755	617	615	840	596	598	358	789	601	827	
684	849	596	683	473	541	445	760	427	673	537	882	794	761	356	447	339	678	329	0	356	765	595	392	531	350	865	640	505	480	530	407	848	794	585	576	785	330	324	300	675	827	513	356	871	700	864	860	625	417	788	562	582	890	547	591	786	320	620	839	690	
617	395	591	433	885	300	367	712	313	538	602	744	712	394	516	514	614	494	350	356	0	596	675	735	325	434	484	478	325	760	785	774	448	543	643	869	500	571	344	514	431	832	616	705	776	448	547	860	527	593	830	703	586	802	529	870	514	750	496	861	807	
780	491	401	646	845	638	575	365	437	495	696	311	884	537	606	557	563	315	564	765	596	0	746	479	432	420	876	540	592	381	734	780	329	724	688	338	674	417	691	823	354	696	617	876	415	420	315	767	481	475	422	363	840	845	564	834	800	714	786	522	396	
795	375	519	322	389	538	847	589	649	848	680	884	338	619	580	368	478	589	323	595	675	746	0	631	624	673	387	380	627	746	577	774	457	638	333	551	500	387	594	430	738	847	417	456	384	421	727	395	613	742	341	563	739	857	863	326	591	589	607	827	760	
814	367	686	465	446	311	606	389	670	408	512	567	385	347	437	831	518	368	808	392	735	479	631	0	639	384	784	597	676	390	844	503	575	490	847	351	721	556	606	418	484	442	778	777	315	357	646	898	693	453	433	643	321	505	604	855	875	415	528	545	559	
770	459	677	627	790	464	796	626	313	366	418	495	623	558	430	502	455	598	328	531	325	432	624	639	0	633	336	468	677	847	608	622	779	674	730	342	483	675	405	759	859	800	520	539	677	527	508	716	777	323	704	561	331	376	687	486	333	335	651	610	666	
654	532	542	383	684	806	334	494	421	767	802	321	432	385	561	505	691	801	711	350	434	420	673	384	633	0	839	838	503	632	725	656	522	567	378	637	302	752	412	423	436	785	592	835	582	469	697	845	442	347	825	875	842	748	334	349	861	600	487	779	656	
492	761	787	639	828	305	674	802	311	384	315	498	720	490	877	395	310	721	307	865	484	876	387	784	336	839	0	748	749	764	406	739	315	581	360	332	623	347	672	706	518	459	632	319	317	623	455	607	792	396	429	741	379	332	623	489	655	597	556	796	683	
455	704	709	317	407	753	348	335	577	709	579	427	854	541	684	639	473	630	309	640	478	540	380	597	468	838	748	0	856	539	855	405	571	564	899	564	416	603	686	638	388	652	479	494	820	823	549	750	789	755	465	521	330	398	383	442	843	691	326	487	736	
761	497	301	862	583	866	484	429	385	410	510	316	563	341	860	890	491	346	541	505	325	592	627	676	677	503	749	856	0	725	772	430	384	614	666	516	395	795	335	675	487	545	401	747	647	630	636	409	556	541	540	409	444	586	558	617	524	499	324	740	393	
514	341	792	692	769	417	374	814	343	792	495	374	541	579	472	869	523	301	433	480	760	381	746	390	847	632	764	539	725	0	736	756	356	451	555	808	672	771	416	599	349	748	440	632	642	591	342	727	579	810	370	662	819	336	790	388	597	529	838	748	882	
689	692	701	313	705	399	681	642	328	755	491	537	543	886	816	692	688	670	564	530	785	734	577	844	608	725	406	855	772	736	0	712	483	589	549	605	849	389	787	392	828	424	402	678	854	567	337	783	710	403	835	494	825	709	880	740	577	746	369	883	846	
336	397	897	889	503	564	302	661	530	594	685	348	328	746	426	611	660	745	612	407	774	780	774	503	622	656	739	405	430	756	712	0	304	408	669	484	407	375	628	406	616	536	797	729	527	465	303	717	636	300	843	899	495	532	867	415	485	854	750	769	752	
758	400	342	729	485	690	866	786	481	638	477	314	395	809	343	731	778	363	463	848	448	329	457	575	779	522	315	571	384	356	483	304	0	340	787	656	551	319	471	597	708	882	839	411	310	306	516	625	671	726	679	815	450	332	620	547	480	734	894	657	625	
465	594	551	469	325	795	826	831	414	838	844	404	797	431	312	814	312	673	311	794	543	724	638	490	674	567	581	564	614	451	589	408	340	0	848	569	628	756	510	544	396	345	868	472	467	579	844	368	455	322	691	828	351	836	400	841	306	372	797	878	764	
536	873	330	436	374	675	726	318	322	470	729	888	829	377	600	353	374	350	789	585	643	688	333	847	730	378	360	899	666	555	549	669	787	848	0	758	826	533	799	441	509	644	404	458	690	552	716	711	322	762	706	552	548	586	722	520	493	719	805	453	608	
898	826	625	654	773	773	862	862	551	514	602	341	578	872	501	413	606	343	699	576	869	338	551	351	342	637	332	564	516	808	605	484	656	569	758	0	798	766	738	546	828	437	465	857	668	527	659	803	335	508	695	582	759	636	344	467	515	334	603	536	546	
606	864	581	777	547	386	815	304	387	501	780	801	865	798	638	814	545	528	542	785	500	674	500	721	483	302	623	416	395	672	849	407	551	628	826	798	0	557	386	433	679	387	856	465	357	301	523	487	428	652	466	529	703	658	560	559	665	340	393	356	437	
745	621	793	553	536	746	465	769	329	460	590	381	605	806	869	702	548	774	534	330	571	417	387	556	675	752	347	603	795	771	389	375	319	756	533	766	557	0	731	786	650	380	561	579	728	601	553	554	537	666	802	652	311	887	482	701	423	790	873	347	756	
351	583	776	620	455	516	780	627	572	332	822	690	503	448	724	651	867	881	454	324	344	691	594	606	405	412	672	686	335	416	787	628	471	510	799	738	386	731	0	362	829	790	548	878	511	420	374	558	478	360	764	563	853	738	539	535	828	738	727	706	359	
842	352	892	341	346	862	487	397	719	836	570	487	470	392	771	694	791	436	434	300	514	823	430	418	759	423	706	638	675	599	392	406	597	544	441	546	433	786	362	0	616	684	561	573	734	477	884	654	595	325	405	846	544	795	339	592	701	710	323	560	687	
837	654	484	414	504	515	864	703	678	571	665	462	832	354	757	588	313	723	338	675	431	354	738	484	859	436	518	388	487	349	828	616	708	396	509	828	679	650	829	616	0	518	736	677	698	706	556	865	816	640	696	481	581	354	784	320	816	334	633	600	510	
880	600	559	490	443	787	691	880	408	715	462	852	737	383	356	856	781	588	519	827	832	696	847	442	800	785	459	652	545	748	424	536	882	345	644	437	387	380	790	684	518	0	678	581	369	765	815	634	718	871	346	402	596	645	568	453	653	709	805	863	667	
586	548	642	872	447	524	510	619	874	816	393	870	488	528	396	583	482	395	843	513	616	617	417	778	520	592	632	479	401	440	402	797	839	868	404	465	856	561	548	561	736	678	0	421	892	799	671	735	744	453	372	480	784	740	407	339	410	577	420	539	412	
340	352	493	733	473	724	515	420	832	497	611	766	826	769	499	858	457	433	899	356	705	876	456	777	539	835	319	494	747	632	678	729	411	472	458	857	465	579	878	573	677	581	421	0	795	453	469	399	876	821	553	712	775	641	761	726	361	804	841	500	735	
638	812	378	379	520	481	417	643	438	452	441	468	689	423	586	570	783	808	396	871	776	415	384	315	677	582	317	820	647	642	854	527	310	467	690	668	357	728	511	734	698	369	892	795	0	647	392	890	468	488	604	771	779	763	348	576	795	839	422	590	517	
395	406	496	415	385	745	618	793	706	821	302	576	542	385	339	584	674	767	697	700	448	420	421	357	527	469	623	823	630	591	567	465	306	579	552	527	301	601	420	477	706	765	799	453	647	0	539	832	356	854	324	358	388	362	613	391	613	637	451	744	577	
787	632	814	629	606	681	329	479	573	324	479	302	746	741	630	788	531	405	861	864	547	315	727	646	508	697	455	549	636	342	337	303	516	844	716	659	523	553	374	884	556	815	671	469	392	539	0	777	569	785	740	540	868	850	402	554	354	499	811	750	418	
804	692	587	684	761	308	880	830	641	723	834	810	677	481	671	495	590	704	329	860	860	767	395	898	716	845	607	750	409	727	783	717	625	368	711	803	487	554	558	654	865	634	735	399	890	832	777	0	452	344	301	716	702	313	715	638	325	467	615	798	575	
453	322	434	880	356	313	656	770	305	502	646	857	588	331	495	886	504	825	860	625	527	481	613	693	777	442	792	789	556	579	710	636	671	455	322	335	428	537	478	595	816	718	744	876	468	356	569	452	0	491	727	827	678	573	759	476	684	304	786	319	854	
753	882	630	715	363	556	351	477	799	387	320	675	624	600	621	533	355	833	466	417	593	475	742	453	323	347	396	755	541	810	403	300	726	322	762	508	652	666	360	325	640	871	453	821	488	854	785	344	491	0	772	570	488	323	347	451	320	716	455	774	639	
854	579	648	881	308	854	410	683	524	336	565	862	797	527	367	843	595	539	662	788	830	422	341	433	704	825	429	465	540	370	835	843	679	691	706	695	466	802	764	405	696	346	372	553	604	324	740	301	727	772	0	799	549	455	536	800	359	785	325	867	856	
442	847	861	643	733	552	770	689	515	752	801	725	736	303	387	718	459	305	755	562	703	363	563	643	561	875	741	521	409	662	494	899	815	828	552	582	529	652	563	846	481	402	480	712	771	358	540	716	827	570	799	0	324	788	873	380	897	591	834	724	340	
768	395	360	784	542	830	776	864	876	781	785	420	659	562	526	691	351	437	617	582	586	840	739	321	331	842	379	330	444	819	825	495	450	351	548	759	703	311	853	544	581	596	784	775	779	388	868	702	678	488	549	324	0	503	685	497	332	546	784	553	796	
858	734	392	322	707	528	772	826	703	799	608	674	847	335	381	866	326	797	615	890	802	845	857	505	376	748	332	398	586	336	709	532	332	836	586	636	658	887	738	795	354	645	740	641	763	362	850	313	573	323	455	788	503	0	635	655	643	826	372	705	376	
681	726	762	838	827	684	897	375	869	397	486	552	441	480	542	609	894	646	840	547	529	564	863	604	687	334	623	383	558	790	880	867	620	400	722	344	560	482	539	339	784	568	407	761	348	613	402	715	759	347	536	873	685	635	0	552	495	881	398	645	332	
514	557	863	550	558	771	434	817	716	808	493	316	534	746	701	818	526	302	596	591	870	834	326	855	486	349	489	442	617	388	740	415	547	841	520	467	559	701	535	592	320	453	339	726	576	391	554	638	476	451	800	380	497	655	552	0	821	390	846	789	683	
602	746	512	462	321	626	821	633	316	751	586	488	348	752	524	790	428	875	598	786	514	800	591	875	333	861	655	843	524	597	577	485	480	306	493	515	665	423	828	701	816	653	410	361	795	613	354	325	684	320	359	897	332	643	495	821	0	645	592	625	683	
694	436	373	898	733	892	638	854	852	699	392	747	429	380	325	796	685	405	358	320	750	714	589	415	335	600	597	691	499	529	746	854	734	372	719	334	340	790	738	710	334	709	577	804	839	637	499	467	304	716	785	591	546	826	881	390	645	0	772	728	455	
895	569	853	765	605	892	625	391	826	877	892	537	582	644	736	597	597	737	789	620	496	786	607	528	651	487	556	326	324	838	369	750	894	797	805	603	393	873	727	323	633	805	420	841	422	451	811	615	786	455	325	834	784	372	398	846	592	772	0	863	788	
370	622	562	572	512	314	876	758	604	361	558	356	485	879	774	361	536	653	601	839	861	522	827	545	610	779	796	487	740	748	883	769	657	878	453	536	356	347	706	560	600	863	539	500	590	744	750	798	319	774	867	724	553	705	645	789	625	728	863	0	454	
800	553	727	451	532	798	749	486	747	399	505	615	593	558	304	538	645	532	827	690	807	396	760	559	666	656	683	736	393	882	846	752	625	764	608	546	437	756	359	687	510	667	412	735	517	577	418	575	854	639	856	340	796	376	332	683	683	455	788	454	0	
etats
Id_Station	Poids W	Min (P)	WSPT	Priorité	
1	8	300	300,00	48	
2	3	303	60,60	31	
3	1	326	108,67	41	
4	1	308	308,00	54	
5	8	300	50,00	24	
6	7	310	310,00	56	
7	6	310	44,29	20	
8	2	328	46,86	23	
9	8	305	305,00	50	
10	1	301	50,17	26	
11	5	309	103,00	39	
12	9	311	155,50	46	
13	1	302	50,33	27	
14	1	303	151,50	44	
15	5	306	306,00	53	
16	8	301	43,00	14	
17	8	311	34,56	5	
18	9	303	43,29	18	
19	4	300	150,00	42	
20	4	319	319,00	58	
21	6	309	44,14	19	
22	9	303	37,88	9	
23	1	310	44,29	21	
24	5	305	33,89	3	
25	2	302	33,56	1	
26	1	309	309,00	55	
27	7	308	51,33	28	
28	4	315	105,00	40	
29	3	302	33,56	2	
30	5	301	43,00	15	
31	8	300	50,00	25	
32	3	301	60,20	30	
33	4	305	33,89	4	
34	7	305	305,00	51	
35	4	300	60,00	29	
36	1	310	155,00	45	
37	4	320	40,00	13	
38	2	310	38,75	11	
39	1	309	77,25	35	
40	1	301	43,00	16	
41	1	322	80,50	37	
42	8	309	77,25	36	
43	4	302	37,75	8	
44	9	300	300,00	49	
45	4	317	158,50	47	
46	2	318	35,33	6	
47	1	307	38,38	10	
48	4	334	334,00	60	
49	3	301	37,63	7	
50	7	300	75,00	34	
51	2	315	39,38	12	
52	5	302	151,00	43	
53	4	319	319,00	59	
54	7	305	305,00	52	
55	4	318	318,00	57	
56	8	313	44,71	22	
57	1	319	63,80	33	
58	2	308	102,67	38	
59	1	314	62,80	32	
60	6	301	43,00	17	
 
