distances
0	627	690	603	739	303	878	519	716	633	465	572	840	799	448	485	433	669	844	795	723	320	369	663	315	373	530	421	392	793	642	509	898	442	779	362	688	393	851	376	658	681	796	688	576	656	534	722	374	384	369	699	411	509	747	739	481	762	855	649	361	
627	0	441	460	725	457	861	506	372	432	372	607	483	857	576	571	823	860	335	793	611	465	538	581	703	814	300	677	305	679	328	560	882	679	305	406	375	481	415	761	688	367	496	768	692	429	444	808	852	767	511	874	427	361	646	633	648	475	629	759	740	
690	441	0	874	811	772	329	358	775	435	643	374	412	353	524	425	622	700	787	495	581	644	533	653	541	436	347	318	612	853	863	508	784	749	599	871	859	307	429	726	779	871	473	587	311	428	561	669	376	863	450	872	601	830	755	459	307	706	806	437	863	
603	460	874	0	389	488	373	801	639	876	334	386	866	402	300	447	830	733	786	616	582	785	686	696	504	516	684	410	566	382	700	532	898	388	689	546	495	365	328	779	709	391	806	663	713	620	587	725	875	716	538	741	507	382	655	365	721	801	386	818	761	
739	725	811	389	0	886	708	517	809	803	419	537	362	612	758	683	472	586	793	642	690	644	863	380	382	669	518	593	648	888	392	322	870	367	431	653	426	602	314	560	472	756	357	692	591	305	753	859	467	352	410	312	673	717	771	633	685	335	470	791	847	
303	457	772	488	886	0	881	742	662	447	467	660	329	862	818	733	549	710	868	820	716	396	360	523	446	822	883	531	652	614	841	770	394	633	724	418	379	535	780	310	808	356	481	686	624	588	332	590	613	431	764	432	353	398	691	612	505	767	420	869	582	
878	861	329	373	708	881	0	383	695	727	842	507	396	632	497	530	787	750	528	574	889	760	526	670	801	603	799	771	866	508	557	427	437	705	480	403	634	769	844	614	664	345	342	340	547	687	444	845	519	883	822	605	594	348	415	363	857	738	553	455	578	
519	506	358	801	517	742	383	0	381	747	366	515	697	765	580	498	344	798	569	444	691	770	888	327	643	728	541	320	659	794	698	420	454	638	624	423	602	744	480	470	539	392	796	653	688	729	513	868	593	488	570	887	726	345	355	408	376	799	574	344	722	
716	372	775	639	809	662	695	381	0	566	782	462	689	729	896	353	813	484	823	382	453	680	832	850	657	589	647	717	845	872	637	604	628	393	573	457	386	449	688	866	558	608	689	460	761	759	304	674	458	755	853	663	302	661	444	564	564	400	400	627	620	
633	432	435	876	803	447	727	747	566	0	806	364	616	498	864	511	875	844	633	341	402	591	476	875	842	407	550	760	578	706	345	686	531	616	440	356	792	637	300	697	659	846	485	556	523	618	454	775	342	740	491	551	388	726	529	378	370	343	588	739	821	
465	372	643	334	419	467	842	366	782	806	0	312	839	870	697	809	653	405	758	690	832	406	442	588	875	877	801	312	833	411	553	766	754	611	664	778	813	775	541	313	519	311	790	505	546	479	374	496	445	596	357	775	416	614	538	545	306	312	323	617	322	
572	607	374	386	537	660	507	515	462	364	312	0	323	639	650	589	302	404	733	657	585	411	690	872	591	648	505	761	300	810	604	389	382	453	626	878	542	890	809	321	609	418	474	609	877	868	496	811	438	342	790	302	689	657	326	854	889	682	853	470	685	
840	483	412	866	362	329	396	697	689	616	839	323	0	316	359	367	760	602	654	394	318	521	539	624	352	835	461	356	321	485	643	381	411	748	370	788	310	550	359	794	619	557	852	571	304	347	441	898	868	310	871	547	416	837	789	324	389	434	858	789	870	
799	857	353	402	612	862	632	765	729	498	870	639	316	0	854	771	658	584	616	355	749	645	798	454	743	839	434	659	342	414	301	425	769	728	400	720	581	857	891	614	593	718	310	738	677	542	654	823	538	370	841	840	689	563	898	491	695	891	828	885	518	
448	576	524	300	758	818	497	580	896	864	697	650	359	854	0	418	866	796	537	454	793	635	321	754	334	476	719	818	848	566	811	823	809	756	741	447	753	487	391	330	772	888	542	791	470	627	653	377	435	731	864	746	866	519	408	821	387	881	658	347	621	
485	571	425	447	683	733	530	498	353	511	809	589	367	771	418	0	330	676	385	636	393	561	556	792	338	670	862	452	320	795	780	733	572	629	732	650	835	862	602	338	399	312	549	401	810	721	888	817	307	493	392	661	570	342	858	796	831	832	682	801	859	
433	823	622	830	472	549	787	344	813	875	653	302	760	658	866	330	0	321	702	801	778	863	432	491	583	395	551	856	753	700	481	850	542	394	827	898	890	750	801	446	404	848	338	758	525	748	456	784	353	766	831	325	600	805	869	579	695	852	695	370	545	
669	860	700	733	586	710	750	798	484	844	405	404	602	584	796	676	321	0	561	392	615	764	706	866	848	446	482	758	662	556	704	702	852	479	442	336	320	467	451	631	338	599	644	409	547	843	491	622	323	533	700	854	635	349	348	663	437	680	729	879	622	
844	335	787	786	793	868	528	569	823	633	758	733	654	616	537	385	702	561	0	895	332	754	387	588	669	568	444	832	624	584	823	777	822	309	875	466	866	878	334	720	372	656	533	604	421	466	367	515	746	492	417	620	605	575	366	612	515	420	484	871	837	
795	793	495	616	642	820	574	444	382	341	690	657	394	355	454	636	801	392	895	0	662	510	422	716	360	759	607	717	570	710	684	450	691	679	607	452	548	841	882	443	874	493	599	880	322	732	351	404	640	317	887	598	472	465	474	463	568	814	327	416	551	
723	611	581	582	690	716	889	691	453	402	832	585	318	749	793	393	778	615	332	662	0	851	797	539	831	512	859	713	496	890	559	323	486	727	792	816	423	578	463	668	473	733	367	792	502	835	392	640	607	871	556	460	555	845	451	549	693	846	440	307	711	
320	465	644	785	644	396	760	770	680	591	406	411	521	645	635	561	863	764	754	510	851	0	349	313	818	410	730	591	377	517	561	564	382	720	737	785	577	616	569	424	796	780	592	311	728	509	857	667	863	870	578	858	324	513	755	629	850	810	666	686	828	
369	538	533	686	863	360	526	888	832	476	442	690	539	798	321	556	432	706	387	422	797	349	0	671	449	594	760	728	454	517	304	499	558	643	594	310	317	329	444	484	465	755	605	685	738	301	498	301	670	765	725	790	491	600	348	456	894	517	507	754	729	
663	581	653	696	380	523	670	327	850	875	588	872	624	454	754	792	491	866	588	716	539	313	671	0	680	605	575	496	685	374	812	370	313	337	677	433	743	783	415	505	454	346	512	732	654	818	535	403	325	527	403	335	726	582	817	763	733	602	733	694	548	
315	703	541	504	382	446	801	643	657	842	875	591	352	743	334	338	583	848	669	360	831	818	449	680	0	361	627	621	329	441	752	688	724	833	881	767	736	597	837	811	696	532	388	677	372	370	724	769	412	829	328	728	838	817	697	436	461	483	733	834	412	
373	814	436	516	669	822	603	728	589	407	877	648	835	839	476	670	395	446	568	759	512	410	594	605	361	0	639	489	418	871	606	543	620	451	896	673	811	718	667	486	309	710	564	866	705	414	500	808	457	477	696	429	486	881	355	315	657	515	897	711	856	
530	300	347	684	518	883	799	541	647	550	801	505	461	434	719	862	551	482	444	607	859	730	760	575	627	639	0	585	305	760	784	631	367	793	771	367	847	781	399	853	706	327	555	868	832	820	397	882	698	401	537	522	701	718	518	865	704	382	862	580	407	
421	677	318	410	593	531	771	320	717	760	312	761	356	659	818	452	856	758	832	717	713	591	728	496	621	489	585	0	798	783	825	341	318	682	483	413	657	808	727	533	391	756	599	654	698	443	336	768	708	829	452	505	758	581	531	804	309	519	498	772	656	
392	305	612	566	648	652	866	659	845	578	833	300	321	342	848	320	753	662	624	570	496	377	454	685	329	418	305	798	0	758	769	554	691	658	327	350	303	372	483	321	524	728	571	494	409	773	858	838	566	455	815	672	368	607	378	322	694	847	356	335	325	
793	679	853	382	888	614	508	794	872	706	411	810	485	414	566	795	700	556	584	710	890	517	517	374	441	871	760	783	758	0	548	502	841	745	834	764	716	693	684	644	716	621	342	789	895	840	323	712	727	577	435	591	620	587	396	474	319	433	530	551	658	
642	328	863	700	392	841	557	698	637	345	553	604	643	301	811	780	481	704	823	684	559	561	304	812	752	606	784	825	769	548	0	443	643	520	449	450	471	666	756	667	849	706	503	553	430	333	317	313	661	348	752	898	452	412	365	783	658	703	311	382	830	
509	560	508	532	322	770	427	420	604	686	766	389	381	425	823	733	850	702	777	450	323	564	499	370	688	543	631	341	554	502	443	0	700	706	700	348	703	468	665	604	652	371	552	381	389	330	628	738	550	886	503	562	858	565	842	887	536	310	861	353	589	
898	882	784	898	870	394	437	454	628	531	754	382	411	769	809	572	542	852	822	691	486	382	558	313	724	620	367	318	691	841	643	700	0	639	367	791	778	740	650	801	704	343	601	831	665	571	628	319	539	770	795	447	358	488	563	895	696	552	390	569	779	
442	679	749	388	367	633	705	638	393	616	611	453	748	728	756	629	394	479	309	679	727	720	643	337	833	451	793	682	658	745	520	706	639	0	436	358	773	423	666	378	373	861	771	894	795	387	675	854	850	758	490	530	754	784	395	805	364	301	694	371	642	
779	305	599	689	431	724	480	624	573	440	664	626	370	400	741	732	827	442	875	607	792	737	594	677	881	896	771	483	327	834	449	700	367	436	0	675	637	545	735	493	333	352	507	734	449	722	740	476	615	885	447	893	366	543	483	576	468	332	407	466	719	
362	406	871	546	653	418	403	423	457	356	778	878	788	720	447	650	898	336	466	452	816	785	310	433	767	673	367	413	350	764	450	348	791	358	675	0	323	506	794	685	531	806	529	642	577	810	487	495	805	367	784	352	669	449	461	883	374	897	444	490	429	
688	375	859	495	426	379	634	602	386	792	813	542	310	581	753	835	890	320	866	548	423	577	317	743	736	811	847	657	303	716	471	703	778	773	637	323	0	777	866	654	704	578	384	808	766	532	878	337	363	579	639	400	478	799	312	590	628	739	881	654	790	
393	481	307	365	602	535	769	744	449	637	775	890	550	857	487	862	750	467	878	841	578	616	329	783	597	718	781	808	372	693	666	468	740	423	545	506	777	0	877	395	306	476	631	775	362	548	395	541	561	647	568	599	784	460	611	506	408	439	435	726	837	
851	415	429	328	314	780	844	480	688	300	541	809	359	891	391	602	801	451	334	882	463	569	444	415	837	667	399	727	483	684	756	665	650	666	735	794	866	877	0	713	442	692	401	693	822	766	861	824	884	856	341	897	705	445	690	613	886	844	316	735	488	
376	761	726	779	560	310	614	470	866	697	313	321	794	614	330	338	446	631	720	443	668	424	484	505	811	486	853	533	321	644	667	604	801	378	493	685	654	395	713	0	504	637	474	569	381	646	531	593	687	689	418	430	860	809	308	451	304	521	860	733	358	
658	688	779	709	472	808	664	539	558	659	519	609	619	593	772	399	404	338	372	874	473	796	465	454	696	309	706	391	524	716	849	652	704	373	333	531	704	306	442	504	0	363	854	406	612	338	587	437	695	779	490	632	417	349	743	608	638	759	590	378	486	
681	367	871	391	756	356	345	392	608	846	311	418	557	718	888	312	848	599	656	493	733	780	755	346	532	710	327	756	728	621	706	371	343	861	352	806	578	476	692	637	363	0	503	401	880	415	515	544	672	555	373	633	481	324	542	891	320	371	406	723	501	
796	496	473	806	357	481	342	796	689	485	790	474	852	310	542	549	338	644	533	599	367	592	605	512	388	564	555	599	571	342	503	552	601	771	507	529	384	631	401	474	854	503	0	380	584	731	393	735	496	443	879	700	362	823	493	486	427	446	784	525	815	
688	768	587	663	692	686	340	653	460	556	505	609	571	738	791	401	758	409	604	880	792	311	685	732	677	866	868	654	494	789	553	381	831	894	734	642	808	775	693	569	406	401	380	0	561	483	363	447	389	498	716	727	562	750	397	548	885	792	645	477	542	
576	692	311	713	591	624	547	688	761	523	546	877	304	677	470	810	525	547	421	322	502	728	738	654	372	705	832	698	409	895	430	389	665	795	449	577	766	362	822	381	612	880	584	561	0	757	446	630	827	570	332	674	490	663	304	876	466	673	806	340	374	
656	429	428	620	305	588	687	729	759	618	479	868	347	542	627	721	748	843	466	732	835	509	301	818	370	414	820	443	773	840	333	330	571	387	722	810	532	548	766	646	338	415	731	483	757	0	728	352	556	357	577	877	744	824	768	545	622	558	366	443	345	
534	444	561	587	753	332	444	513	304	454	374	496	441	654	653	888	456	491	367	351	392	857	498	535	724	500	397	336	858	323	317	628	628	675	740	487	878	395	861	531	587	515	393	363	446	728	0	318	403	470	672	630	739	838	494	870	745	327	651	675	512	
722	808	669	725	859	590	845	868	674	775	496	811	898	823	377	817	784	622	515	404	640	667	301	403	769	808	882	768	838	712	313	738	319	854	476	495	337	541	824	593	437	544	735	447	630	352	318	0	620	411	798	519	478	847	483	323	376	546	722	378	667	
374	852	376	875	467	613	519	593	458	342	445	438	868	538	435	307	353	323	746	640	607	863	670	325	412	457	698	708	566	727	661	550	539	850	615	805	363	561	884	687	695	672	496	389	827	556	403	620	0	869	831	547	850	683	506	829	429	656	466	697	387	
384	767	863	716	352	431	883	488	755	740	596	342	310	370	731	493	766	533	492	317	871	870	765	527	829	477	401	829	455	577	348	886	770	758	885	367	579	647	856	689	779	555	443	498	570	357	470	411	869	0	579	438	593	333	426	878	810	782	766	851	380	
369	511	450	538	410	764	822	570	853	491	357	790	871	841	864	392	831	700	417	887	556	578	725	403	328	696	537	452	815	435	752	503	795	490	447	784	639	568	341	418	490	373	879	716	332	577	672	798	831	579	0	547	535	522	326	613	747	379	686	772	884	
699	874	872	741	312	432	605	887	663	551	775	302	547	840	746	661	325	854	620	598	460	858	790	335	728	429	522	505	672	591	898	562	447	530	893	352	400	599	897	430	632	633	700	727	674	877	630	519	547	438	547	0	870	461	326	777	427	580	633	806	398	
411	427	601	507	673	353	594	726	302	388	416	689	416	689	866	570	600	635	605	472	555	324	491	726	838	486	701	758	368	620	452	858	358	754	366	669	478	784	705	860	417	481	362	562	490	744	739	478	850	593	535	870	0	496	891	694	778	539	720	528	649	
509	361	830	382	717	398	348	345	661	726	614	657	837	563	519	342	805	349	575	465	845	513	600	582	817	881	718	581	607	587	412	565	488	784	543	449	799	460	445	809	349	324	823	750	663	824	838	847	683	333	522	461	496	0	605	379	407	519	664	424	535	
747	646	755	655	771	691	415	355	444	529	538	326	789	898	408	858	869	348	366	474	451	755	348	817	697	355	518	531	378	396	365	842	563	395	483	461	312	611	690	308	743	542	493	397	304	768	494	483	506	426	326	326	891	605	0	324	531	633	817	818	788	
739	633	459	365	633	612	363	408	564	378	545	854	324	491	821	796	579	663	612	463	549	629	456	763	436	315	865	804	322	474	783	887	895	805	576	883	590	506	613	451	608	891	486	548	876	545	870	323	829	878	613	777	694	379	324	0	594	401	333	688	587	
481	648	307	721	685	505	857	376	564	370	306	889	389	695	387	831	695	437	515	568	693	850	894	733	461	657	704	309	694	319	658	536	696	364	468	374	628	408	886	304	638	320	427	885	466	622	745	376	429	810	747	427	778	407	531	594	0	590	325	405	552	
762	475	706	801	335	767	738	799	400	343	312	682	434	891	881	832	852	680	420	814	846	810	517	602	483	515	382	519	847	433	703	310	552	301	332	897	739	439	844	521	759	371	446	792	673	558	327	546	656	782	379	580	539	519	633	401	590	0	354	776	419	
855	629	806	386	470	420	553	574	400	588	323	853	858	828	658	682	695	729	484	327	440	666	507	733	733	897	862	498	356	530	311	861	390	694	407	444	881	435	316	860	590	406	784	645	806	366	651	722	466	766	686	633	720	664	817	333	325	354	0	576	351	
649	759	437	818	791	869	455	344	627	739	617	470	789	885	347	801	370	879	871	416	307	686	754	694	834	711	580	772	335	551	382	353	569	371	466	490	654	726	735	733	378	723	525	477	340	443	675	378	697	851	772	806	528	424	818	688	405	776	576	0	831	
361	740	863	761	847	582	578	722	620	821	322	685	870	518	621	859	545	622	837	551	711	828	729	548	412	856	407	656	325	658	830	589	779	642	719	429	790	837	488	358	486	501	815	542	374	345	512	667	387	380	884	398	649	535	788	587	552	419	351	831	0	
etats
Id_Station	Poids W	Min (P)	WSPT	Priorité	
1	2	318	39,75	11	
2	1	301	100,33	38	
3	5	313	313,00	57	
4	4	308	308,00	55	
5	1	300	37,50	5	
6	8	302	43,14	14	
7	7	304	50,67	18	
8	4	305	152,50	44	
9	5	303	37,88	8	
10	8	302	302,00	50	
11	4	302	60,40	21	
12	4	316	35,11	3	
13	1	303	303,00	51	
14	5	303	303,00	52	
15	7	343	68,60	25	
16	4	310	38,75	10	
17	1	301	37,63	7	
18	1	307	34,11	1	
19	7	300	75,00	26	
20	6	300	75,00	27	
21	7	311	51,83	20	
22	6	322	35,78	4	
23	6	311	311,00	56	
24	2	313	62,60	23	
25	6	302	151,00	41	
26	6	305	305,00	54	
27	1	309	44,14	15	
28	1	301	75,25	28	
29	9	301	100,33	39	
30	1	313	62,60	24	
31	1	300	37,50	6	
32	4	304	101,33	40	
33	9	306	76,50	32	
34	7	318	45,43	16	
35	1	332	83,00	36	
36	7	301	301,00	48	
37	9	311	77,75	33	
38	6	324	162,00	46	
39	2	300	300,00	47	
40	8	313	313,00	58	
41	4	345	345,00	60	
42	1	339	42,38	12	
43	9	319	79,75	35	
44	2	310	34,44	2	
45	3	301	75,25	29	
46	1	302	151,00	42	
47	3	301	301,00	49	
48	2	304	76,00	31	
49	3	300	100,00	37	
50	4	301	43,00	13	
51	1	303	151,50	43	
52	6	311	62,20	22	
53	2	313	78,25	34	
54	4	332	47,43	17	
55	9	302	75,50	30	
56	1	306	38,25	9	
57	1	304	304,00	53	
58	2	323	161,50	45	
59	2	314	314,00	59	
60	2	304	50,67	19	

