distances
0	787	649	784	735	344	375	391	405	340	662	419	814	818	366	522	390	463	676	494	683	399	871	304	508	774	766	869	378	523	666	701	498	867	511	817	532	460	736	881	639	879	376	643	884	315	358	584	492	416	588	523	731	505	720	412	552	320	895	844	499	
787	0	759	631	833	583	759	676	301	657	667	311	465	414	895	586	875	459	699	569	308	884	754	757	704	323	310	801	656	879	759	874	812	326	765	432	383	673	872	758	452	605	511	432	828	667	584	310	569	702	412	852	405	578	890	837	588	389	571	602	469	
649	759	0	865	757	884	433	591	743	804	667	899	816	499	363	730	634	683	753	365	731	860	850	712	740	367	669	848	514	450	310	525	601	692	643	683	324	834	611	794	579	686	518	474	862	368	828	853	347	694	588	362	789	513	749	545	876	328	330	885	434	
784	631	865	0	504	558	637	491	581	379	757	864	563	381	805	676	624	657	414	560	355	692	524	790	604	766	835	315	383	674	885	387	665	533	849	728	615	892	879	697	448	652	557	691	557	574	459	452	894	324	438	405	766	517	338	551	494	820	366	532	769	
735	833	757	504	0	507	729	643	614	505	871	779	725	466	884	774	880	734	705	519	334	824	642	763	734	413	665	575	770	888	338	652	385	611	806	618	759	625	539	442	772	316	531	540	432	858	493	829	706	588	547	754	567	805	799	792	638	554	499	517	433	
344	583	884	558	507	0	406	422	372	638	586	514	556	893	317	787	442	477	410	310	471	419	818	747	782	714	374	497	782	490	831	625	634	890	829	631	500	744	666	688	451	853	781	437	867	442	402	863	541	443	538	341	802	593	399	815	628	720	879	651	582	
375	759	433	637	729	406	0	364	476	397	598	510	455	526	509	510	315	408	840	487	384	584	844	345	679	708	811	345	327	546	516	352	875	862	829	559	501	489	731	813	528	335	869	720	599	862	808	869	396	351	615	308	452	742	341	561	394	360	417	561	346	
391	676	591	491	643	422	364	0	733	385	403	855	845	345	884	365	751	683	305	607	898	672	367	755	324	490	479	805	835	544	660	476	408	415	653	592	853	436	512	855	724	751	704	764	411	712	872	811	777	877	855	857	715	367	818	369	726	414	770	416	600	
405	301	743	581	614	372	476	733	0	689	561	856	686	697	459	428	394	779	715	342	314	426	450	339	669	781	441	793	748	588	345	349	745	862	537	718	802	427	841	344	494	563	415	378	773	682	332	777	392	654	671	693	372	656	652	468	673	782	310	502	437	
340	657	804	379	505	638	397	385	689	0	400	869	767	747	555	867	489	541	830	434	613	713	409	789	833	718	398	799	783	382	641	329	336	662	653	794	510	328	375	508	689	636	757	383	737	898	538	414	335	666	581	730	718	807	328	766	853	316	612	481	441	
662	667	667	757	871	586	598	403	561	400	0	508	365	549	578	448	734	483	829	377	380	375	734	880	708	755	794	403	375	375	327	378	544	330	517	752	881	709	882	361	420	888	776	693	851	770	812	328	718	558	506	845	625	565	401	785	351	480	451	493	683	
419	311	899	864	779	514	510	855	856	869	508	0	833	499	654	558	739	492	708	422	446	588	848	519	412	502	302	326	796	880	384	587	679	410	881	789	363	708	608	442	411	507	485	436	391	676	805	887	834	383	685	693	521	632	878	356	374	869	857	633	833	
814	465	816	563	725	556	455	845	686	767	365	833	0	786	332	718	459	655	327	602	645	339	882	729	787	546	311	329	527	760	826	451	314	838	731	339	710	610	785	614	650	499	356	504	473	591	853	728	617	871	363	489	885	342	346	764	781	387	848	376	466	
818	414	499	381	466	893	526	345	697	747	549	499	786	0	799	342	721	346	653	416	857	704	787	782	700	392	312	735	633	678	504	302	313	611	788	838	864	784	822	765	567	847	513	549	500	391	449	494	863	530	558	672	795	505	302	720	679	575	330	762	488	
366	895	363	805	884	317	509	884	459	555	578	654	332	799	0	789	811	595	465	633	769	866	855	767	629	887	623	734	873	334	872	758	382	417	515	562	695	525	712	838	423	455	871	459	870	707	603	664	556	372	895	754	786	780	702	486	336	478	775	732	476	
522	586	730	676	774	787	510	365	428	867	448	558	718	342	789	0	808	884	794	626	771	452	698	670	640	820	540	647	371	773	425	749	394	424	800	702	423	390	675	578	796	472	619	676	384	886	360	858	813	387	624	801	564	794	570	771	819	801	314	610	359	
390	875	634	624	880	442	315	751	394	489	734	739	459	721	811	808	0	399	758	590	667	435	614	375	401	418	347	708	346	628	363	873	430	339	597	792	689	762	587	383	813	584	818	726	599	781	786	533	513	596	691	868	349	571	408	405	866	803	681	742	765	
463	459	683	657	734	477	408	683	779	541	483	492	655	346	595	884	399	0	899	596	809	622	842	650	887	613	424	849	675	602	764	834	548	718	326	690	798	792	844	822	591	376	465	834	461	347	880	481	856	447	899	348	724	435	649	436	408	512	445	673	567	
676	699	753	414	705	410	840	305	715	830	829	708	327	653	465	794	758	899	0	357	806	881	797	706	737	502	406	647	485	805	329	760	461	826	819	881	490	754	331	405	828	668	870	523	574	800	404	363	722	405	724	388	671	395	695	792	368	427	569	412	356	
494	569	365	560	519	310	487	607	342	434	377	422	602	416	633	626	590	596	357	0	742	866	819	866	633	395	521	671	662	663	544	799	735	619	387	762	561	793	619	656	321	453	391	307	622	369	497	650	802	457	466	380	781	802	890	796	738	301	645	368	662	
683	308	731	355	334	471	384	898	314	613	380	446	645	857	769	771	667	809	806	742	0	474	518	799	823	746	473	486	629	748	774	838	671	895	491	547	652	896	898	407	543	807	717	600	805	898	779	633	747	578	777	650	781	583	860	351	641	688	759	560	345	
399	884	860	692	824	419	584	672	426	713	375	588	339	704	866	452	435	622	881	866	474	0	583	694	548	725	521	702	477	589	540	614	724	670	716	411	575	751	804	736	586	412	602	677	799	552	669	383	727	795	663	529	573	746	736	646	832	374	328	619	589	
871	754	850	524	642	818	844	367	450	409	734	848	882	787	855	698	614	842	797	819	518	583	0	618	399	603	505	353	320	732	755	794	703	845	549	883	870	491	517	578	363	486	777	817	467	803	870	715	694	581	663	603	717	370	404	405	614	339	517	683	604	
304	757	712	790	763	747	345	755	339	789	880	519	729	782	767	670	375	650	706	866	799	694	618	0	372	820	770	893	388	367	432	302	637	591	757	693	459	655	689	713	457	667	773	403	622	441	555	468	568	568	703	720	698	439	423	817	768	646	630	583	600	
508	704	740	604	734	782	679	324	669	833	708	412	787	700	629	640	401	887	737	633	823	548	399	372	0	864	519	703	521	337	433	492	705	570	365	556	784	844	558	767	804	525	584	805	407	661	695	622	819	881	836	704	637	767	305	744	529	455	819	780	873	
774	323	367	766	413	714	708	490	781	718	755	502	546	392	887	820	418	613	502	395	746	725	603	820	864	0	581	638	356	401	605	614	870	310	735	714	853	425	583	711	506	683	435	623	618	432	739	466	429	741	491	464	786	333	378	728	748	381	313	767	803	
766	310	669	835	665	374	811	479	441	398	794	302	311	312	623	540	347	424	406	521	473	521	505	770	519	581	0	603	309	526	474	495	877	671	798	891	653	419	548	585	302	436	549	719	475	881	488	513	494	872	453	869	826	529	461	845	378	650	404	585	835	
869	801	848	315	575	497	345	805	793	799	403	326	329	735	734	647	708	849	647	671	486	702	353	893	703	638	603	0	732	448	345	395	442	355	435	863	447	377	653	786	640	639	843	616	769	431	773	705	308	575	651	405	455	736	489	511	328	832	688	601	692	
378	656	514	383	770	782	327	835	748	783	375	796	527	633	873	371	346	675	485	662	629	477	320	388	521	356	309	732	0	639	592	346	356	891	708	395	502	431	726	552	698	844	316	431	717	320	554	356	584	754	599	443	757	567	654	589	346	849	677	857	328	
523	879	450	674	888	490	546	544	588	382	375	880	760	678	334	773	628	602	805	663	748	589	732	367	337	401	526	448	639	0	418	421	651	464	312	651	700	646	487	771	884	794	714	676	333	325	542	395	331	590	311	889	844	375	565	823	370	564	385	825	387	
666	759	310	885	338	831	516	660	345	641	327	384	826	504	872	425	363	764	329	544	774	540	755	432	433	605	474	345	592	418	0	741	488	759	636	898	789	775	627	511	485	327	536	358	552	776	621	681	727	503	487	518	639	682	578	773	476	347	659	785	462	
701	874	525	387	652	625	352	476	349	329	378	587	451	302	758	749	873	834	760	799	838	614	794	302	492	614	495	395	346	421	741	0	443	564	622	537	372	538	897	790	445	309	604	305	586	824	309	756	387	377	619	475	563	611	567	420	360	598	865	528	695	
498	812	601	665	385	634	875	408	745	336	544	679	314	313	382	394	430	548	461	735	671	724	703	637	705	870	877	442	356	651	488	443	0	667	464	529	478	786	326	310	691	898	731	804	589	807	596	455	411	675	810	486	604	805	528	874	875	326	738	843	326	
867	326	692	533	611	890	862	415	862	662	330	410	838	611	417	424	339	718	826	619	895	670	845	591	570	310	671	355	891	464	759	564	667	0	405	393	823	416	515	472	449	414	686	467	646	742	360	747	672	441	653	665	412	549	780	488	769	356	556	707	580	
511	765	643	849	806	829	829	653	537	653	517	881	731	788	515	800	597	326	819	387	491	716	549	757	365	735	798	435	708	312	636	622	464	405	0	423	837	714	744	665	853	686	546	646	341	577	499	572	738	412	575	554	527	402	523	722	846	332	783	790	578	
817	432	683	728	618	631	559	592	718	794	752	789	339	838	562	702	792	690	881	762	547	411	883	693	556	714	891	863	395	651	898	537	529	393	423	0	322	439	661	776	525	538	875	847	311	331	394	583	402	488	725	887	707	378	730	587	814	744	473	481	794	
532	383	324	615	759	500	501	853	802	510	881	363	710	864	695	423	689	798	490	561	652	575	870	459	784	853	653	447	502	700	789	372	478	823	837	322	0	399	872	575	543	471	439	818	711	544	693	844	677	859	464	596	301	442	358	378	843	459	545	311	772	
460	673	834	892	625	744	489	436	427	328	709	708	610	784	525	390	762	792	754	793	896	751	491	655	844	425	419	377	431	646	775	538	786	416	714	439	399	0	879	406	476	695	895	855	542	578	887	376	759	636	340	829	455	508	892	322	433	771	726	771	351	
736	872	611	879	539	666	731	512	841	375	882	608	785	822	712	675	587	844	331	619	898	804	517	689	558	583	548	653	726	487	627	897	326	515	744	661	872	879	0	818	427	306	485	885	672	584	310	850	689	726	825	639	303	839	426	762	590	854	492	302	691	
881	758	794	697	442	688	813	855	344	508	361	442	614	765	838	578	383	822	405	656	407	736	578	713	767	711	585	786	552	771	511	790	310	472	665	776	575	406	818	0	696	871	568	386	532	722	508	667	539	462	356	532	362	815	784	717	857	839	691	769	378	
639	452	579	448	772	451	528	724	494	689	420	411	650	567	423	796	813	591	828	321	543	586	363	457	804	506	302	640	698	884	485	445	691	449	853	525	543	476	427	696	0	885	819	732	683	340	801	592	789	838	317	519	476	641	754	530	852	546	501	581	652	
879	605	686	652	316	853	335	751	563	636	888	507	499	847	455	472	584	376	668	453	807	412	486	667	525	683	436	639	844	794	327	309	898	414	686	538	471	695	306	871	885	0	868	437	890	608	837	676	502	764	832	831	690	854	768	637	463	380	676	823	616	
376	511	518	557	531	781	869	704	415	757	776	485	356	513	871	619	818	465	870	391	717	602	777	773	584	435	549	843	316	714	536	604	731	686	546	875	439	895	485	568	819	868	0	809	653	501	702	758	845	363	876	340	700	371	631	708	595	729	460	691	402	
643	432	474	691	540	437	720	764	378	383	693	436	504	549	459	676	726	834	523	307	600	677	817	403	805	623	719	616	431	676	358	305	804	467	646	847	818	855	885	386	732	437	809	0	516	593	896	585	304	691	424	820	565	875	895	619	343	713	808	570	803	
884	828	862	557	432	867	599	411	773	737	851	391	473	500	870	384	599	461	574	622	805	799	467	622	407	618	475	769	717	333	552	586	589	646	341	311	711	542	672	532	683	890	653	516	0	773	852	804	816	817	627	571	865	663	897	332	852	661	676	743	388	
315	667	368	574	858	442	862	712	682	898	770	676	591	391	707	886	781	347	800	369	898	552	803	441	661	432	881	431	320	325	776	824	807	742	577	331	544	578	584	722	340	608	501	593	773	0	769	812	531	809	500	609	314	407	705	329	689	493	709	554	838	
358	584	828	459	493	402	808	872	332	538	812	805	853	449	603	360	786	880	404	497	779	669	870	555	695	739	488	773	554	542	621	309	596	360	499	394	693	887	310	508	801	837	702	896	852	769	0	504	343	804	743	483	319	531	429	425	712	732	700	321	554	
584	310	853	452	829	863	869	811	777	414	328	887	728	494	664	858	533	481	363	650	633	383	715	468	622	466	513	705	356	395	681	756	455	747	572	583	844	376	850	667	592	676	758	585	804	812	504	0	584	330	832	436	577	576	343	669	341	542	871	661	336	
492	569	347	894	706	541	396	777	392	335	718	834	617	863	556	813	513	856	722	802	747	727	694	568	819	429	494	308	584	331	727	387	411	672	738	402	677	759	689	539	789	502	845	304	816	531	343	584	0	628	770	562	855	547	417	377	668	375	833	721	478	
416	702	694	324	588	443	351	877	654	666	558	383	871	530	372	387	596	447	405	457	578	795	581	568	881	741	872	575	754	590	503	377	675	441	412	488	859	636	726	462	838	764	363	691	817	809	804	330	628	0	715	496	591	585	376	535	847	708	594	887	773	
588	412	588	438	547	538	615	855	671	581	506	685	363	558	895	624	691	899	724	466	777	663	663	703	836	491	453	651	599	311	487	619	810	653	575	725	464	340	825	356	317	832	876	424	627	500	743	832	770	715	0	688	635	765	370	404	359	886	795	683	623	
523	852	362	405	754	341	308	857	693	730	845	693	489	672	754	801	868	348	388	380	650	529	603	720	704	464	869	405	443	889	518	475	486	665	554	887	596	829	639	532	519	831	340	820	571	609	483	436	562	496	688	0	614	794	585	753	357	599	624	612	581	
731	405	789	766	567	802	452	715	372	718	625	521	885	795	786	564	349	724	671	781	781	573	717	698	637	786	826	455	757	844	639	563	604	412	527	707	301	455	303	362	476	690	700	565	865	314	319	577	855	591	635	614	0	778	316	390	831	569	499	770	581	
505	578	513	517	805	593	742	367	656	807	565	632	342	505	780	794	571	435	395	802	583	746	370	439	767	333	529	736	567	375	682	611	805	549	402	378	442	508	839	815	641	854	371	875	663	407	531	576	547	585	765	794	778	0	396	675	604	597	344	519	541	
720	890	749	338	799	399	341	818	652	328	401	878	346	302	702	570	408	649	695	890	860	736	404	423	305	378	461	489	654	565	578	567	528	780	523	730	358	892	426	784	754	768	631	895	897	705	429	343	417	376	370	585	316	396	0	840	611	471	382	729	515	
412	837	545	551	792	815	561	369	468	766	785	356	764	720	486	771	405	436	792	796	351	646	405	817	744	728	845	511	589	823	773	420	874	488	722	587	378	322	762	717	530	637	708	619	332	329	425	669	377	535	404	753	390	675	840	0	425	507	577	679	722	
552	588	876	494	638	628	394	726	673	853	351	374	781	679	336	819	866	408	368	738	641	832	614	768	529	748	378	328	346	370	476	360	875	769	846	814	843	433	590	857	852	463	595	343	852	689	712	341	668	847	359	357	831	604	611	425	0	532	724	393	760	
320	389	328	820	554	720	360	414	782	316	480	869	387	575	478	801	803	512	427	301	688	374	339	646	455	381	650	832	849	564	347	598	326	356	332	744	459	771	854	839	546	380	729	713	661	493	732	542	375	708	886	599	569	597	471	507	532	0	624	761	420	
895	571	330	366	499	879	417	770	310	612	451	857	848	330	775	314	681	445	569	645	759	328	517	630	819	313	404	688	677	385	659	865	738	556	783	473	545	726	492	691	501	676	460	808	676	709	700	871	833	594	795	624	499	344	382	577	724	624	0	469	568	
844	602	885	532	517	651	561	416	502	481	493	633	376	762	732	610	742	673	412	368	560	619	683	583	780	767	585	601	857	825	785	528	843	707	790	481	311	771	302	769	581	823	691	570	743	554	321	661	721	887	683	612	770	519	729	679	393	761	469	0	351	
499	469	434	769	433	582	346	600	437	441	683	833	466	488	476	359	765	567	356	662	345	589	604	600	873	803	835	692	328	387	462	695	326	580	578	794	772	351	691	378	652	616	402	803	388	838	554	336	478	773	623	581	581	541	515	722	760	420	568	351	0	
etats
Id_Station	Poids W	Min (P)	WSPT	Priorité	
1	2	300	150,00	37	
2	1	307	307,00	54	
3	9	300	60,00	22	
4	1	305	76,25	30	
5	1	303	303,00	51	
6	4	329	41,13	8	
7	7	320	45,71	14	
8	6	302	75,50	26	
9	3	300	60,00	23	
10	6	306	38,25	6	
11	1	300	75,00	25	
12	4	304	76,00	28	
13	3	301	301,00	47	
14	8	300	60,00	24	
15	3	307	43,86	11	
16	1	302	75,50	27	
17	9	320	320,00	60	
18	9	309	309,00	55	
19	7	317	45,29	13	
20	9	307	51,17	19	
21	4	311	44,43	12	
22	4	301	50,17	17	
23	6	313	52,17	21	
24	6	315	157,50	43	
25	1	309	51,50	20	
26	7	300	50,00	15	
27	1	309	309,00	56	
28	9	300	300,00	46	
29	1	319	35,44	5	
30	9	301	301,00	48	
31	5	310	310,00	57	
32	9	313	78,25	32	
33	4	301	33,44	1	
34	8	305	43,57	10	
35	8	310	310,00	58	
36	9	303	43,29	9	
37	3	306	34,00	2	
38	1	300	50,00	16	
39	1	304	152,00	38	
40	7	306	38,25	7	
41	8	311	77,75	31	
42	1	310	310,00	59	
43	3	311	34,56	3	
44	1	304	152,00	39	
45	4	301	100,33	34	
46	3	304	304,00	52	
47	9	301	100,33	35	
48	7	307	153,50	40	
49	7	310	103,33	36	
50	2	326	81,50	33	
51	6	302	302,00	50	
52	3	302	50,33	18	
53	1	324	162,00	45	
54	5	304	76,00	29	
55	2	315	35,00	4	
56	2	304	304,00	53	
57	6	301	301,00	49	
58	3	311	155,50	42	
59	9	307	153,50	41	
60	6	322	161,00	44	
