distances
0	734	594	690	730	629	688	484	739	553	636	593	354	378	397	464	701	513	480	783	442	583	769	532	728	490	761	522	727	771	698	325	713	345	493	301	769	521	733	463	449	416	548	383	472	351	672	580	356	498	686	349	737	498	324	462	599	790	767	638	453	
734	0	510	345	742	590	795	540	460	754	378	563	527	464	502	796	745	696	718	788	702	654	799	410	642	778	316	647	483	755	380	368	483	540	321	443	635	457	705	333	456	432	531	571	675	741	475	677	645	557	595	468	484	766	669	460	592	318	511	585	731	
594	510	0	476	649	468	722	573	680	637	510	395	553	752	767	566	656	730	777	451	415	573	757	445	370	777	519	546	717	439	503	467	546	675	304	477	384	318	795	385	472	339	672	790	487	339	674	766	626	483	301	799	437	603	578	712	406	367	371	427	588	
690	345	476	0	486	364	796	682	555	349	361	472	466	398	543	770	664	375	558	482	500	359	500	522	661	670	570	619	358	546	747	771	726	407	709	433	322	639	692	701	744	421	410	753	580	648	436	511	647	307	668	569	312	442	678	552	699	567	311	533	391	
730	742	649	486	0	324	469	730	694	738	798	461	455	621	320	520	625	560	579	382	364	326	433	395	526	534	591	648	660	421	400	683	330	655	562	350	797	357	743	703	339	763	714	619	780	778	402	316	718	618	694	373	781	439	773	786	537	605	489	557	624	
629	590	468	364	324	0	616	456	772	586	409	588	763	660	407	413	513	528	663	618	511	776	345	472	561	735	698	453	570	348	690	648	533	744	772	413	568	437	762	307	723	595	429	418	467	336	761	485	695	544	742	326	642	533	768	502	330	498	738	744	543	
688	795	722	796	469	616	0	506	670	468	305	720	478	404	751	636	584	514	428	372	737	728	367	679	719	306	715	389	716	627	471	633	379	713	576	547	717	670	765	405	700	483	352	388	703	688	784	396	757	565	450	390	312	728	492	673	760	651	566	581	336	
484	540	573	682	730	456	506	0	312	336	428	549	624	476	484	756	641	775	508	301	342	677	336	387	696	666	555	330	324	448	739	599	545	592	461	743	780	441	336	785	515	780	730	445	688	386	324	456	320	746	477	651	762	347	602	776	342	616	577	628	796	
739	460	680	555	694	772	670	312	0	428	767	537	680	791	605	564	601	414	703	426	322	523	420	653	475	472	672	424	685	787	529	606	616	350	476	745	715	697	660	337	359	591	603	323	507	563	640	331	421	454	495	791	447	381	332	725	667	685	620	698	539	
553	754	637	349	738	586	468	336	428	0	695	711	349	493	676	727	775	524	426	491	494	637	633	620	452	469	734	520	690	453	369	369	406	681	767	637	420	625	343	417	684	525	309	423	775	525	520	597	635	753	633	745	476	728	752	563	428	430	652	613	658	
636	378	510	361	798	409	305	428	767	695	0	502	439	706	360	511	704	713	403	420	338	656	464	340	517	434	540	328	781	405	418	676	508	745	562	327	414	437	463	779	774	593	497	535	690	353	318	570	364	384	381	381	541	458	356	349	485	406	412	371	591	
593	563	395	472	461	588	720	549	537	711	502	0	635	716	782	366	746	731	492	605	392	468	402	741	710	619	536	545	534	791	497	793	760	426	373	573	590	418	555	377	719	349	565	662	674	645	765	563	572	674	740	784	415	570	466	634	311	764	475	750	300	
354	527	553	466	455	763	478	624	680	349	439	635	0	377	514	667	463	714	610	522	660	656	377	772	557	701	340	307	672	440	353	764	509	489	525	310	741	775	469	445	554	470	672	735	373	614	759	392	701	537	755	569	441	676	378	512	768	391	489	305	365	
378	464	752	398	621	660	404	476	791	493	706	716	377	0	504	499	432	456	403	647	650	536	327	479	455	354	784	770	690	769	595	688	346	613	548	548	542	344	301	505	334	587	474	470	589	356	577	554	565	792	613	325	433	523	369	336	311	593	324	708	398	
397	502	767	543	320	407	751	484	605	676	360	782	514	504	0	563	321	730	782	374	333	665	754	362	315	379	786	397	756	535	703	581	338	655	768	565	631	709	395	696	345	731	670	600	302	607	384	469	633	369	613	629	405	320	425	628	703	417	658	328	418	
464	796	566	770	520	413	636	756	564	727	511	366	667	499	563	0	569	715	749	358	373	553	406	478	627	455	707	418	535	336	442	341	325	663	364	540	379	579	494	346	374	633	344	742	395	682	600	324	708	499	499	400	614	690	752	721	726	324	704	747	692	
701	745	656	664	625	513	584	641	601	775	704	746	463	432	321	569	0	637	678	542	553	603	498	716	386	797	744	341	671	645	698	765	507	372	699	521	670	712	692	701	779	555	337	327	634	673	328	764	684	466	389	465	636	739	679	488	729	425	644	754	455	
513	696	730	375	560	528	514	775	414	524	713	731	714	456	730	715	637	0	351	773	406	701	385	631	575	359	707	455	396	581	543	436	704	347	437	577	612	726	563	664	366	442	549	731	583	420	769	432	669	535	304	787	628	380	592	724	400	423	541	647	315	
480	718	777	558	579	663	428	508	703	426	403	492	610	403	782	749	678	351	0	361	348	517	761	442	404	786	350	575	376	538	618	424	546	762	669	667	707	734	310	380	739	324	454	451	342	504	788	686	779	694	579	476	485	483	467	353	742	315	527	512	512	
783	788	451	482	382	618	372	301	426	491	420	605	522	647	374	358	542	773	361	0	541	710	634	307	738	737	394	645	520	386	636	619	383	456	450	494	726	403	681	442	303	560	669	570	442	602	409	736	302	705	670	579	609	378	302	773	663	782	607	397	778	
442	702	415	500	364	511	737	342	322	494	338	392	660	650	333	373	553	406	348	541	0	520	707	413	534	528	631	340	622	784	432	489	680	604	452	659	546	506	559	648	657	432	326	567	323	629	730	568	438	622	492	496	366	485	304	732	495	636	415	313	389	
583	654	573	359	326	776	728	677	523	637	656	468	656	536	665	553	603	701	517	710	520	0	594	560	738	384	655	313	366	329	495	383	422	354	608	485	721	421	521	735	576	597	793	609	787	552	373	369	675	555	394	536	460	593	498	337	456	448	481	492	615	
769	799	757	500	433	345	367	336	420	633	464	402	377	327	754	406	498	385	761	634	707	594	0	568	330	322	714	301	560	541	668	422	508	393	680	751	613	718	326	425	784	424	468	651	336	576	476	692	757	633	731	728	318	337	424	739	649	651	345	551	462	
532	410	445	522	395	472	679	387	653	620	340	741	772	479	362	478	716	631	442	307	413	560	568	0	435	706	656	711	725	649	472	425	375	407	743	624	421	346	602	328	535	517	669	338	558	553	566	594	433	366	439	691	541	529	450	456	627	782	443	369	318	
728	642	370	661	526	561	719	696	475	452	517	710	557	455	315	627	386	575	404	738	534	738	330	435	0	535	550	675	369	467	468	482	715	344	688	302	361	571	630	507	714	367	412	541	550	767	596	648	566	690	360	601	626	359	404	745	623	460	436	483	343	
490	778	777	670	534	735	306	666	472	469	434	619	701	354	379	455	797	359	786	737	528	384	322	706	535	0	758	562	635	612	311	329	368	482	704	457	763	658	305	794	561	529	549	411	568	665	446	443	654	408	409	673	790	524	792	370	724	636	514	487	549	
761	316	519	570	591	698	715	555	672	734	540	536	340	784	786	707	744	707	350	394	631	655	714	656	550	758	0	399	753	360	631	365	425	705	563	524	765	461	751	478	315	660	498	711	528	469	370	678	438	419	733	363	414	560	678	346	433	432	314	730	507	
522	647	546	619	648	453	389	330	424	520	328	545	307	770	397	418	341	455	575	645	340	313	301	711	675	562	399	0	600	604	592	740	439	439	508	310	599	585	516	439	748	370	684	737	369	524	434	723	606	583	543	591	571	765	797	658	661	378	312	451	567	
727	483	717	358	660	570	716	324	685	690	781	534	672	690	756	535	671	396	376	520	622	366	560	725	369	635	753	600	0	694	772	669	458	793	406	446	575	574	526	788	709	724	362	580	437	780	395	553	678	671	451	714	539	565	477	428	407	623	592	341	793	
771	755	439	546	421	348	627	448	787	453	405	791	440	769	535	336	645	581	538	386	784	329	541	649	467	612	360	604	694	0	799	710	470	523	424	379	555	358	395	357	485	701	462	603	545	426	603	763	490	502	459	783	461	783	323	487	530	678	376	782	627	
698	380	503	747	400	690	471	739	529	369	418	497	353	595	703	442	698	543	618	636	432	495	668	472	468	311	631	592	772	799	0	693	678	561	422	419	564	590	775	390	413	788	497	700	325	611	592	582	440	705	427	618	607	792	700	777	409	641	739	316	764	
325	368	467	771	683	648	633	599	606	369	676	793	764	688	581	341	765	436	424	619	489	383	422	425	482	329	365	740	669	710	693	0	403	688	427	474	648	417	721	609	537	399	793	720	602	571	581	393	457	411	320	535	532	535	383	676	312	654	659	627	769	
713	483	546	726	330	533	379	545	616	406	508	760	509	346	338	325	507	704	546	383	680	422	508	375	715	368	425	439	458	470	678	403	0	460	761	378	306	545	318	660	702	564	582	743	713	479	360	304	645	412	785	525	364	516	550	495	663	634	612	565	725	
345	540	675	407	655	744	713	592	350	681	745	426	489	613	655	663	372	347	762	456	604	354	393	407	344	482	705	439	793	523	561	688	460	0	395	411	607	481	783	449	364	689	573	354	478	352	487	575	509	337	556	437	660	525	504	683	320	524	303	763	640	
493	321	304	709	562	772	576	461	476	767	562	373	525	548	768	364	699	437	669	450	452	608	680	743	688	704	563	508	406	424	422	427	761	395	0	637	422	310	586	636	717	544	369	358	312	613	761	775	653	630	309	649	565	621	585	500	313	322	763	396	582	
301	443	477	433	350	413	547	743	745	637	327	573	310	548	565	540	521	577	667	494	659	485	751	624	302	457	524	310	446	379	419	474	378	411	637	0	754	517	486	599	617	459	372	342	614	694	398	374	744	541	300	655	683	375	539	447	779	709	407	741	737	
769	635	384	322	797	568	717	780	715	420	414	590	741	542	631	379	670	612	707	726	546	721	613	421	361	763	765	599	575	555	564	648	306	607	422	754	0	410	413	591	374	643	670	649	476	663	499	312	378	478	612	673	336	539	306	406	567	342	586	301	693	
521	457	318	639	357	437	670	441	697	625	437	418	775	344	709	579	712	726	734	403	506	421	718	346	571	658	461	585	574	358	590	417	545	481	310	517	410	0	597	584	531	352	588	324	585	336	381	348	494	354	396	430	361	500	562	606	408	418	359	565	435	
733	705	795	692	743	762	765	336	660	343	463	555	469	301	395	494	692	563	310	681	559	521	326	602	630	305	751	516	526	395	775	721	318	783	586	486	413	597	0	415	391	585	673	485	561	367	305	437	424	706	366	735	364	402	692	335	528	432	498	302	773	
463	333	385	701	703	307	405	785	337	417	779	377	445	505	696	346	701	664	380	442	648	735	425	328	507	794	478	439	788	357	390	609	660	449	636	599	591	584	415	0	498	679	410	504	706	785	427	613	373	342	392	646	542	685	622	321	730	459	386	327	401	
449	456	472	744	339	723	700	515	359	684	774	719	554	334	345	374	779	366	739	303	657	576	784	535	714	561	315	748	709	485	413	537	702	364	717	617	374	531	391	498	0	331	377	621	361	307	767	600	738	321	393	315	710	584	367	767	445	433	450	480	696	
416	432	339	421	763	595	483	780	591	525	593	349	470	587	731	633	555	442	324	560	432	597	424	517	367	529	660	370	724	701	788	399	564	689	544	459	643	352	585	679	331	0	528	674	592	739	344	682	523	459	661	405	424	584	725	477	777	552	474	472	583	
548	531	672	410	714	429	352	730	603	309	497	565	672	474	670	344	337	549	454	669	326	793	468	669	412	549	498	684	362	462	497	793	582	573	369	372	670	588	673	410	377	528	0	786	460	562	549	446	467	409	554	701	333	669	305	735	681	436	552	698	534	
383	571	790	753	619	418	388	445	323	423	535	662	735	470	600	742	327	731	451	570	567	609	651	338	541	411	711	737	580	603	700	720	743	354	358	342	649	324	485	504	621	674	786	0	330	561	425	482	618	736	562	344	746	506	441	452	653	328	633	629	703	
472	675	487	580	780	467	703	688	507	775	690	674	373	589	302	395	634	583	342	442	323	787	336	558	550	568	528	369	437	545	325	602	713	478	312	614	476	585	561	706	361	592	460	330	0	748	395	436	716	759	314	516	540	660	407	647	303	679	647	534	356	
351	741	339	648	778	336	688	386	563	525	353	645	614	356	607	682	673	420	504	602	629	552	576	553	767	665	469	524	780	426	611	571	479	352	613	694	663	336	367	785	307	739	562	561	748	0	550	576	700	461	685	313	444	693	518	550	679	778	405	792	475	
672	475	674	436	402	761	784	324	640	520	318	765	759	577	384	600	328	769	788	409	730	373	476	566	596	446	370	434	395	603	592	581	360	487	761	398	499	381	305	427	767	344	549	425	395	550	0	599	745	645	400	677	317	796	554	765	322	516	646	444	430	
580	677	766	511	316	485	396	456	331	597	570	563	392	554	469	324	764	432	686	736	568	369	692	594	648	443	678	723	553	763	582	393	304	575	775	374	312	348	437	613	600	682	446	482	436	576	599	0	676	443	529	637	715	493	317	373	541	385	774	777	570	
356	645	626	647	718	695	757	320	421	635	364	572	701	565	633	708	684	669	779	302	438	675	757	433	566	654	438	606	678	490	440	457	645	509	653	744	378	494	424	373	738	523	467	618	716	700	745	676	0	396	662	567	314	456	385	594	777	794	490	307	559	
498	557	483	307	618	544	565	746	454	753	384	674	537	792	369	499	466	535	694	705	622	555	633	366	690	408	419	583	671	502	705	411	412	337	630	541	478	354	706	342	321	459	409	736	759	461	645	443	396	0	731	777	316	426	764	513	482	448	516	436	422	
686	595	301	668	694	742	450	477	495	633	381	740	755	613	613	499	389	304	579	670	492	394	731	439	360	409	733	543	451	459	427	320	785	556	309	300	612	396	366	392	393	661	554	562	314	685	400	529	662	731	0	303	330	746	659	476	600	786	646	773	356	
349	468	799	569	373	326	390	651	791	745	381	784	569	325	629	400	465	787	476	579	496	536	728	691	601	673	363	591	714	783	618	535	525	437	649	655	673	430	735	646	315	405	701	344	516	313	677	637	567	777	303	0	581	615	692	704	715	722	612	493	301	
737	484	437	312	781	642	312	762	447	476	541	415	441	433	405	614	636	628	485	609	366	460	318	541	626	790	414	571	539	461	607	532	364	660	565	683	336	361	364	542	710	424	333	746	540	444	317	715	314	316	330	581	0	738	684	603	704	439	492	649	681	
498	766	603	442	439	533	728	347	381	728	458	570	676	523	320	690	739	380	483	378	485	593	337	529	359	524	560	765	565	783	792	535	516	525	621	375	539	500	402	685	584	584	669	506	660	693	796	493	456	426	746	615	738	0	480	369	601	669	496	591	575	
324	669	578	678	773	768	492	602	332	752	356	466	378	369	425	752	679	592	467	302	304	498	424	450	404	792	678	797	477	323	700	383	550	504	585	539	306	562	692	622	367	725	305	441	407	518	554	317	385	764	659	692	684	480	0	508	566	441	333	555	772	
462	460	712	552	786	502	673	776	725	563	349	634	512	336	628	721	488	724	353	773	732	337	739	456	745	370	346	658	428	487	777	676	495	683	500	447	406	606	335	321	767	477	735	452	647	550	765	373	594	513	476	704	603	369	508	0	365	344	483	353	368	
599	592	406	699	537	330	760	342	667	428	485	311	768	311	703	726	729	400	742	663	495	456	649	627	623	724	433	661	407	530	409	312	663	320	313	779	567	408	528	730	445	777	681	653	303	679	322	541	777	482	600	715	704	601	566	365	0	676	795	515	671	
790	318	367	567	605	498	651	616	685	430	406	764	391	593	417	324	425	423	315	782	636	448	651	782	460	636	432	378	623	678	641	654	634	524	322	709	342	418	432	459	433	552	436	328	679	778	516	385	794	448	786	722	439	669	441	344	676	0	301	627	707	
767	511	371	311	489	738	566	577	620	652	412	475	489	324	658	704	644	541	527	607	415	481	345	443	436	514	314	312	592	376	739	659	612	303	763	407	586	359	498	386	450	474	552	633	647	405	646	774	490	516	646	612	492	496	333	483	795	301	0	450	636	
638	585	427	533	557	744	581	628	698	613	371	750	305	708	328	747	754	647	512	397	313	492	551	369	483	487	730	451	341	782	316	627	565	763	396	741	301	565	302	327	480	472	698	629	534	792	444	777	307	436	773	493	649	591	555	353	515	627	450	0	662	
453	731	588	391	624	543	336	796	539	658	591	300	365	398	418	692	455	315	512	778	389	615	462	318	343	549	507	567	793	627	764	769	725	640	582	737	693	435	773	401	696	583	534	703	356	475	430	570	559	422	356	301	681	575	772	368	671	707	636	662	0	
etats
Id_Station	Poids W	Min (P)	WSPT	Priorité	
1	2	300	33,33	1	
2	3	302	33,56	2	
3	1	307	34,11	3	
4	4	308	34,22	4	
5	3	308	34,22	5	
6	6	314	34,89	6	
7	8	319	35,44	7	
8	1	303	37,88	8	
9	6	304	38,00	9	
10	8	304	38,00	10	
11	7	306	38,25	11	
12	6	306	38,25	12	
13	7	306	38,25	13	
14	5	308	38,50	14	
15	2	311	38,88	15	
16	4	302	43,14	16	
17	5	303	43,29	17	
18	4	306	43,71	18	
19	2	306	43,71	19	
20	2	308	44,00	20	
21	6	313	44,71	21	
22	7	300	50,00	22	
23	7	303	50,50	23	
24	5	306	51,00	24	
25	2	307	51,17	25	
26	5	308	51,33	26	
27	6	320	53,33	27	
28	6	304	60,80	28	
29	8	312	62,40	29	
30	1	319	63,80	30	
31	2	301	75,25	31	
32	2	302	75,50	32	
33	6	306	76,50	33	
34	1	310	77,50	34	
35	4	314	78,50	35	
36	4	316	79,00	36	
37	3	318	79,50	37	
38	9	301	100,33	38	
39	3	302	100,67	39	
40	1	302	100,67	40	
41	3	307	102,33	41	
42	3	308	102,67	42	
43	8	312	104,00	43	
44	6	302	151,00	44	
45	2	304	152,00	45	
46	3	316	158,00	46	
47	1	316	158,00	47	
48	9	318	159,00	48	
49	9	301	301,00	49	
50	7	301	301,00	50	
51	1	302	302,00	51	
52	9	303	303,00	52	
53	8	304	304,00	53	
54	2	310	310,00	54	
55	3	311	311,00	55	
56	1	312	312,00	56	
57	3	312	312,00	57	
58	9	319	319,00	58	
59	1	324	324,00	59	
60	1	330	330,00	60	

