distances
0	701	658	625	699	662	519	557	410	704	478	742	717	546	677	335	622	452	428	311	587	356	684	448	786	311	610	446	648	609	760	496	330	481	457	513	594	381	733	686	490	413	796	787	407	771	454	543	752	378	499	367	796	501	737	613	742	642	703	702	742	
701	0	605	764	695	728	336	763	408	489	752	307	310	706	433	485	637	445	619	413	544	425	766	305	672	529	501	499	517	607	577	416	785	660	382	482	368	326	651	767	546	681	648	438	702	493	455	783	683	366	306	493	473	765	722	731	709	369	718	532	464	
658	605	0	399	345	604	669	792	538	494	457	613	525	798	608	723	747	769	604	581	463	520	566	672	575	577	341	474	683	768	714	302	618	651	518	641	330	587	616	311	432	558	525	307	677	518	396	662	331	661	503	486	680	723	556	672	302	790	450	372	480	
625	764	399	0	751	323	430	524	397	399	722	498	781	489	753	477	497	561	483	612	437	418	463	435	568	701	689	742	524	403	784	561	420	678	518	659	770	485	383	661	637	348	374	416	743	779	447	550	637	431	454	448	635	651	797	647	622	480	582	361	370	
699	695	345	751	0	577	468	743	774	371	632	472	422	476	698	340	596	727	306	443	513	660	479	354	663	391	406	473	717	485	307	581	589	611	531	768	401	598	513	412	702	421	547	790	360	363	724	513	635	511	399	300	467	406	506	663	552	718	349	603	346	
662	728	604	323	577	0	455	596	499	673	446	440	394	373	331	487	332	645	639	783	578	374	593	778	505	617	782	310	554	364	448	699	583	378	365	770	570	419	305	662	703	705	696	329	753	721	323	649	573	760	798	450	350	590	316	484	747	562	334	699	485	
519	336	669	430	468	455	0	538	334	769	552	675	399	523	718	342	656	351	767	314	340	744	354	777	507	388	374	542	361	783	341	329	411	337	379	625	402	697	793	512	545	670	396	355	643	629	797	539	489	737	626	668	349	573	464	685	706	347	307	621	394	
557	763	792	524	743	596	538	0	305	697	486	692	423	593	409	356	336	672	479	319	697	443	463	700	526	663	317	571	702	473	686	552	763	517	556	591	412	638	673	356	494	440	352	437	755	745	367	565	548	624	438	663	659	638	790	648	655	567	680	429	463	
410	408	538	397	774	499	334	305	0	416	743	373	799	424	685	708	315	650	450	309	728	559	785	377	529	742	688	645	610	522	304	737	500	404	738	475	367	781	634	731	364	446	684	468	636	499	381	653	319	465	725	302	688	306	685	326	784	698	472	454	575	
704	489	494	399	371	673	769	697	416	0	586	487	620	522	533	741	414	619	789	727	701	773	418	561	352	393	787	310	441	718	631	302	598	380	519	748	743	327	515	573	755	455	522	382	663	481	380	328	356	683	572	309	745	435	626	733	394	406	696	650	332	
478	752	457	722	632	446	552	486	743	586	0	715	702	765	625	501	666	588	635	671	500	573	467	484	673	359	408	776	395	586	487	453	629	431	541	370	360	527	481	794	654	329	623	302	676	541	779	737	619	549	368	562	403	610	790	593	641	595	619	551	520	
742	307	613	498	472	440	675	692	373	487	715	0	691	728	748	608	760	697	665	510	414	625	467	686	553	606	408	751	637	384	408	669	444	637	603	396	418	550	531	591	654	784	662	687	750	388	500	467	666	651	373	426	652	724	414	351	687	447	762	431	434	
717	310	525	781	422	394	399	423	799	620	702	691	0	376	780	542	691	313	768	742	652	429	667	775	703	643	436	559	679	393	734	649	434	734	550	653	692	777	775	674	493	747	679	685	421	317	577	549	403	534	744	387	335	565	696	657	379	618	346	692	662	
546	706	798	489	476	373	523	593	424	522	765	728	376	0	663	404	780	598	367	317	365	606	707	668	386	675	704	408	552	330	776	426	607	480	535	555	694	396	450	577	646	650	327	712	418	787	443	582	545	610	421	341	772	342	779	477	759	458	397	600	309	
677	433	608	753	698	331	718	409	685	533	625	748	780	663	0	658	423	740	581	429	596	576	749	301	746	439	737	667	593	684	458	513	674	637	428	588	665	724	363	647	705	569	589	484	751	649	535	363	479	639	658	557	379	421	503	471	719	419	753	465	552	
335	485	723	477	340	487	342	356	708	741	501	608	542	404	658	0	424	321	372	711	747	471	774	531	350	473	392	341	574	362	449	548	616	714	703	772	401	488	592	497	415	515	416	723	444	329	619	440	696	796	397	423	437	395	496	727	567	508	790	712	354	
622	637	747	497	596	332	656	336	315	414	666	760	691	780	423	424	0	788	662	476	797	494	531	473	667	543	684	499	509	665	557	464	479	708	608	608	548	675	768	651	703	487	633	625	366	607	327	410	522	516	728	414	336	787	327	562	436	536	536	517	681	
452	445	769	561	727	645	351	672	650	619	588	697	313	598	740	321	788	0	403	496	510	625	415	431	573	720	390	778	442	391	529	529	462	504	444	600	441	716	493	650	663	567	437	445	704	581	793	341	514	636	550	583	399	640	445	713	693	564	388	463	536	
428	619	604	483	306	639	767	479	450	789	635	665	768	367	581	372	662	403	0	425	407	312	778	451	527	690	327	592	333	509	536	624	643	325	616	324	607	786	513	663	744	535	301	636	767	735	710	735	607	627	526	782	678	723	774	480	779	785	688	303	698	
311	413	581	612	443	783	314	319	309	727	671	510	742	317	429	711	476	496	425	0	691	733	730	408	474	383	398	632	574	769	375	450	757	658	578	574	605	684	320	317	719	770	761	459	400	578	377	774	658	354	333	476	600	478	684	641	385	333	452	406	584	
587	544	463	437	513	578	340	697	728	701	500	414	652	365	596	747	797	510	407	691	0	583	365	511	669	572	736	636	732	447	799	704	638	760	472	398	404	502	315	467	311	748	639	607	769	457	622	574	606	367	603	771	649	659	550	405	382	530	746	587	522	
356	425	520	418	660	374	744	443	559	773	573	625	429	606	576	471	494	625	312	733	583	0	775	364	640	376	392	790	374	536	350	775	702	611	350	377	505	639	318	334	637	307	363	641	663	649	576	679	518	314	473	682	737	685	572	603	622	596	405	348	397	
684	766	566	463	479	593	354	463	785	418	467	467	667	707	749	774	531	415	778	730	365	775	0	756	397	777	316	549	539	654	601	482	323	554	414	756	749	446	352	674	725	313	549	586	511	637	525	538	647	548	509	726	770	691	436	397	798	412	688	690	460	
448	305	672	435	354	778	777	700	377	561	484	686	775	668	301	531	473	431	451	408	511	364	756	0	465	467	349	513	481	371	313	649	597	369	722	731	539	350	654	489	392	495	667	448	651	603	305	710	652	410	336	441	408	590	649	760	567	368	784	567	450	
786	672	575	568	663	505	507	526	529	352	673	553	703	386	746	350	667	573	527	474	669	640	397	465	0	420	382	401	586	560	400	512	392	549	565	615	685	728	649	373	454	724	606	401	778	374	623	356	492	576	623	735	367	540	433	367	537	567	610	734	790	
311	529	577	701	391	617	388	663	742	393	359	606	643	675	439	473	543	720	690	383	572	376	777	467	420	0	638	775	570	790	337	646	659	578	380	315	318	598	348	606	606	357	406	773	310	799	765	673	707	440	559	582	637	468	349	510	501	378	523	529	667	
610	501	341	689	406	782	374	317	688	787	408	408	436	704	737	392	684	390	327	398	736	392	316	349	382	638	0	762	415	792	317	765	683	309	468	729	313	449	511	548	552	677	753	567	695	762	380	715	717	608	583	770	579	469	577	507	386	526	581	682	627	
446	499	474	742	473	310	542	571	645	310	776	751	559	408	667	341	499	778	592	632	636	790	549	513	401	775	762	0	546	673	650	760	368	422	360	697	447	735	382	339	473	797	732	725	430	713	341	772	303	687	606	490	487	716	647	564	401	553	619	696	575	
648	517	683	524	717	554	361	702	610	441	395	637	679	552	593	574	509	442	333	574	732	374	539	481	586	570	415	546	0	763	635	588	529	785	616	384	665	401	450	512	635	318	723	577	490	563	691	618	783	795	506	300	663	386	613	511	532	694	793	621	604	
609	607	768	403	485	364	783	473	522	718	586	384	393	330	684	362	665	391	509	769	447	536	654	371	560	790	792	673	763	0	544	735	586	624	735	453	742	545	737	430	373	775	345	570	486	555	414	552	536	625	373	373	612	502	746	717	624	754	453	438	695	
760	577	714	784	307	448	341	686	304	631	487	408	734	776	458	449	557	529	536	375	799	350	601	313	400	337	317	650	635	544	0	736	691	571	644	359	386	696	365	462	394	451	515	406	796	465	598	499	799	471	687	372	421	448	473	753	451	648	754	413	798	
496	416	302	561	581	699	329	552	737	302	453	669	649	426	513	548	464	529	624	450	704	775	482	649	512	646	765	760	588	735	736	0	704	482	787	788	746	326	523	482	782	587	429	779	340	755	792	617	635	426	435	386	430	668	770	633	424	395	313	708	589	
330	785	618	420	589	583	411	763	500	598	629	444	434	607	674	616	479	462	643	757	638	702	323	597	392	659	683	368	529	586	691	704	0	361	773	308	489	779	689	554	479	471	606	496	650	716	465	308	503	594	364	573	481	778	705	449	579	477	631	699	776	
481	660	651	678	611	378	337	517	404	380	431	637	734	480	637	714	708	504	325	658	760	611	554	369	549	578	309	422	785	624	571	482	361	0	433	513	361	784	679	403	745	402	373	428	452	583	306	747	700	666	398	626	626	486	591	451	543	446	344	727	477	
457	382	518	518	531	365	379	556	738	519	541	603	550	535	428	703	608	444	616	578	472	350	414	722	565	380	468	360	616	735	644	787	773	433	0	735	379	657	693	495	315	630	741	337	725	427	747	433	533	381	502	401	534	414	591	484	556	567	599	384	474	
513	482	641	659	768	770	625	591	475	748	370	396	653	555	588	772	608	600	324	574	398	377	756	731	615	315	729	697	384	453	359	788	308	513	735	0	565	479	552	523	683	576	476	595	481	702	418	635	629	698	665	308	302	323	606	478	614	601	400	423	335	
594	368	330	770	401	570	402	412	367	743	360	418	692	694	665	401	548	441	607	605	404	505	749	539	685	318	313	447	665	742	386	746	489	361	379	565	0	433	502	334	614	738	682	653	611	427	549	501	652	646	599	447	355	385	310	439	408	676	374	613	771	
381	326	587	485	598	419	697	638	781	327	527	550	777	396	724	488	675	716	786	684	502	639	446	350	728	598	449	735	401	545	696	326	779	784	657	479	433	0	544	375	786	534	356	432	464	593	458	630	453	425	782	395	674	705	569	710	641	589	339	578	783	
733	651	616	383	513	305	793	673	634	515	481	531	775	450	363	592	768	493	513	320	315	318	352	654	649	348	511	382	450	737	365	523	689	679	693	552	502	544	0	706	646	413	360	480	415	670	306	777	619	731	554	798	334	452	413	493	482	370	450	544	479	
686	767	311	661	412	662	512	356	731	573	794	591	674	577	647	497	651	650	663	317	467	334	674	489	373	606	548	339	512	430	462	482	554	403	495	523	334	375	706	0	466	317	645	349	548	748	545	519	643	650	542	688	446	376	439	643	581	305	370	660	795	
490	546	432	637	702	703	545	494	364	755	654	654	493	646	705	415	703	663	744	719	311	637	725	392	454	606	552	473	635	373	394	782	479	745	315	683	614	786	646	466	0	679	478	363	421	342	600	641	616	302	511	618	615	318	515	510	465	771	364	739	685	
413	681	558	348	421	705	670	440	446	455	329	784	747	650	569	515	487	567	535	770	748	307	313	495	724	357	677	797	318	775	451	587	471	402	630	576	738	534	413	317	679	0	778	309	517	599	598	728	656	578	702	552	734	675	571	698	796	526	334	332	385	
796	648	525	374	547	696	396	352	684	522	623	662	679	327	589	416	633	437	301	761	639	363	549	667	606	406	753	732	723	345	515	429	606	373	741	476	682	356	360	645	478	778	0	399	766	504	460	341	581	532	453	764	720	768	395	322	412	416	477	389	640	
787	438	307	416	790	329	355	437	468	382	302	687	685	712	484	723	625	445	636	459	607	641	586	448	401	773	567	725	577	570	406	779	496	428	337	595	653	432	480	349	363	309	399	0	415	318	734	719	503	647	715	559	585	632	556	525	343	505	585	797	755	
407	702	677	743	360	753	643	755	636	663	676	750	421	418	751	444	366	704	767	400	769	663	511	651	778	310	695	430	490	486	796	340	650	452	725	481	611	464	415	548	421	517	766	415	0	771	751	590	521	618	378	421	562	799	311	703	397	561	798	702	367	
771	493	518	779	363	721	629	745	499	481	541	388	317	787	649	329	607	581	735	578	457	649	637	603	374	799	762	713	563	555	465	755	716	583	427	702	427	593	670	748	342	599	504	318	771	0	706	441	420	598	630	632	359	759	719	766	657	399	307	648	428	
454	455	396	447	724	323	797	367	381	380	779	500	577	443	535	619	327	793	710	377	622	576	525	305	623	765	380	341	691	414	598	792	465	306	747	418	549	458	306	545	600	598	460	734	751	706	0	797	608	525	430	775	758	554	547	409	496	611	491	636	465	
543	783	662	550	513	649	539	565	653	328	737	467	549	582	363	440	410	341	735	774	574	679	538	710	356	673	715	772	618	552	499	617	308	747	433	635	501	630	777	519	641	728	341	719	590	441	797	0	780	612	759	583	526	379	735	620	758	639	788	433	466	
752	683	331	637	635	573	489	548	319	356	619	666	403	545	479	696	522	514	607	658	606	518	647	652	492	707	717	303	783	536	799	635	503	700	533	629	652	453	619	643	616	656	581	503	521	420	608	780	0	591	535	443	304	663	700	491	667	525	444	795	731	
378	366	661	431	511	760	737	624	465	683	549	651	534	610	639	796	516	636	627	354	367	314	548	410	576	440	608	687	795	625	471	426	594	666	381	698	646	425	731	650	302	578	532	647	618	598	525	612	591	0	589	480	557	458	781	558	573	607	523	416	703	
499	306	503	454	399	798	626	438	725	572	368	373	744	421	658	397	728	550	526	333	603	473	509	336	623	559	583	606	506	373	687	435	364	398	502	665	599	782	554	542	511	702	453	715	378	630	430	759	535	589	0	300	384	762	762	489	717	360	779	556	532	
367	493	486	448	300	450	668	663	302	309	562	426	387	341	557	423	414	583	782	476	771	682	726	441	735	582	770	490	300	373	372	386	573	626	401	308	447	395	798	688	618	552	764	559	421	632	775	583	443	480	300	0	683	760	555	564	579	403	363	458	304	
796	473	680	635	467	350	349	659	688	745	403	652	335	772	379	437	336	399	678	600	649	737	770	408	367	637	579	487	663	612	421	430	481	626	534	302	355	674	334	446	615	734	720	585	562	359	758	526	304	557	384	683	0	529	359	701	504	392	431	404	416	
501	765	723	651	406	590	573	638	306	435	610	724	565	342	421	395	787	640	723	478	659	685	691	590	540	468	469	716	386	502	448	668	778	486	414	323	385	705	452	376	318	675	768	632	799	759	554	379	663	458	762	760	529	0	425	474	338	672	374	488	478	
737	722	556	797	506	316	464	790	685	626	790	414	696	779	503	496	327	445	774	684	550	572	436	649	433	349	577	647	613	746	473	770	705	591	591	606	310	569	413	439	515	571	395	556	311	719	547	735	700	781	762	555	359	425	0	600	756	771	623	788	372	
613	731	672	647	663	484	685	648	326	733	593	351	657	477	471	727	562	713	480	641	405	603	397	760	367	510	507	564	511	717	753	633	449	451	484	478	439	710	493	643	510	698	322	525	703	766	409	620	491	558	489	564	701	474	600	0	483	510	474	388	328	
742	709	302	622	552	747	706	655	784	394	641	687	379	759	719	567	436	693	779	385	382	622	798	567	537	501	386	401	532	624	451	424	579	543	556	614	408	641	482	581	465	796	412	343	397	657	496	758	667	573	717	579	504	338	756	483	0	372	594	767	487	
642	369	790	480	718	562	347	567	698	406	595	447	618	458	419	508	536	564	785	333	530	596	412	368	567	378	526	553	694	754	648	395	477	446	567	601	676	589	370	305	771	526	416	505	561	399	611	639	525	607	360	403	392	672	771	510	372	0	443	587	502	
703	718	450	582	349	334	307	680	472	696	619	762	346	397	753	790	536	388	688	452	746	405	688	784	610	523	581	619	793	453	754	313	631	344	599	400	374	339	450	370	364	334	477	585	798	307	491	788	444	523	779	363	431	374	623	474	594	443	0	562	302	
702	532	372	361	603	699	621	429	454	650	551	431	692	600	465	712	517	463	303	406	587	348	690	567	734	529	682	696	621	438	413	708	699	727	384	423	613	578	544	660	739	332	389	797	702	648	636	433	795	416	556	458	404	488	788	388	767	587	562	0	306	
742	464	480	370	346	485	394	463	575	332	520	434	662	309	552	354	681	536	698	584	522	397	460	450	790	667	627	575	604	695	798	589	776	477	474	335	771	783	479	795	685	385	640	755	367	428	465	466	731	703	532	304	416	478	372	328	487	502	302	306	0	
etats
Id_Station	Poids W	Min (P)	WSPT	Priorité	
1	6	301	33,44	1	
2	5	314	34,89	2	
3	6	301	37,63	3	
4	8	302	37,75	4	
5	5	305	38,13	5	
6	5	308	38,50	6	
7	4	309	38,63	7	
8	7	312	39,00	8	
9	2	304	43,43	9	
10	1	304	43,43	10	
11	1	311	44,43	11	
12	3	313	44,71	12	
13	9	301	50,17	13	
14	3	305	50,83	14	
15	4	307	51,17	15	
16	3	312	52,00	16	
17	7	312	52,00	17	
18	8	312	52,00	18	
19	4	322	53,67	19	
20	9	305	61,00	20	
21	1	305	61,00	21	
22	7	303	75,75	22	
23	1	303	75,75	23	
24	5	303	75,75	24	
25	1	304	76,00	25	
26	2	302	100,67	26	
27	2	309	103,00	27	
28	6	310	103,33	28	
29	8	311	103,67	29	
30	8	337	112,33	30	
31	2	301	150,50	31	
32	1	303	151,50	32	
33	8	306	153,00	33	
34	1	307	153,50	34	
35	2	332	166,00	35	
36	2	301	301,00	36	
37	9	301	301,00	37	
38	7	309	309,00	38	
39	1	312	312,00	39	
40	1	323	323,00	40	
41	9				
42	9				
43	4				
44	6				
45	3				
46	9				
47	1				
48	9				
49	8				
50	8				
51	1				
52	9				
53	2				
54	3				
55	4				
56	3				
57	5				
58	6				
59	2				
60	4				

