distances
0	471	702	657	665	664	647	514	718	564	458	489	671	652	634	752	413	304	729	540	652	642	717	743	366	447	415	316	430	450	617	691	579	455	608	495	680	452	697	779	386	394	455	451	564	647	626	614	505	576	501	548	481	658	430	379	620	691	304	564	455	
471	0	788	408	587	585	654	360	696	429	584	794	403	521	701	417	491	490	368	775	586	782	539	438	335	646	641	676	648	330	694	366	388	466	411	677	675	582	454	627	567	442	530	409	730	623	706	503	721	547	736	754	649	335	428	580	412	542	721	457	749	
702	788	0	725	520	732	780	744	520	461	531	307	447	406	480	468	728	395	674	375	708	388	525	304	444	667	503	494	799	448	644	422	725	322	537	691	602	771	320	523	356	722	363	738	472	730	675	593	378	719	690	604	323	616	312	458	759	710	761	657	713	
657	408	725	0	342	535	643	666	529	305	711	551	400	460	753	643	642	609	657	464	454	782	615	532	695	636	311	751	712	794	530	649	730	400	367	571	468	705	534	742	703	394	489	374	748	582	570	602	702	752	490	489	577	756	508	513	479	455	384	600	669	
665	587	520	342	0	430	601	715	785	796	343	779	619	375	370	720	687	717	360	581	689	796	428	310	753	419	417	701	740	769	642	361	301	578	318	360	310	608	321	767	464	612	796	459	532	330	758	731	543	369	782	530	369	573	579	604	668	619	487	519	419	
664	585	732	535	430	0	687	338	306	600	672	597	534	531	745	432	413	344	650	759	755	435	513	634	600	403	314	519	480	471	362	715	636	791	366	314	348	667	719	599	448	585	367	487	629	570	532	632	452	456	397	704	401	724	610	337	469	638	797	649	715	
647	654	780	643	601	687	0	306	536	688	774	702	681	431	371	658	328	600	379	303	358	697	466	433	348	537	774	358	712	312	518	327	775	787	464	629	444	395	461	545	724	609	674	702	318	754	562	527	413	489	462	622	353	530	511	729	569	615	788	605	304	
514	360	744	666	715	338	306	0	447	421	399	766	323	691	793	629	374	568	641	467	453	630	739	780	411	505	667	612	476	314	767	572	508	799	570	567	543	700	509	429	455	324	713	309	658	441	386	319	657	384	318	790	304	485	760	741	610	607	466	692	701	
718	696	520	529	785	306	536	447	0	603	449	633	592	770	465	541	730	605	766	429	441	591	339	478	380	516	406	750	643	308	693	706	484	498	399	587	519	385	329	434	781	359	423	347	738	357	786	381	656	459	779	771	329	715	358	491	733	344	390	681	531	
564	429	461	305	796	600	688	421	603	0	422	308	566	689	437	511	741	721	720	469	700	457	739	669	678	414	530	447	394	350	616	403	659	472	751	648	384	483	506	738	513	672	428	588	303	740	795	654	311	731	743	769	476	514	672	658	560	515	738	702	472	
458	584	531	711	343	672	774	399	449	422	0	759	601	559	713	611	436	324	308	659	671	356	791	728	350	573	689	763	389	420	308	771	365	626	414	411	677	343	794	571	399	687	651	571	472	471	781	307	714	303	316	370	354	365	589	770	666	525	513	342	475	
489	794	307	551	779	597	702	766	633	308	759	0	622	735	507	435	526	389	367	428	787	581	367	717	398	333	367	596	305	704	741	688	724	491	667	359	767	588	557	485	339	750	681	462	354	391	692	676	652	656	338	410	576	341	605	662	330	402	536	354	561	
671	403	447	400	619	534	681	323	592	566	601	622	0	760	451	561	660	409	676	677	344	402	324	497	391	312	512	703	309	415	763	377	774	363	470	378	654	340	750	406	689	409	405	574	640	574	443	633	722	328	622	644	767	362	601	489	747	787	444	426	456	
652	521	406	460	375	531	431	691	770	689	559	735	760	0	382	344	743	318	425	774	636	625	591	694	663	732	649	443	324	519	346	794	332	435	353	722	394	685	761	395	755	313	688	445	606	326	542	460	758	787	589	788	516	795	680	334	753	412	324	462	620	
634	701	480	753	370	745	371	793	465	437	713	507	451	382	0	363	630	409	578	563	616	673	525	498	725	451	313	358	632	336	641	607	462	449	654	604	684	501	660	340	334	698	533	600	637	462	391	707	713	447	686	444	773	699	337	415	323	574	701	396	359	
752	417	468	643	720	432	658	629	541	511	611	435	561	344	363	0	634	750	712	782	740	321	542	596	696	788	311	410	496	651	390	352	687	449	667	690	404	772	619	503	670	698	603	310	622	399	481	600	469	301	307	369	522	480	702	778	303	385	529	605	569	
413	491	728	642	687	413	328	374	730	741	436	526	660	743	630	634	0	453	580	401	585	443	683	742	431	313	779	655	372	784	461	689	420	380	767	384	331	637	301	708	339	524	549	308	762	647	735	782	539	639	692	688	624	688	380	564	780	550	502	677	532	
304	490	395	609	717	344	600	568	605	721	324	389	409	318	409	750	453	0	436	448	715	362	715	709	359	680	569	422	533	520	340	659	763	581	653	604	569	377	759	545	301	794	626	300	303	531	663	358	393	345	573	651	766	655	507	481	536	697	457	623	304	
729	368	674	657	360	650	379	641	766	720	308	367	676	425	578	712	580	436	0	711	323	514	619	587	499	562	410	610	558	388	373	582	341	611	486	564	514	743	512	705	714	558	303	726	727	365	529	721	687	581	442	396	643	776	625	411	644	437	416	643	376	
540	775	375	464	581	759	303	467	429	469	659	428	677	774	563	782	401	448	711	0	603	358	760	585	779	316	516	681	501	580	581	438	776	716	718	582	344	398	495	486	662	590	691	469	708	720	399	449	683	322	449	444	773	486	745	593	343	763	735	640	537	
652	586	708	454	689	755	358	453	441	700	671	787	344	636	616	740	585	715	323	603	0	430	729	305	489	394	705	378	491	641	713	433	514	693	436	738	685	423	550	380	656	483	497	402	727	314	551	764	544	498	401	764	697	612	556	557	300	599	683	638	441	
642	782	388	782	796	435	697	630	591	457	356	581	402	625	673	321	443	362	514	358	430	0	708	623	525	717	480	409	367	539	782	569	639	795	361	719	437	781	396	375	504	436	336	445	794	338	587	662	334	576	521	347	440	729	509	476	461	323	477	456	716	
717	539	525	615	428	513	466	739	339	739	791	367	324	591	525	542	683	715	619	760	729	708	0	695	339	327	320	705	388	370	581	789	445	381	378	660	430	691	421	656	728	608	347	620	778	799	535	390	433	711	466	620	436	768	384	735	528	413	494	533	614	
743	438	304	532	310	634	433	780	478	669	728	717	497	694	498	596	742	709	587	585	305	623	695	0	672	714	384	460	625	645	721	446	440	469	355	636	737	656	508	465	795	697	675	565	794	581	574	327	789	726	754	305	673	685	773	570	319	313	797	510	607	
366	335	444	695	753	600	348	411	380	678	350	398	391	663	725	696	431	359	499	779	489	525	339	672	0	411	799	569	756	692	711	755	383	494	606	634	373	664	729	772	752	596	622	556	305	450	345	568	647	600	537	595	732	344	419	782	470	740	670	714	593	
447	646	667	636	419	403	537	505	516	414	573	333	312	732	451	788	313	680	562	316	394	717	327	714	411	0	473	633	549	321	415	367	366	632	650	484	753	625	715	480	645	795	337	390	644	724	371	672	500	683	739	459	550	757	710	555	496	389	535	326	317	
415	641	503	311	417	314	774	667	406	530	689	367	512	649	313	311	779	569	410	516	705	480	320	384	799	473	0	625	573	407	631	643	795	441	735	343	507	563	765	510	586	615	511	342	796	482	317	310	441	560	794	503	318	581	724	545	678	496	718	564	789	
316	676	494	751	701	519	358	612	750	447	763	596	703	443	358	410	655	422	610	681	378	409	705	460	569	633	625	0	757	339	735	444	460	773	481	713	610	694	513	478	555	555	601	417	525	778	688	729	363	661	500	732	487	530	799	410	613	590	788	398	692	
430	648	799	712	740	480	712	476	643	394	389	305	309	324	632	496	372	533	558	501	491	367	388	625	756	549	573	757	0	595	479	591	381	584	564	662	387	325	773	747	423	606	629	617	458	560	513	772	752	665	580	586	307	307	487	390	405	471	473	647	565	
450	330	448	794	769	471	312	314	308	350	420	704	415	519	336	651	784	520	388	580	641	539	370	645	692	321	407	339	595	0	584	775	361	312	332	686	343	488	521	630	542	441	421	312	580	755	418	540	587	501	675	696	439	521	658	419	597	308	545	454	752	
617	694	644	530	642	362	518	767	693	616	308	741	763	346	641	390	461	340	373	581	713	782	581	721	711	415	631	735	479	584	0	325	454	426	344	687	757	730	544	552	731	660	703	333	789	788	454	593	662	556	495	787	622	695	605	317	314	381	414	671	626	
691	366	422	649	361	715	327	572	706	403	771	688	377	794	607	352	689	659	582	438	433	569	789	446	755	367	643	444	591	775	325	0	695	371	672	727	557	790	629	355	351	721	685	321	489	442	356	610	522	510	483	557	674	677	749	458	765	781	668	589	316	
579	388	725	730	301	636	775	508	484	659	365	724	774	332	462	687	420	763	341	776	514	639	445	440	383	366	795	460	381	361	454	695	0	663	603	456	666	554	395	775	495	717	689	575	734	349	778	455	657	785	759	775	605	552	514	736	706	637	625	671	685	
455	466	322	400	578	791	787	799	498	472	626	491	363	435	449	449	380	581	611	716	693	795	381	469	494	632	441	773	584	312	426	371	663	0	592	307	768	599	345	570	330	374	471	434	318	442	552	517	486	494	310	470	436	789	321	373	650	768	439	753	436	
608	411	537	367	318	366	464	570	399	751	414	667	470	353	654	667	767	653	486	718	436	361	378	355	606	650	735	481	564	332	344	672	603	592	0	602	565	415	621	578	379	406	300	650	728	346	733	448	614	700	643	318	438	577	540	794	682	350	603	717	400	
495	677	691	571	360	314	629	567	587	648	411	359	378	722	604	690	384	604	564	582	738	719	660	636	634	484	343	713	662	686	687	727	456	307	602	0	310	605	432	565	587	797	484	336	338	776	389	380	770	362	494	658	711	675	407	733	681	608	418	483	648	
680	675	602	468	310	348	444	543	519	384	677	767	654	394	684	404	331	569	514	344	685	437	430	737	373	753	507	610	387	343	757	557	666	768	565	310	0	773	535	428	439	426	775	339	609	394	324	491	325	747	376	492	554	462	795	668	799	713	431	663	776	
452	582	771	705	608	667	395	700	385	483	343	588	340	685	501	772	637	377	743	398	423	781	691	656	664	625	563	694	325	488	730	790	554	599	415	605	773	0	551	567	310	473	526	474	364	534	698	772	570	763	758	688	334	365	713	357	759	388	509	672	636	
697	454	320	534	321	719	461	509	329	506	794	557	750	761	660	619	301	759	512	495	550	396	421	508	729	715	765	513	773	521	544	629	395	345	621	432	535	551	0	323	484	625	697	510	545	799	300	511	467	601	383	337	564	408	351	537	516	574	458	346	372	
779	627	523	742	767	599	545	429	434	738	571	485	406	395	340	503	708	545	705	486	380	375	656	465	772	480	510	478	747	630	552	355	775	570	578	565	428	567	323	0	377	327	387	536	786	438	782	532	692	463	408	764	753	742	789	681	488	336	547	385	310	
386	567	356	703	464	448	724	455	781	513	399	339	689	755	334	670	339	301	714	662	656	504	728	795	752	645	586	555	423	542	731	351	495	330	379	587	439	310	484	377	0	376	301	423	545	698	443	497	593	429	636	319	683	697	384	566	728	744	793	479	686	
394	442	722	394	612	585	609	324	359	672	687	750	409	313	698	698	524	794	558	590	483	436	608	697	596	795	615	555	606	441	660	721	717	374	406	797	426	473	625	327	376	0	762	428	757	334	329	733	461	651	429	380	644	685	303	556	305	521	517	761	456	
455	530	363	489	796	367	674	713	423	428	651	681	405	688	533	603	549	626	303	691	497	336	347	675	622	337	511	601	629	421	703	685	689	471	300	484	775	526	697	387	301	762	0	559	673	506	304	679	422	433	738	346	686	553	465	334	693	696	680	784	391	
451	409	738	374	459	487	702	309	347	588	571	462	574	445	600	310	308	300	726	469	402	445	620	565	556	390	342	417	617	312	333	321	575	434	650	336	339	474	510	536	423	428	559	0	727	763	780	396	640	318	778	544	608	454	564	595	605	463	545	726	331	
564	730	472	748	532	629	318	658	738	303	472	354	640	606	637	622	762	303	727	708	727	794	778	794	305	644	796	525	458	580	789	489	734	318	728	338	609	364	545	786	545	757	673	727	0	438	783	595	315	583	364	404	478	793	541	682	489	699	614	789	727	
647	623	730	582	330	570	754	441	357	740	471	391	574	326	462	399	647	531	365	720	314	338	799	581	450	724	482	778	560	755	788	442	349	442	346	776	394	534	799	438	698	334	506	763	438	0	506	313	663	377	507	614	332	789	637	753	775	450	705	671	433	
626	706	675	570	758	532	562	386	786	795	781	692	443	542	391	481	735	663	529	399	551	587	535	574	345	371	317	688	513	418	454	356	778	552	733	389	324	698	300	782	443	329	304	780	783	506	0	393	658	459	498	464	514	576	331	483	319	673	403	651	556	
614	503	593	602	731	632	527	319	381	654	307	676	633	460	707	600	782	358	721	449	764	662	390	327	568	672	310	729	772	540	593	610	455	517	448	380	491	772	511	532	497	733	679	396	595	313	393	0	439	461	365	300	463	527	757	531	756	484	464	522	786	
505	721	378	702	543	452	413	657	656	311	714	652	722	758	713	469	539	393	687	683	544	334	433	789	647	500	441	363	752	587	662	522	657	486	614	770	325	570	467	692	593	461	422	640	315	663	658	439	0	670	320	700	471	604	530	396	334	704	543	793	373	
576	547	719	752	369	456	489	384	459	731	303	656	328	787	447	301	639	345	581	322	498	576	711	726	600	683	560	661	665	501	556	510	785	494	700	362	747	763	601	463	429	651	433	318	583	377	459	461	670	0	467	698	769	354	391	406	560	796	377	389	331	
501	736	690	490	782	397	462	318	779	743	316	338	622	589	686	307	692	573	442	449	401	521	466	754	537	739	794	500	580	675	495	483	759	310	643	494	376	758	383	408	636	429	738	778	364	507	498	365	320	467	0	307	787	693	615	758	653	323	705	374	370	
548	754	604	489	530	704	622	790	771	769	370	410	644	788	444	369	688	651	396	444	764	347	620	305	595	459	503	732	586	696	787	557	775	470	318	658	492	688	337	764	319	380	346	544	404	614	464	300	700	698	307	0	526	344	588	357	633	536	479	351	688	
481	649	323	577	369	401	353	304	329	476	354	576	767	516	773	522	624	766	643	773	697	440	436	673	732	550	318	487	307	439	622	674	605	436	438	711	554	334	564	753	683	644	686	608	478	332	514	463	471	769	787	526	0	398	531	705	496	789	448	712	572	
658	335	616	756	573	724	530	485	715	514	365	341	362	795	699	480	688	655	776	486	612	729	768	685	344	757	581	530	307	521	695	677	552	789	577	675	462	365	408	742	697	685	553	454	793	789	576	527	604	354	693	344	398	0	568	665	399	632	319	324	363	
430	428	312	508	579	610	511	760	358	672	589	605	601	680	337	702	380	507	625	745	556	509	384	773	419	710	724	799	487	658	605	749	514	321	540	407	795	713	351	789	384	303	465	564	541	637	331	757	530	391	615	588	531	568	0	693	687	629	708	544	384	
379	580	458	513	604	337	729	741	491	658	770	662	489	334	415	778	564	481	411	593	557	476	735	570	782	555	545	410	390	419	317	458	736	373	794	733	668	357	537	681	566	556	334	595	682	753	483	531	396	406	758	357	705	665	693	0	351	676	466	417	689	
620	412	759	479	668	469	569	610	733	560	666	330	747	753	323	303	780	536	644	343	300	461	528	319	470	496	678	613	405	597	314	765	706	650	682	681	799	759	516	488	728	305	693	605	489	775	319	756	334	560	653	633	496	399	687	351	0	404	674	669	659	
691	542	710	455	619	638	615	607	344	515	525	402	787	412	574	385	550	697	437	763	599	323	413	313	740	389	496	590	471	308	381	781	637	768	350	608	713	388	574	336	744	521	696	463	699	450	673	484	704	796	323	536	789	632	629	676	404	0	521	391	775	
304	721	761	384	487	797	788	466	390	738	513	536	444	324	701	529	502	457	416	735	683	477	494	797	670	535	718	788	473	545	414	668	625	439	603	418	431	509	458	547	793	517	680	545	614	705	403	464	543	377	705	479	448	319	708	466	674	521	0	641	475	
564	457	657	600	519	649	605	692	681	702	342	354	426	462	396	605	677	623	643	640	638	456	533	510	714	326	564	398	647	454	671	589	671	753	717	483	663	672	346	385	479	761	784	726	789	671	651	522	793	389	374	351	712	324	544	417	669	391	641	0	311	
455	749	713	669	419	715	304	701	531	472	475	561	456	620	359	569	532	304	376	537	441	716	614	607	593	317	789	692	565	752	626	316	685	436	400	648	776	636	372	310	686	456	391	331	727	433	556	786	373	331	370	688	572	363	384	689	659	775	475	311	0	
etats
Id_Station	Poids W	Min (P)	WSPT	Priorité	
1	3	300	33,33	1	
2	7	302	33,56	2	
3	9	302	33,56	3	
4	1	305	33,89	4	
5	9	310	34,44	5	
6	4	322	35,78	6	
7	8	302	37,75	7	
8	4	305	38,13	8	
9	3	305	38,13	9	
10	9	306	38,25	10	
11	6	307	38,38	11	
12	6	309	38,63	12	
13	9	318	39,75	13	
14	3	307	43,86	14	
15	9	311	44,43	15	
16	1	312	44,57	16	
17	7	314	44,86	17	
18	8	319	45,57	18	
19	2	300	50,00	19	
20	6	301	50,17	20	
21	8	302	50,33	21	
22	1	302	50,33	22	
23	7	303	50,50	23	
24	1	304	50,67	24	
25	8	305	50,83	25	
26	3	305	50,83	26	
27	2	307	51,17	27	
28	2	310	51,67	28	
29	7	300	60,00	29	
30	6	302	60,40	30	
31	9	308	61,60	31	
32	6	312	62,40	32	
33	6	313	62,60	33	
34	8	315	63,00	34	
35	4	319	63,80	35	
36	6	300	75,00	36	
37	5	303	75,75	37	
38	6	304	76,00	38	
39	1	313	78,25	39	
40	3	320	80,00	40	
41	3	303	101,00	41	
42	7	304	101,33	42	
43	6	305	101,67	43	
44	4	307	102,33	44	
45	9	307	102,33	45	
46	1	309	103,00	46	
47	4	300	150,00	47	
48	9	304	152,00	48	
49	8	305	152,50	49	
50	3	309	154,50	50	
51	1	300	300,00	51	
52	6	300	300,00	52	
53	2	300	300,00	53	
54	4	300	300,00	54	
55	2	302	302,00	55	
56	1	308	308,00	56	
57	1	309	309,00	57	
58	3	311	311,00	58	
59	6	314	314,00	59	
60	3	316	316,00	60	

