distances
0	735	652	383	713	415	523	489	504	672	370	613	538	308	673	633	576	695	601	628	328	421	562	579	594	645	302	402	548	345	333	729	697	319	515	318	343	696	403	437	602	799	458	705	743	767	366	503	396	508	366	360	425	646	366	799	768	716	562	657	435	
735	0	443	606	338	614	366	406	556	558	346	392	470	520	425	564	713	304	765	342	550	726	652	719	339	365	710	511	386	577	663	318	503	348	468	328	798	762	530	639	362	428	524	605	498	364	653	462	750	754	614	349	336	782	318	641	329	325	631	419	323	
652	443	0	453	782	646	398	554	741	482	698	353	304	649	505	668	597	710	713	424	339	344	672	598	601	308	385	771	442	727	754	395	636	495	739	644	338	402	798	497	462	388	591	648	557	563	343	443	677	587	655	601	588	492	666	685	528	612	476	776	608	
383	606	453	0	395	362	731	461	793	696	541	513	382	565	568	730	401	343	367	769	487	330	609	653	541	792	593	427	398	524	621	745	398	586	613	580	603	473	353	526	497	371	551	437	618	377	598	538	356	796	786	699	513	707	482	716	645	617	648	569	671	
713	338	782	395	0	502	453	419	538	626	384	491	794	575	557	527	410	401	451	702	445	304	631	705	336	574	668	531	598	629	535	688	445	768	651	672	692	562	424	636	347	448	506	353	696	322	551	655	715	382	449	590	732	383	777	590	691	484	507	665	376	
415	614	646	362	502	0	662	728	792	659	521	364	349	480	522	453	669	400	419	716	536	744	788	610	489	582	433	388	763	592	613	332	530	645	753	498	515	744	607	344	449	642	770	652	577	689	686	353	330	437	462	716	320	786	799	771	542	658	689	546	772	
523	366	398	731	453	662	0	415	492	495	386	622	591	630	661	668	410	770	771	611	491	519	566	708	539	335	619	781	436	663	306	390	654	560	657	743	659	617	795	639	525	789	682	627	719	462	685	687	453	672	499	740	621	557	638	626	549	460	597	712	472	
489	406	554	461	419	728	415	0	677	680	507	777	420	361	624	312	392	618	442	557	686	511	515	540	522	352	650	334	317	463	737	514	371	427	592	377	349	693	707	797	710	643	747	466	772	487	793	799	721	497	324	542	414	334	381	544	646	550	745	369	312	
504	556	741	793	538	792	492	677	0	610	576	627	529	351	507	365	327	738	794	627	692	333	742	470	728	700	327	407	331	566	314	610	517	765	786	381	442	735	496	604	374	385	695	660	603	778	548	654	396	402	311	661	696	326	702	674	631	607	776	385	611	
672	558	482	696	626	659	495	680	610	0	456	368	586	777	420	617	693	705	614	302	730	395	489	392	449	718	653	549	708	334	522	794	795	630	439	440	714	675	376	341	340	575	796	319	603	620	746	590	713	765	403	451	471	759	441	523	321	680	415	797	433	
370	346	698	541	384	521	386	507	576	456	0	731	350	300	580	430	724	518	794	606	701	600	436	603	534	550	616	721	459	663	442	789	417	480	393	712	489	731	557	458	323	466	461	548	342	552	699	729	365	329	639	570	780	467	493	405	452	776	530	382	460	
613	392	353	513	491	364	622	777	627	368	731	0	550	370	394	647	335	422	543	362	799	774	744	314	357	787	625	710	792	680	797	357	713	799	466	536	465	392	564	435	413	611	772	446	696	761	592	710	380	642	613	604	774	462	560	672	364	597	741	509	764	
538	470	304	382	794	349	591	420	529	586	350	550	0	707	549	664	651	618	357	527	379	684	754	607	384	405	494	779	381	720	798	373	798	475	590	618	494	528	581	760	466	342	377	453	515	472	796	309	777	505	667	434	327	482	740	461	472	774	420	383	643	
308	520	649	565	575	480	630	361	351	777	300	370	707	0	555	438	538	449	417	312	469	608	397	523	463	574	694	789	385	630	430	727	374	763	437	551	302	369	428	715	509	688	665	316	369	625	737	416	507	608	769	729	752	661	441	472	493	441	627	600	761	
673	425	505	568	557	522	661	624	507	420	580	394	549	555	0	616	523	647	599	604	356	373	638	567	638	728	472	479	594	790	339	533	466	633	355	437	601	505	443	701	452	703	634	485	518	391	646	407	314	645	626	368	650	505	464	501	381	557	764	687	518	
633	564	668	730	527	453	668	312	365	617	430	647	664	438	616	0	681	445	576	717	326	784	482	435	452	699	354	404	341	558	626	533	634	398	466	755	726	556	614	424	582	627	632	432	710	326	320	556	748	424	411	321	731	652	394	705	419	435	760	623	759	
576	713	597	401	410	669	410	392	327	693	724	335	651	538	523	681	0	649	494	537	567	538	390	348	619	470	690	336	519	797	366	336	674	764	595	576	611	531	318	311	611	453	653	708	341	627	311	759	700	330	591	586	727	627	633	784	425	331	393	457	724	
695	304	710	343	401	400	770	618	738	705	518	422	618	449	647	445	649	0	478	502	757	670	494	455	693	320	761	433	454	306	638	485	691	745	444	489	705	603	307	479	419	698	702	698	679	571	591	427	579	502	756	438	557	526	357	487	458	638	644	678	702	
601	765	713	367	451	419	771	442	794	614	794	543	357	417	599	576	494	478	0	782	547	617	485	439	570	403	795	731	747	568	607	401	360	504	393	482	738	713	527	326	594	311	406	506	369	398	703	546	328	344	767	536	320	653	507	543	472	396	394	308	562	
628	342	424	769	702	716	611	557	627	302	606	362	527	312	604	717	537	502	782	0	734	425	418	426	306	634	551	742	366	736	551	492	741	458	680	394	639	326	751	795	400	453	691	379	612	797	624	668	609	639	425	448	686	790	642	378	552	341	681	705	391	
328	550	339	487	445	536	491	686	692	730	701	799	379	469	356	326	567	757	547	734	0	728	325	785	512	717	661	506	681	711	383	409	358	396	393	403	745	607	326	688	626	308	591	421	633	766	798	393	388	559	713	706	537	488	403	586	375	487	526	563	654	
421	726	344	330	304	744	519	511	333	395	600	774	684	608	373	784	538	670	617	425	728	0	576	642	444	396	346	730	434	690	607	587	394	438	523	530	381	303	610	641	707	493	629	756	610	653	450	774	491	493	306	731	660	599	344	584	323	668	481	315	481	
562	652	672	609	631	788	566	515	742	489	436	744	754	397	638	482	390	494	485	418	325	576	0	691	320	302	354	706	757	423	597	462	363	418	494	780	301	565	445	628	482	613	367	679	487	703	311	738	307	373	339	724	361	792	515	796	447	313	675	511	634	
579	719	598	653	705	610	708	540	470	392	603	314	607	523	567	435	348	455	439	426	785	642	691	0	456	366	514	767	310	707	478	431	331	655	319	474	685	532	438	728	468	445	628	381	320	752	544	672	472	645	691	734	637	482	409	708	597	488	732	365	678	
594	339	601	541	336	489	539	522	728	449	534	357	384	463	638	452	619	693	570	306	512	444	320	456	0	778	400	574	346	391	616	400	671	658	711	703	601	694	489	529	769	703	343	777	456	514	303	584	614	524	636	540	467	756	346	713	682	713	519	309	427	
645	365	308	792	574	582	335	352	700	718	550	787	405	574	728	699	470	320	403	634	717	396	302	366	778	0	462	691	468	703	320	786	500	569	612	376	690	679	675	498	481	461	524	322	411	461	657	693	687	509	572	589	340	303	621	644	319	426	443	663	780	
302	710	385	593	668	433	619	650	327	653	616	625	494	694	472	354	690	761	795	551	661	346	354	514	400	462	0	427	462	563	319	712	615	790	786	541	302	707	749	615	487	720	528	782	793	741	409	784	696	460	735	427	363	457	749	673	540	486	513	499	453	
402	511	771	427	531	388	781	334	407	549	721	710	779	789	479	404	336	433	731	742	506	730	706	767	574	691	427	0	565	722	694	340	496	785	703	477	759	541	628	646	674	348	312	543	680	788	438	345	554	715	534	647	473	595	730	502	495	386	329	567	380	
548	386	442	398	598	763	436	317	331	708	459	792	381	385	594	341	519	454	747	366	681	434	757	310	346	468	462	565	0	672	666	616	648	615	338	688	481	622	466	798	642	376	628	415	334	482	613	447	455	725	620	669	791	654	589	719	665	526	661	561	371	
345	577	727	524	629	592	663	463	566	334	663	680	720	630	790	558	797	306	568	736	711	690	423	707	391	703	563	722	672	0	455	369	497	757	470	713	452	559	328	662	351	619	420	382	476	413	433	470	391	789	604	716	675	795	579	319	437	492	324	635	661	
333	663	754	621	535	613	306	737	314	522	442	797	798	430	339	626	366	638	607	551	383	607	597	478	616	320	319	694	666	455	0	776	400	485	593	340	697	377	449	362	719	501	413	329	594	575	708	418	746	324	483	626	771	767	446	468	447	485	541	647	633	
729	318	395	745	688	332	390	514	610	794	789	357	373	727	533	533	336	485	401	492	409	587	462	431	400	786	712	340	616	369	776	0	472	756	561	584	673	446	512	670	676	779	450	634	656	376	657	787	786	306	366	464	774	398	581	334	596	352	535	501	794	
697	503	636	398	445	530	654	371	517	795	417	713	798	374	466	634	674	691	360	741	358	394	363	331	671	500	615	496	648	497	400	472	0	797	774	504	534	686	349	664	319	778	387	448	773	588	733	487	553	714	747	624	637	692	619	444	411	487	667	510	587	
319	348	495	586	768	645	560	427	765	630	480	799	475	763	633	398	764	745	504	458	396	438	418	655	658	569	790	785	615	757	485	756	797	0	461	712	531	541	619	301	719	794	370	782	533	450	310	516	694	315	762	478	320	373	432	578	555	622	567	757	437	
515	468	739	613	651	753	657	592	786	439	393	466	590	437	355	466	595	444	393	680	393	523	494	319	711	612	786	703	338	470	593	561	774	461	0	466	707	402	670	616	496	738	541	364	364	750	601	569	588	563	482	649	465	797	709	370	336	570	765	528	678	
318	328	644	580	672	498	743	377	381	440	712	536	618	551	437	755	576	489	482	394	403	530	780	474	703	376	541	477	688	713	340	584	504	712	466	0	780	447	364	478	372	545	630	378	616	468	367	531	450	656	687	593	518	739	367	548	543	606	570	508	398	
343	798	338	603	692	515	659	349	442	714	489	465	494	302	601	726	611	705	738	639	745	381	301	685	601	690	302	759	481	452	697	673	534	531	707	780	0	784	374	502	560	540	363	414	730	755	524	644	383	655	372	451	567	603	540	369	794	624	447	570	419	
696	762	402	473	562	744	617	693	735	675	731	392	528	369	505	556	531	603	713	326	607	303	565	532	694	679	707	541	622	559	377	446	686	541	402	447	784	0	751	577	776	747	692	775	559	577	370	709	393	408	516	495	591	409	744	540	334	574	491	430	555	
403	530	798	353	424	607	795	707	496	376	557	564	581	428	443	614	318	307	527	751	326	610	445	438	489	675	749	628	466	328	449	512	349	619	670	364	374	751	0	448	453	746	478	424	525	788	411	404	434	629	344	497	798	657	753	596	331	448	653	312	501	
437	639	497	526	636	344	639	797	604	341	458	435	760	715	701	424	311	479	326	795	688	641	628	728	529	498	615	646	798	662	362	670	664	301	616	478	502	577	448	0	413	662	687	656	510	630	480	668	723	550	757	349	602	506	555	605	519	773	736	456	523	
602	362	462	497	347	449	525	710	374	340	323	413	466	509	452	582	611	419	594	400	626	707	482	468	769	481	487	674	642	351	719	676	319	719	496	372	560	776	453	413	0	386	748	571	434	585	616	684	796	556	347	531	428	641	652	430	648	675	633	367	687	
799	428	388	371	448	642	789	643	385	575	466	611	342	688	703	627	453	698	311	453	308	493	613	445	703	461	720	348	376	619	501	779	778	794	738	545	540	747	746	662	386	0	756	585	632	582	676	466	359	489	457	543	418	505	610	687	416	607	615	529	399	
458	524	591	551	506	770	682	747	695	796	461	772	377	665	634	632	653	702	406	691	591	629	367	628	343	524	528	312	628	420	413	450	387	370	541	630	363	692	478	687	748	756	0	334	337	425	488	348	644	601	616	348	779	458	526	321	447	440	508	513	637	
705	605	648	437	353	652	627	466	660	319	548	446	453	316	485	432	708	698	506	379	421	756	679	381	777	322	782	543	415	382	329	634	448	782	364	378	414	775	424	656	571	585	334	0	410	339	672	690	784	488	424	536	450	337	433	612	670	558	621	785	741	
743	498	557	618	696	577	719	772	603	603	342	696	515	369	518	710	341	679	369	612	633	610	487	320	456	411	793	680	334	476	594	656	773	533	364	616	730	559	525	510	434	632	337	410	0	318	514	777	510	346	567	485	684	524	368	543	388	415	502	609	490	
767	364	563	377	322	689	462	487	778	620	552	761	472	625	391	326	627	571	398	797	766	653	703	752	514	461	741	788	482	413	575	376	588	450	750	468	755	577	788	630	585	582	425	339	318	0	302	746	444	349	512	435	302	601	612	614	410	650	584	630	768	
366	653	343	598	551	686	685	793	548	746	699	592	796	737	646	320	311	591	703	624	798	450	311	544	303	657	409	438	613	433	708	657	733	310	601	367	524	370	411	480	616	676	488	672	514	302	0	555	439	316	673	786	626	489	324	323	463	559	542	519	511	
503	462	443	538	655	353	687	799	654	590	729	710	309	416	407	556	759	427	546	668	393	774	738	672	584	693	784	345	447	470	418	787	487	516	569	531	644	709	404	668	684	466	348	690	777	746	555	0	605	306	627	312	315	653	757	454	668	528	637	389	405	
396	750	677	356	715	330	453	721	396	713	365	380	777	507	314	748	700	579	328	609	388	491	307	472	614	687	696	554	455	391	746	786	553	694	588	450	383	393	434	723	796	359	644	784	510	444	439	605	0	718	654	455	653	697	520	521	596	395	797	727	727	
508	754	587	796	382	437	672	497	402	765	329	642	505	608	645	424	330	502	344	639	559	493	373	645	524	509	460	715	725	789	324	306	714	315	563	656	655	408	629	550	556	489	601	488	346	349	316	306	718	0	506	773	549	352	607	711	495	789	366	536	605	
366	614	655	786	449	462	499	324	311	403	639	613	667	769	626	411	591	756	767	425	713	306	339	691	636	572	735	534	620	604	483	366	747	762	482	687	372	516	344	757	347	457	616	424	567	512	673	627	654	506	0	346	689	697	469	722	667	392	618	675	625	
360	349	601	699	590	716	740	542	661	451	570	604	434	729	368	321	586	438	536	448	706	731	724	734	540	589	427	647	669	716	626	464	624	478	649	593	451	495	497	349	531	543	348	536	485	435	786	312	455	773	346	0	307	356	631	455	416	671	501	325	459	
425	336	588	513	732	320	621	414	696	471	780	774	327	752	650	731	727	557	320	686	537	660	361	637	467	340	363	473	791	675	771	774	637	320	465	518	567	591	798	602	428	418	779	450	684	302	626	315	653	549	689	307	0	428	578	412	401	514	623	430	536	
646	782	492	707	383	786	557	334	326	759	467	462	482	661	505	652	627	526	653	790	488	599	792	482	756	303	457	595	654	795	767	398	692	373	797	739	603	409	657	506	641	505	458	337	524	601	489	653	697	352	697	356	428	0	469	643	391	571	424	614	376	
366	318	666	482	777	799	638	381	702	441	493	560	740	441	464	394	633	357	507	642	403	344	515	409	346	621	749	730	589	579	446	581	619	432	709	367	540	744	753	555	652	610	526	433	368	612	324	757	520	607	469	631	578	469	0	509	629	680	797	611	308	
799	641	685	716	590	771	626	544	674	523	405	672	461	472	501	705	784	487	543	378	586	584	796	708	713	644	673	502	719	319	468	334	444	578	370	548	369	540	596	605	430	687	321	612	543	614	323	454	521	711	722	455	412	643	509	0	316	454	729	560	592	
768	329	528	645	691	542	549	646	631	321	452	364	472	493	381	419	425	458	472	552	375	323	447	597	682	319	540	495	665	437	447	596	411	555	336	543	794	334	331	519	648	416	447	670	388	410	463	668	596	495	667	416	401	391	629	316	0	694	465	575	788	
716	325	612	617	484	658	460	550	607	680	776	597	774	441	557	435	331	638	396	341	487	668	313	488	713	426	486	386	526	492	485	352	487	622	570	606	624	574	448	773	675	607	440	558	415	650	559	528	395	789	392	671	514	571	680	454	694	0	651	392	688	
562	631	476	648	507	689	597	745	776	415	530	741	420	627	764	760	393	644	394	681	526	481	675	732	519	443	513	329	661	324	541	535	667	567	765	570	447	491	653	736	633	615	508	621	502	584	542	637	797	366	618	501	623	424	797	729	465	651	0	495	527	
657	419	776	569	665	546	712	369	385	797	382	509	383	600	687	623	457	678	308	705	563	315	511	365	309	663	499	567	561	635	647	501	510	757	528	508	570	430	312	456	367	529	513	785	609	630	519	389	727	536	675	325	430	614	611	560	575	392	495	0	312	
435	323	608	671	376	772	472	312	611	433	460	764	643	761	518	759	724	702	562	391	654	481	634	678	427	780	453	380	371	661	633	794	587	437	678	398	419	555	501	523	687	399	637	741	490	768	511	405	727	605	625	459	536	376	308	592	788	688	527	312	0	
etats
Id_Station	Poids W	Min (P)	WSPT	Priorité	
1	8	301	33,44	1	
2	5	302	33,56	2	
3	1	303	33,67	3	
4	1	305	33,89	4	
5	6	307	34,11	5	
6	4	309	34,33	6	
7	1	311	34,56	7	
8	1	326	36,22	8	
9	2	300	37,50	9	
10	9	300	37,50	10	
11	9	301	37,63	11	
12	2	302	37,75	12	
13	6	304	38,00	13	
14	4	306	38,25	14	
15	1	330	41,25	15	
16	8	302	43,14	16	
17	8	305	43,57	17	
18	8	313	44,71	18	
19	3	313	44,71	19	
20	9	300	50,00	20	
21	7	302	50,33	21	
22	1	305	50,83	22	
23	4	310	51,67	23	
24	1	323	53,83	24	
25	1	302	60,40	25	
26	3	305	61,00	26	
27	5	305	61,00	27	
28	1	307	61,40	28	
29	8	350	70,00	29	
30	6	302	75,50	30	
31	7	302	75,50	31	
32	9	305	76,25	32	
33	4	309	77,25	33	
34	1	321	80,25	34	
35	2	322	80,50	35	
36	1	301	100,33	36	
37	6	302	100,67	37	
38	3	307	102,33	38	
39	3	310	103,33	39	
40	5	310	103,33	40	
41	7	315	105,00	41	
42	3	302	151,00	42	
43	4	302	151,00	43	
44	4	302	151,00	44	
45	4	303	151,50	45	
46	7	303	151,50	46	
47	7	306	153,00	47	
48	6	309	154,50	48	
49	8	310	155,00	49	
50	8	300	300,00	50	
51	9	301	301,00	51	
52	9	302	302,00	52	
53	8	302	302,00	53	
54	3	305	305,00	54	
55	2	307	307,00	55	
56	2	307	307,00	56	
57	7	308	308,00	57	
58	1	308	308,00	58	
59	9	310	310,00	59	
60	6	315	315,00	60	

