distances
0	566	578	353	453	493	326	553	485	798	391	609	592	723	399	663	314	535	730	430	522	469	552	470	765	775	568	616	631	461	609	554	761	462	466	671	571	554	743	555	689	678	719	675	554	621	668	600	538	789	329	723	569	741	550	359	421	498	583	734	528	
566	0	510	619	486	529	314	356	479	688	573	512	648	612	626	684	542	566	371	520	346	397	616	670	686	410	345	359	556	729	359	658	530	519	796	607	543	776	471	711	573	647	566	537	705	561	667	301	441	384	644	551	557	352	680	637	770	695	501	761	589	
578	510	0	578	383	311	567	677	563	331	354	403	444	506	581	421	669	499	750	482	552	640	488	585	654	642	472	798	419	685	481	537	574	662	372	460	645	313	714	376	781	785	674	792	550	358	396	602	585	653	661	790	328	450	650	772	542	460	718	789	700	
353	619	578	0	318	358	715	783	366	745	615	433	399	426	410	717	480	652	527	413	456	737	660	732	692	342	437	688	564	755	742	322	713	482	600	354	675	386	605	391	759	622	586	572	408	733	798	497	372	378	637	741	489	445	330	442	592	735	510	767	578	
453	486	383	318	0	633	442	412	640	773	494	608	614	635	573	623	431	415	499	403	503	746	661	464	547	318	389	453	503	739	371	742	606	683	656	796	473	719	671	689	580	377	427	678	426	464	397	791	696	562	505	374	797	480	353	706	543	426	786	499	584	
493	529	311	358	633	0	641	544	378	391	670	631	713	579	458	352	432	759	501	426	326	731	519	490	514	770	646	336	496	727	561	447	327	602	436	710	723	642	563	416	648	461	468	669	614	785	635	428	726	326	447	414	390	434	377	589	575	720	359	488	450	
326	314	567	715	442	641	0	619	434	768	410	304	359	621	549	332	333	582	592	684	755	580	347	689	782	461	394	533	622	588	551	533	476	453	712	790	392	410	430	398	706	616	691	637	474	707	396	676	748	543	761	680	580	591	339	713	636	770	422	748	688	
553	356	677	783	412	544	619	0	724	341	738	315	407	482	466	767	384	325	633	614	744	681	612	540	533	616	559	597	731	562	345	339	769	396	775	639	785	590	360	738	545	663	741	444	763	357	691	616	746	320	756	758	602	451	684	365	503	617	359	450	485	
485	479	563	366	640	378	434	724	0	434	702	696	750	335	520	425	649	608	654	389	304	505	326	617	770	699	577	438	504	372	761	643	665	340	652	352	522	607	485	632	384	613	316	530	334	685	691	793	589	715	613	568	460	750	527	544	798	694	702	391	556	
798	688	331	745	773	391	768	341	434	0	563	381	446	534	534	586	704	472	680	357	366	381	707	413	745	648	788	698	424	773	776	776	478	540	575	500	419	710	470	514	648	615	751	754	304	657	410	481	507	412	492	388	553	681	711	525	717	544	692	318	522	
391	573	354	615	494	670	410	738	702	563	0	620	697	336	700	748	794	309	499	370	497	471	414	556	551	647	356	394	528	521	525	583	604	564	383	723	391	376	630	387	758	403	663	473	393	499	560	736	780	725	529	380	431	518	532	394	658	621	732	639	593	
609	512	403	433	608	631	304	315	696	381	620	0	420	501	748	632	754	712	762	366	542	426	373	780	589	450	458	637	432	426	592	763	432	583	709	571	767	655	401	599	686	641	428	501	515	619	385	425	650	745	594	491	713	442	424	478	614	587	489	394	600	
592	648	444	399	614	713	359	407	750	446	697	420	0	577	730	348	596	553	475	329	682	570	756	726	567	673	378	460	444	769	476	433	519	546	716	700	739	314	564	550	309	774	304	531	498	686	690	464	497	586	366	403	507	303	677	441	429	579	338	657	457	
723	612	506	426	635	579	621	482	335	534	336	501	577	0	392	401	620	537	672	434	332	599	445	606	475	765	310	717	457	346	344	474	748	473	356	471	365	307	605	437	405	705	712	592	602	418	596	535	318	692	773	369	551	717	518	453	609	335	380	713	773	
399	626	581	410	573	458	549	466	520	534	700	748	730	392	0	671	430	577	381	426	554	537	484	537	519	378	787	446	634	783	696	729	759	471	733	317	685	769	338	354	626	627	611	765	340	510	653	649	791	368	536	316	697	473	334	455	389	783	534	681	356	
663	684	421	717	623	352	332	767	425	586	748	632	348	401	671	0	484	440	388	501	469	738	724	617	388	703	403	680	393	352	433	553	411	789	766	429	750	566	641	325	654	563	674	437	480	421	587	718	303	654	598	346	631	750	718	709	312	521	313	483	404	
314	542	669	480	431	432	333	384	649	704	794	754	596	620	430	484	0	568	714	477	330	356	688	410	494	490	318	500	397	581	540	465	506	308	365	601	329	359	649	778	645	365	572	399	547	532	711	732	577	683	326	525	351	659	429	744	699	687	574	424	600	
535	566	499	652	415	759	582	325	608	472	309	712	553	537	577	440	568	0	481	352	779	397	761	367	688	681	331	340	798	602	548	740	535	719	765	781	715	313	694	618	715	650	656	373	304	466	789	379	306	732	736	470	395	643	494	554	469	482	557	785	556	
730	371	750	527	499	501	592	633	654	680	499	762	475	672	381	388	714	481	0	658	359	522	318	667	624	463	697	337	448	790	382	453	570	344	444	449	390	302	520	497	794	761	463	504	572	666	548	736	346	608	705	320	628	467	418	405	314	489	587	343	375	
430	520	482	413	403	426	684	614	389	357	370	366	329	434	426	501	477	352	658	0	649	492	404	605	372	498	373	389	777	512	300	583	310	679	338	663	787	439	737	542	412	416	582	747	460	396	640	567	438	321	376	386	642	476	694	576	525	386	334	658	539	
522	346	552	456	503	326	755	744	304	366	497	542	682	332	554	469	330	779	359	649	0	622	412	420	629	340	609	372	725	708	548	318	597	719	361	435	523	374	365	352	489	508	606	672	464	684	347	554	758	742	442	387	730	686	557	783	392	751	463	314	781	
469	397	640	737	746	731	580	681	505	381	471	426	570	599	537	738	356	397	522	492	622	0	326	487	433	667	664	367	772	391	732	309	713	344	501	503	328	307	761	503	301	503	518	444	641	622	698	671	450	658	489	317	706	436	713	348	516	351	716	326	751	
552	616	488	660	661	519	347	612	326	707	414	373	756	445	484	724	688	761	318	404	412	326	0	431	502	679	429	798	322	325	325	584	676	757	497	675	353	504	674	500	523	602	706	326	355	302	432	484	663	358	358	708	588	407	639	310	563	320	340	381	482	
470	670	585	732	464	490	689	540	617	413	556	780	726	606	537	617	410	367	667	605	420	487	431	0	385	771	432	479	558	737	647	789	315	567	540	314	526	413	609	653	623	686	605	396	639	647	526	538	770	751	788	526	564	350	420	505	559	604	686	441	436	
765	686	654	692	547	514	782	533	770	745	551	589	567	475	519	388	494	688	624	372	629	433	502	385	0	534	323	575	729	727	685	724	613	565	472	591	727	340	725	519	694	318	562	668	306	726	784	356	603	526	377	394	698	698	550	630	582	522	328	474	744	
775	410	642	342	318	770	461	616	699	648	647	450	673	765	378	703	490	681	463	498	340	667	679	771	534	0	662	584	569	670	435	630	443	361	725	739	427	588	647	694	770	461	785	569	329	616	630	516	566	737	503	694	487	586	488	651	419	766	455	415	715	
568	345	472	437	389	646	394	559	577	788	356	458	378	310	787	403	318	331	697	373	609	664	429	432	323	662	0	749	703	484	321	653	456	721	797	777	680	455	666	547	492	555	392	714	394	622	665	698	758	417	382	714	551	700	644	435	738	702	673	387	401	
616	359	798	688	453	336	533	597	438	698	394	637	460	717	446	680	500	340	337	389	372	367	798	479	575	584	749	0	695	798	332	490	572	736	493	634	696	374	710	327	769	565	677	436	503	479	687	597	603	410	444	651	695	787	588	312	601	352	430	577	451	
631	556	419	564	503	496	622	731	504	424	528	432	444	457	634	393	397	798	448	777	725	772	322	558	729	569	703	695	0	612	618	518	412	637	741	629	302	618	328	503	779	676	301	533	446	542	759	543	529	656	717	579	718	641	643	637	740	425	411	696	549	
461	729	685	755	739	727	588	562	372	773	521	426	769	346	783	352	581	602	790	512	708	391	325	737	727	670	484	798	612	0	778	340	364	605	463	683	356	370	482	566	799	769	729	337	459	626	515	776	475	397	306	319	760	661	449	494	448	478	766	320	751	
609	359	481	742	371	561	551	345	761	776	525	592	476	344	696	433	540	548	382	300	548	732	325	647	685	435	321	332	618	778	0	477	781	409	380	499	660	318	741	706	674	501	454	409	429	545	342	469	553	570	780	731	412	619	531	564	646	437	568	776	665	
554	658	537	322	742	447	533	339	643	776	583	763	433	474	729	553	465	740	453	583	318	309	584	789	724	630	653	490	518	340	477	0	530	687	649	482	566	695	379	517	335	758	736	320	463	772	567	444	723	414	484	612	312	333	353	710	358	327	556	754	729	
761	530	574	713	606	327	476	769	665	478	604	432	519	748	759	411	506	535	570	310	597	713	676	315	613	443	456	572	412	364	781	530	0	770	328	382	315	756	399	607	741	334	358	757	386	527	334	354	596	746	529	506	308	385	608	782	650	682	342	576	503	
462	519	662	482	683	602	453	396	340	540	564	583	546	473	471	789	308	719	344	679	719	344	757	567	565	361	721	736	637	605	409	687	770	0	578	374	504	447	788	739	554	742	445	780	535	395	655	521	783	615	308	384	649	793	371	371	434	773	727	346	548	
466	796	372	600	656	436	712	775	652	575	383	709	716	356	733	766	365	765	444	338	361	501	497	540	472	725	797	493	741	463	380	649	328	578	0	345	396	551	557	601	616	667	388	439	665	356	473	455	724	631	705	513	679	376	567	542	796	518	726	651	629	
671	607	460	354	796	710	790	639	352	500	723	571	700	471	317	429	601	781	449	663	435	503	675	314	591	739	777	634	629	683	499	482	382	374	345	0	682	617	327	386	623	664	573	492	406	371	795	465	717	757	741	561	383	555	483	688	532	333	635	503	765	
571	543	645	675	473	723	392	785	522	419	391	767	739	365	685	750	329	715	390	787	523	328	353	526	727	427	680	696	302	356	660	566	315	504	396	682	0	377	556	614	722	663	572	758	567	666	688	578	426	633	353	325	712	636	422	500	362	363	540	344	602	
554	776	313	386	719	642	410	590	607	710	376	655	314	307	769	566	359	313	302	439	374	307	504	413	340	588	455	374	618	370	318	695	756	447	551	617	377	0	745	509	453	792	627	322	302	754	784	687	567	532	358	339	581	379	551	461	447	765	580	442	375	
743	471	714	605	671	563	430	360	485	470	630	401	564	605	338	641	649	694	520	737	365	761	674	609	725	647	666	710	328	482	741	379	399	788	557	327	556	745	0	575	574	508	613	731	311	400	512	504	322	329	325	674	495	565	464	435	753	626	566	356	680	
555	711	376	391	689	416	398	738	632	514	387	599	550	437	354	325	778	618	497	542	352	503	500	653	519	694	547	327	503	566	706	517	607	739	601	386	614	509	575	0	695	756	739	331	425	595	634	383	365	326	653	324	425	618	384	488	508	763	566	766	633	
689	573	781	759	580	648	706	545	384	648	758	686	309	405	626	654	645	715	794	412	489	301	523	623	694	770	492	769	779	799	674	335	741	554	616	623	722	453	574	695	0	321	476	714	498	710	394	628	444	498	467	570	648	648	307	527	468	427	792	451	560	
678	647	785	622	377	461	616	663	613	615	403	641	774	705	627	563	365	650	761	416	508	503	602	686	318	461	555	565	676	769	501	758	334	742	667	664	663	792	508	756	321	0	498	582	588	444	794	651	558	592	319	342	435	605	521	414	791	301	610	303	541	
719	566	674	586	427	468	691	741	316	751	663	428	304	712	611	674	572	656	463	582	606	518	706	605	562	785	392	677	301	729	454	736	358	445	388	573	572	627	613	739	476	498	0	499	351	682	510	730	465	569	785	540	465	392	359	757	444	743	681	572	707	
675	537	792	572	678	669	637	444	530	754	473	501	531	592	765	437	399	373	504	747	672	444	326	396	668	569	714	436	533	337	409	320	757	780	439	492	758	322	731	331	714	582	499	0	764	540	379	415	588	369	660	501	369	587	501	683	506	620	362	546	570	
554	705	550	408	426	614	474	763	334	304	393	515	498	602	340	480	547	304	572	460	464	641	355	639	306	329	394	503	446	459	429	463	386	535	665	406	567	302	311	425	498	588	351	764	0	306	666	483	329	654	587	740	361	362	696	596	412	781	406	312	512	
621	561	358	733	464	785	707	357	685	657	499	619	686	418	510	421	532	466	666	396	684	622	302	647	726	616	622	479	542	626	545	772	527	395	356	371	666	754	400	595	710	444	682	540	306	0	776	386	501	670	436	491	344	722	385	471	318	692	668	427	416	
668	667	396	798	397	635	396	691	691	410	560	385	690	596	653	587	711	789	548	640	347	698	432	526	784	630	665	687	759	515	342	567	334	655	473	795	688	784	512	634	394	794	510	379	666	776	0	605	791	546	581	506	413	671	416	679	735	475	652	517	493	
600	301	602	497	791	428	676	616	793	481	736	425	464	535	649	718	732	379	736	567	554	671	484	538	356	516	698	597	543	776	469	444	354	521	455	465	578	687	504	383	628	651	730	415	483	386	605	0	785	635	323	365	606	502	553	478	682	457	781	476	548	
538	441	585	372	696	726	748	746	589	507	780	650	497	318	791	303	577	306	346	438	758	450	663	770	603	566	758	603	529	475	553	723	596	783	724	717	426	567	322	365	444	558	465	588	329	501	791	785	0	426	561	795	392	758	357	753	337	500	656	672	541	
789	384	653	378	562	326	543	320	715	412	725	745	586	692	368	654	683	732	608	321	742	658	358	751	526	737	417	410	656	397	570	414	746	615	631	757	633	532	329	326	498	592	569	369	654	670	546	635	426	0	699	593	437	732	644	602	682	732	643	585	384	
329	644	661	637	505	447	761	756	613	492	529	594	366	773	536	598	326	736	705	376	442	489	358	788	377	503	382	444	717	306	780	484	529	308	705	741	353	358	325	653	467	319	785	660	587	436	581	323	561	699	0	491	433	390	652	502	794	676	520	386	346	
723	551	790	741	374	414	680	758	568	388	380	491	403	369	316	346	525	470	320	386	387	317	708	526	394	694	714	651	579	319	731	612	506	384	513	561	325	339	674	324	570	342	540	501	740	491	506	365	795	593	491	0	489	702	383	654	379	303	792	520	509	
569	557	328	489	797	390	580	602	460	553	431	713	507	551	697	631	351	395	628	642	730	706	588	564	698	487	551	695	718	760	412	312	308	649	679	383	712	581	495	425	648	435	465	369	361	344	413	606	392	437	433	489	0	670	425	306	563	429	639	790	406	
741	352	450	445	480	434	591	451	750	681	518	442	303	717	473	750	659	643	467	476	686	436	407	350	698	586	700	787	641	661	619	333	385	793	376	555	636	379	565	618	648	605	392	587	362	722	671	502	758	732	390	702	670	0	534	581	596	527	671	757	540	
550	680	650	330	353	377	339	684	527	711	532	424	677	518	334	718	429	494	418	694	557	713	639	420	550	488	644	588	643	449	531	353	608	371	567	483	422	551	464	384	307	521	359	501	696	385	416	553	357	644	652	383	425	534	0	701	404	605	387	349	372	
359	637	772	442	706	589	713	365	544	525	394	478	441	453	455	709	744	554	405	576	783	348	310	505	630	651	435	312	637	494	564	710	782	371	542	688	500	461	435	488	527	414	757	683	596	471	679	478	753	602	502	654	306	581	701	0	337	395	711	632	754	
421	770	542	592	543	575	636	503	798	717	658	614	429	609	389	312	699	469	314	525	392	516	563	559	582	419	738	601	740	448	646	358	650	434	796	532	362	447	753	508	468	791	444	506	412	318	735	682	337	682	794	379	563	596	404	337	0	594	502	721	604	
498	695	460	735	426	720	770	617	694	544	621	587	579	335	783	521	687	482	489	386	751	351	320	604	522	766	702	352	425	478	437	327	682	773	518	333	363	765	626	763	427	301	743	620	781	692	475	457	500	732	676	303	429	527	605	395	594	0	685	338	604	
583	501	718	510	786	359	422	359	702	692	732	489	338	380	534	313	574	557	587	334	463	716	340	686	328	455	673	430	411	766	568	556	342	727	726	635	540	580	566	566	792	610	681	362	406	668	652	781	656	643	520	792	639	671	387	711	502	685	0	453	651	
734	761	789	767	499	488	748	450	391	318	639	394	657	713	681	483	424	785	343	658	314	326	381	441	474	415	387	577	696	320	776	754	576	346	651	503	344	442	356	766	451	303	572	546	312	427	517	476	672	585	386	520	790	757	349	632	721	338	453	0	598	
528	589	700	578	584	450	688	485	556	522	593	600	457	773	356	404	600	556	375	539	781	751	482	436	744	715	401	451	549	751	665	729	503	548	629	765	602	375	680	633	560	541	707	570	512	416	493	548	541	384	346	509	406	540	372	754	604	604	651	598	0	
etats
Id_Station	Poids W	Min (P)	WSPT	Priorité	
1	3	300	33,33	1	
2	1	303	33,67	2	
3	8	304	33,78	3	
4	9	305	33,89	4	
5	1	317	35,22	5	
6	9	300	37,50	6	
7	8	300	37,50	7	
8	3	302	37,75	8	
9	8	303	37,88	9	
10	3	303	37,88	10	
11	6	305	38,13	11	
12	2	312	39,00	12	
13	5	300	42,86	13	
14	6	300	42,86	14	
15	9	302	43,14	15	
16	5	303	43,29	16	
17	7	303	43,29	17	
18	7	304	43,43	18	
19	7	310	44,29	19	
20	9	311	44,43	20	
21	2	313	44,71	21	
22	3	315	45,00	22	
23	9	329	47,00	23	
24	1	302	50,33	24	
25	1	304	50,67	25	
26	1	311	51,83	26	
27	4	318	53,00	27	
28	4	304	60,80	28	
29	7	305	61,00	29	
30	5	306	61,20	30	
31	8	308	61,60	31	
32	5	309	61,80	32	
33	6	315	63,00	33	
34	6	315	63,00	34	
35	7	300	75,00	35	
36	4	301	75,25	36	
37	1	303	75,75	37	
38	1	318	79,50	38	
39	8	301	100,33	39	
40	8	302	100,67	40	
41	4	303	101,00	41	
42	6	304	101,33	42	
43	6	310	103,33	43	
44	9	310	103,33	44	
45	6	308	154,00	45	
46	8	310	155,00	46	
47	4	300	300,00	47	
48	1	300	300,00	48	
49	8	300	300,00	49	
50	7	301	301,00	50	
51	4	303	303,00	51	
52	6	303	303,00	52	
53	5	304	304,00	53	
54	8	305	305,00	54	
55	5	307	307,00	55	
56	8	309	309,00	56	
57	5	312	312,00	57	
58	7	313	313,00	58	
59	6	315	315,00	59	
60	5	317	317,00	60	

