distances
0	336	346	756	303	768	544	490	322	728	412	722	563	739	346	349	686	672	404	585	775	618	540	608	552	444	581	549	602	511	667	612	475	321	556	423	445	456	375	613	737	662	637	748	442	463	638	694	525	724	311	758	352	540	322	424	537	333	413	735	627	
336	0	743	359	575	435	421	779	618	693	600	711	493	608	323	316	748	549	780	330	413	779	527	642	460	543	626	773	355	605	339	597	566	720	540	605	437	558	797	341	408	682	413	468	616	445	342	621	656	716	676	642	489	608	740	659	587	401	629	705	559	
346	743	0	590	695	473	654	536	641	758	455	735	311	603	608	401	603	409	481	471	511	496	364	768	714	772	501	412	467	575	625	312	522	564	558	430	347	337	634	484	418	518	422	710	398	665	506	305	770	353	687	552	330	359	779	665	738	375	500	516	658	
756	359	590	0	396	700	445	359	732	745	588	319	396	643	425	355	490	576	645	696	504	783	353	458	713	789	582	596	372	375	778	431	400	669	640	580	648	402	534	596	575	698	396	715	526	702	345	321	430	459	709	336	389	587	760	494	702	515	496	663	719	
303	575	695	396	0	420	734	372	425	458	334	776	446	416	607	606	422	364	420	595	593	336	336	678	641	707	512	648	446	549	455	474	724	527	503	422	607	486	725	647	607	529	332	676	400	664	392	578	595	520	688	361	413	381	779	665	794	668	673	633	729	
768	435	473	700	420	0	700	477	364	323	610	360	662	700	779	719	656	396	633	436	686	545	724	696	402	684	600	490	653	335	463	364	718	797	400	595	476	568	448	369	506	635	714	664	733	704	763	793	748	695	609	676	301	776	520	396	560	648	601	536	464	
544	421	654	445	734	700	0	752	549	525	372	743	342	654	793	653	709	301	639	391	703	500	716	414	398	456	508	336	798	541	661	538	439	473	441	616	616	479	757	554	721	685	364	624	710	384	430	422	661	384	324	416	665	613	683	303	760	650	653	750	483	
490	779	536	359	372	477	752	0	640	304	323	753	392	463	597	757	524	553	645	425	340	651	421	558	402	462	449	768	675	627	573	308	579	746	710	361	480	376	473	619	756	376	426	307	564	642	766	733	614	635	723	312	485	567	446	322	500	519	762	582	606	
322	618	641	732	425	364	549	640	0	366	695	318	633	408	465	348	636	354	428	580	517	512	796	430	541	421	513	703	742	712	575	724	681	484	555	776	731	729	539	757	509	758	692	683	752	377	486	305	476	664	593	608	503	387	469	446	676	774	542	496	609	
728	693	758	745	458	323	525	304	366	0	631	439	504	652	401	414	721	778	600	658	407	530	393	679	467	317	556	703	312	623	779	784	618	618	796	547	560	408	301	480	352	511	606	652	650	536	347	787	313	357	434	505	311	490	383	363	618	660	307	789	711	
412	600	455	588	334	610	372	323	695	631	0	776	680	652	534	741	416	771	435	639	353	778	487	716	565	749	633	350	385	798	382	318	687	685	548	520	367	652	698	414	433	741	740	591	739	431	609	663	687	580	771	388	359	702	326	467	507	304	605	782	795	
722	711	735	319	776	360	743	753	318	439	776	0	644	583	729	484	452	400	773	736	519	467	620	747	483	723	591	679	335	446	582	608	630	550	427	539	558	498	467	372	730	429	662	623	381	375	686	531	364	535	581	546	389	786	323	511	349	454	411	484	382	
563	493	311	396	446	662	342	392	633	504	680	644	0	785	580	615	714	306	592	363	340	536	449	594	323	755	629	734	627	756	697	633	633	640	483	369	423	780	581	381	684	648	608	535	709	528	435	427	374	716	772	566	405	368	712	788	589	462	767	378	741	
739	608	603	643	416	700	654	463	408	652	652	583	785	0	461	777	522	775	661	314	448	406	381	339	774	434	428	316	708	533	798	305	742	732	684	568	583	475	468	311	742	358	391	671	581	339	474	517	631	685	785	301	731	751	487	714	383	513	575	363	335	
346	323	608	425	607	779	793	597	465	401	534	729	580	461	0	625	574	413	353	561	335	674	798	366	698	322	362	538	579	549	611	475	799	550	349	434	620	364	718	753	766	600	618	468	513	331	680	781	534	328	567	472	408	698	713	415	798	531	642	524	536	
349	316	401	355	606	719	653	757	348	414	741	484	615	777	625	0	695	633	511	428	353	599	681	537	398	326	745	376	676	434	716	532	500	613	777	492	654	732	696	628	427	486	613	547	636	457	743	440	418	732	747	553	630	554	398	449	358	684	670	606	569	
686	748	603	490	422	656	709	524	636	721	416	452	714	522	574	695	0	704	319	497	766	731	411	626	511	672	437	588	593	775	656	389	748	534	754	759	716	312	725	558	513	587	326	649	685	671	305	669	715	690	492	739	651	793	641	408	401	567	402	366	687	
672	549	409	576	364	396	301	553	354	778	771	400	306	775	413	633	704	0	698	624	707	407	453	328	679	337	544	777	508	725	530	533	784	774	782	760	466	587	324	795	468	750	361	600	499	670	623	627	619	685	361	780	752	322	654	572	711	492	362	719	356	
404	780	481	645	420	633	639	645	428	600	435	773	592	661	353	511	319	698	0	630	761	475	713	655	584	797	569	553	796	381	470	416	578	669	713	546	638	502	717	422	656	352	324	468	761	363	449	744	722	760	300	778	581	371	575	403	733	521	698	360	748	
585	330	471	696	595	436	391	425	580	658	639	736	363	314	561	428	497	624	630	0	343	671	465	662	679	525	579	713	445	783	605	496	636	486	393	774	675	355	496	420	727	480	587	307	786	369	615	799	498	618	344	379	549	364	451	739	688	780	558	340	597	
775	413	511	504	593	686	703	340	517	407	353	519	340	448	335	353	766	707	761	343	0	329	722	718	568	561	627	545	408	436	342	778	496	726	797	526	690	398	538	464	386	503	346	706	683	342	629	645	583	544	303	582	491	687	384	679	794	797	434	396	605	
618	779	496	783	336	545	500	651	512	530	778	467	536	406	674	599	731	407	475	671	329	0	351	457	576	316	624	306	744	716	612	385	577	346	635	746	448	381	425	394	765	405	666	440	606	560	410	434	429	690	701	799	358	449	742	334	587	629	710	434	683	
540	527	364	353	336	724	716	421	796	393	487	620	449	381	798	681	411	453	713	465	722	351	0	514	670	510	520	490	680	432	717	336	322	321	780	578	468	632	679	681	342	358	573	395	670	539	657	550	725	565	763	735	539	725	792	654	541	779	796	355	510	
608	642	768	458	678	696	414	558	430	679	716	747	594	339	366	537	626	328	655	662	718	457	514	0	359	393	691	771	469	576	537	455	416	329	594	480	747	319	552	453	496	418	668	697	699	730	458	438	382	554	709	479	665	588	695	685	705	460	602	396	675	
552	460	714	713	641	402	398	402	541	467	565	483	323	774	698	398	511	679	584	679	568	576	670	359	0	748	472	567	463	618	606	403	569	444	755	629	735	746	622	380	793	517	575	588	346	651	603	569	767	628	780	464	510	475	638	562	621	714	598	745	516	
444	543	772	789	707	684	456	462	421	317	749	723	755	434	322	326	672	337	797	525	561	316	510	393	748	0	550	328	574	677	382	557	429	707	688	789	336	458	690	655	607	660	661	748	727	624	652	361	723	557	559	480	402	304	727	443	388	596	431	687	450	
581	626	501	582	512	600	508	449	513	556	633	591	629	428	362	745	437	544	569	579	627	624	520	691	472	550	0	393	409	385	400	684	788	413	430	381	716	462	655	368	652	545	546	628	502	351	430	355	301	418	770	655	730	565	783	453	568	637	550	595	363	
549	773	412	596	648	490	336	768	703	703	350	679	734	316	538	376	588	777	553	713	545	306	490	771	567	328	393	0	747	575	734	781	556	318	625	433	435	540	610	385	733	382	456	634	452	705	395	644	682	323	644	478	652	520	736	790	328	405	375	635	613	
602	355	467	372	446	653	798	675	742	312	385	335	627	708	579	676	593	508	796	445	408	744	680	469	463	574	409	747	0	546	744	334	536	520	600	361	408	512	487	712	571	589	682	494	334	370	327	544	567	471	523	379	542	340	550	729	737	475	605	638	791	
511	605	575	375	549	335	541	627	712	623	798	446	756	533	549	434	775	725	381	783	436	716	432	576	618	677	385	575	546	0	376	794	327	321	682	658	613	721	619	337	327	371	465	403	495	785	627	308	580	649	734	561	337	342	548	520	757	607	483	714	522	
667	339	625	778	455	463	661	573	575	779	382	582	697	798	611	716	656	530	470	605	342	612	717	537	606	382	400	734	744	376	0	750	640	503	558	737	462	666	611	770	591	541	608	619	778	751	342	305	564	691	381	737	580	788	416	794	521	748	530	543	417	
612	597	312	431	474	364	538	308	724	784	318	608	633	305	475	532	389	533	416	496	778	385	336	455	403	557	684	781	334	794	750	0	702	745	384	629	764	768	347	429	757	645	577	695	663	601	671	449	689	754	526	374	704	434	423	711	612	569	675	383	764	
475	566	522	400	724	718	439	579	681	618	687	630	633	742	799	500	748	784	578	636	496	577	322	416	569	429	788	556	536	327	640	702	0	424	553	753	422	715	388	525	502	761	692	599	787	467	440	465	607	719	797	768	382	668	616	463	437	335	764	756	370	
321	720	564	669	527	797	473	746	484	618	685	550	640	732	550	613	534	774	669	486	726	346	321	329	444	707	413	318	520	321	503	745	424	0	651	320	468	759	707	602	496	452	440	404	751	476	691	542	756	327	459	388	420	528	760	321	611	304	486	546	680	
556	540	558	640	503	400	441	710	555	796	548	427	483	684	349	777	754	782	713	393	797	635	780	594	755	688	430	625	600	682	558	384	553	651	0	715	710	457	614	689	393	753	520	311	492	341	502	639	765	726	690	301	655	548	532	767	743	406	313	452	498	
423	605	430	580	422	595	616	361	776	547	520	539	369	568	434	492	759	760	546	774	526	746	578	480	629	789	381	433	361	658	737	629	753	320	715	0	591	645	724	739	548	365	742	555	524	674	317	699	515	401	603	627	473	650	422	603	436	486	542	338	468	
445	437	347	648	607	476	616	480	731	560	367	558	423	583	620	654	716	466	638	675	690	448	468	747	735	336	716	435	408	613	462	764	422	468	710	591	0	429	747	652	605	360	647	696	480	670	686	481	579	631	442	548	650	343	417	463	336	599	617	452	410	
456	558	337	402	486	568	479	376	729	408	652	498	780	475	364	732	312	587	502	355	398	381	632	319	746	458	462	540	512	721	666	768	715	759	457	645	429	0	608	788	301	781	652	325	708	509	404	460	334	641	311	738	407	300	416	421	727	348	541	641	416	
375	797	634	534	725	448	757	473	539	301	698	467	581	468	718	696	725	324	717	496	538	425	679	552	622	690	655	610	487	619	611	347	388	707	614	724	747	608	0	302	376	427	595	560	403	303	418	442	679	371	611	523	688	435	326	629	660	302	324	596	695	
613	341	484	596	647	369	554	619	757	480	414	372	381	311	753	628	558	795	422	420	464	394	681	453	380	655	368	385	712	337	770	429	525	602	689	739	652	788	302	0	547	316	460	689	606	368	540	724	699	302	327	794	436	468	450	614	517	470	330	567	653	
737	408	418	575	607	506	721	756	509	352	433	730	684	742	766	427	513	468	656	727	386	765	342	496	793	607	652	733	571	327	591	757	502	496	393	548	605	301	376	547	0	568	587	796	405	566	601	528	785	625	761	706	562	539	783	717	416	524	475	364	693	
662	682	518	698	529	635	685	376	758	511	741	429	648	358	600	486	587	750	352	480	503	405	358	418	517	660	545	382	589	371	541	645	761	452	753	365	360	781	427	316	568	0	687	625	363	564	782	725	538	470	550	417	657	344	565	635	520	759	311	705	710	
637	413	422	396	332	714	364	426	692	606	740	662	608	391	618	613	326	361	324	587	346	666	573	668	575	661	546	456	682	465	608	577	692	440	520	742	647	652	595	460	587	687	0	470	525	574	316	542	665	774	464	775	508	420	557	355	735	367	714	732	463	
748	468	710	715	676	664	624	307	683	652	591	623	535	671	468	547	649	600	468	307	706	440	395	697	588	748	628	634	494	403	619	695	599	404	311	555	696	325	560	689	796	625	470	0	353	630	689	558	628	506	675	369	423	345	715	383	724	468	490	370	518	
442	616	398	526	400	733	710	564	752	650	739	381	709	581	513	636	685	499	761	786	683	606	670	699	346	727	502	452	334	495	778	663	787	751	492	524	480	708	403	606	405	363	525	353	0	326	400	361	320	418	466	782	300	451	754	365	426	511	553	316	415	
463	445	665	702	664	704	384	642	377	536	431	375	528	339	331	457	671	670	363	369	342	560	539	730	651	624	351	705	370	785	751	601	467	476	341	674	670	509	303	368	566	564	574	630	326	0	423	315	642	384	693	510	714	596	616	576	657	428	312	600	368	
638	342	506	345	392	763	430	766	486	347	609	686	435	474	680	743	305	623	449	615	629	410	657	458	603	652	430	395	327	627	342	671	440	691	502	317	686	404	418	540	601	782	316	689	400	423	0	769	418	339	616	385	514	557	759	483	331	544	735	392	564	
694	621	305	321	578	793	422	733	305	787	663	531	427	517	781	440	669	627	744	799	645	434	550	438	569	361	355	644	544	308	305	449	465	542	639	699	481	460	442	724	528	725	542	558	361	315	769	0	389	727	314	733	567	467	596	569	386	763	675	709	477	
525	656	770	430	595	748	661	614	476	313	687	364	374	631	534	418	715	619	722	498	583	429	725	382	767	723	301	682	567	580	564	689	607	756	765	515	579	334	679	699	785	538	665	628	320	642	418	389	0	765	454	574	582	431	358	672	476	737	345	721	680	
724	716	353	459	520	695	384	635	664	357	580	535	716	685	328	732	690	685	760	618	544	690	565	554	628	557	418	323	471	649	691	754	719	327	726	401	631	641	371	302	625	470	774	506	418	384	339	727	765	0	779	611	453	335	638	383	798	657	388	489	319	
311	676	687	709	688	609	324	723	593	434	771	581	772	785	567	747	492	361	300	344	303	701	763	709	780	559	770	644	523	734	381	526	797	459	690	603	442	311	611	327	761	550	464	675	466	693	616	314	454	779	0	725	518	486	624	350	407	759	311	493	489	
758	642	552	336	361	676	416	312	608	505	388	546	566	301	472	553	739	780	778	379	582	799	735	479	464	480	655	478	379	561	737	374	768	388	301	627	548	738	523	794	706	417	775	369	782	510	385	733	574	611	725	0	650	549	402	384	364	528	545	378	753	
352	489	330	389	413	301	665	485	503	311	359	389	405	731	408	630	651	752	581	549	491	358	539	665	510	402	730	652	542	337	580	704	382	420	655	473	650	407	688	436	562	657	508	423	300	714	514	567	582	453	518	650	0	595	478	640	345	656	462	713	661	
540	608	359	587	381	776	613	567	387	490	702	786	368	751	698	554	793	322	371	364	687	449	725	588	475	304	565	520	340	342	788	434	668	528	548	650	343	300	435	468	539	344	420	345	451	596	557	467	431	335	486	549	595	0	659	604	322	583	778	450	603	
322	740	779	760	779	520	683	446	469	383	326	323	712	487	713	398	641	654	575	451	384	742	792	695	638	727	783	736	550	548	416	423	616	760	532	422	417	416	326	450	783	565	557	715	754	616	759	596	358	638	624	402	478	659	0	759	310	348	309	328	401	
424	659	665	494	665	396	303	322	446	363	467	511	788	714	415	449	408	572	403	739	679	334	654	685	562	443	453	790	729	520	794	711	463	321	767	603	463	421	629	614	717	635	355	383	365	576	483	569	672	383	350	384	640	604	759	0	398	392	714	573	363	
537	587	738	702	794	560	760	500	676	618	507	349	589	383	798	358	401	711	733	688	794	587	541	705	621	388	568	328	737	757	521	612	437	611	743	436	336	727	660	517	416	520	735	724	426	657	331	386	476	798	407	364	345	322	310	398	0	469	704	664	374	
333	401	375	515	668	648	650	519	774	660	304	454	462	513	531	684	567	492	521	780	797	629	779	460	714	596	637	405	475	607	748	569	335	304	406	486	599	348	302	470	524	759	367	468	511	428	544	763	737	657	759	528	656	583	348	392	469	0	746	697	470	
413	629	500	496	673	601	653	762	542	307	605	411	767	575	642	670	402	362	698	558	434	710	796	602	598	431	550	375	605	483	530	675	764	486	313	542	617	541	324	330	475	311	714	490	553	312	735	675	345	388	311	545	462	778	309	714	704	746	0	352	521	
735	705	516	663	633	536	750	582	496	789	782	484	378	363	524	606	366	719	360	340	396	434	355	396	745	687	595	635	638	714	543	383	756	546	452	338	452	641	596	567	364	705	732	370	316	600	392	709	721	489	493	378	713	450	328	573	664	697	352	0	626	
627	559	658	719	729	464	483	606	609	711	795	382	741	335	536	569	687	356	748	597	605	683	510	675	516	450	363	613	791	522	417	764	370	680	498	468	410	416	695	653	693	710	463	518	415	368	564	477	680	319	489	753	661	603	401	363	374	470	521	626	0	
etats
Id_Station	Poids W	Min (P)	WSPT	Priorité	
1	7	301	33,44	1	
2	5	301	33,44	2	
3	3	302	33,56	3	
4	9	307	34,11	4	
5	1	312	34,67	5	
6	9	301	37,63	6	
7	5	305	38,13	7	
8	9	320	40,00	8	
9	7	323	40,38	9	
10	8	323	40,38	10	
11	6	300	42,86	11	
12	5	300	42,86	12	
13	3	301	43,00	13	
14	6	301	43,00	14	
15	6	307	43,86	15	
16	1	301	50,17	16	
17	2	302	50,33	17	
18	2	303	50,50	18	
19	1	305	50,83	19	
20	2	305	50,83	20	
21	6	309	51,50	21	
22	7	313	52,17	22	
23	4	324	54,00	23	
24	3	302	60,40	24	
25	3	302	60,40	25	
26	2	304	60,80	26	
27	7	314	62,80	27	
28	7	300	75,00	28	
29	2	301	75,25	29	
30	3	310	77,50	30	
31	3	316	79,00	31	
32	5	321	80,25	32	
33	1	301	100,33	33	
34	2	301	100,33	34	
35	7	305	101,67	35	
36	9	305	101,67	36	
37	9	307	102,33	37	
38	7	307	102,33	38	
39	2	310	103,33	39	
40	3	321	107,00	40	
41	1	324	108,00	41	
42	4	301	150,50	42	
43	1	302	151,00	43	
44	3	304	152,00	44	
45	8	304	152,00	45	
46	6	305	152,50	46	
47	3	307	153,50	47	
48	7	312	156,00	48	
49	1	316	158,00	49	
50	3	324	162,00	50	
51	7	300	300,00	51	
52	7	301	301,00	52	
53	6	301	301,00	53	
54	1	303	303,00	54	
55	1	303	303,00	55	
56	6	304	304,00	56	
57	1	304	304,00	57	
58	4	307	307,00	58	
59	5	311	311,00	59	
60	6	312	312,00	60	

