distances
0	361	723	691	748	635	336	684	618	448	446	539	706	351	575	542	477	470	729	455	406	328	455	488	687	326	622	335	717	726	597	546	721	459	392	639	783	412	774	781	678	638	778	548	368	313	566	485	528	431	557	513	791	680	410	536	697	416	641	583	761	
361	0	671	390	670	521	303	691	523	501	491	633	473	537	536	354	347	659	339	425	519	706	517	376	750	572	635	701	371	406	497	387	317	589	481	402	750	584	619	419	654	572	784	359	400	668	416	684	343	584	468	503	699	309	337	719	556	623	486	582	651	
723	671	0	731	400	660	723	391	365	656	617	655	522	434	736	327	739	790	753	555	404	707	637	318	555	668	791	645	313	417	446	633	613	581	603	423	390	717	743	334	773	753	758	405	447	750	744	798	368	386	371	703	315	320	455	389	384	423	391	426	589	
691	390	731	0	461	716	667	600	366	544	330	772	429	644	453	600	573	462	365	584	512	325	488	703	630	552	740	460	662	622	347	588	707	646	502	749	640	387	388	425	699	714	312	318	536	729	591	795	519	632	794	372	798	531	556	767	504	524	794	362	376	
748	670	400	461	0	721	484	675	559	649	300	338	364	603	319	663	602	390	395	699	700	524	791	371	307	529	709	538	718	625	459	536	370	422	727	378	379	573	304	665	369	446	523	555	399	391	447	393	369	482	532	470	792	423	685	446	468	408	595	537	795	
635	521	660	716	721	0	685	493	343	479	373	301	374	464	429	326	447	762	539	770	471	423	682	424	355	714	627	527	424	449	728	359	303	444	464	553	691	754	691	312	498	694	767	724	487	623	462	747	390	357	509	769	688	755	738	737	778	383	540	573	625	
336	303	723	667	484	685	0	456	582	598	315	473	540	684	605	766	374	790	506	551	673	552	559	648	318	696	456	518	679	563	540	755	387	355	356	618	650	474	380	731	314	651	632	365	305	607	342	673	440	461	719	671	641	651	397	681	379	469	495	474	593	
684	691	391	600	675	493	456	0	555	332	387	489	754	715	610	412	657	508	365	470	748	438	424	760	693	519	672	721	643	784	707	698	394	431	384	660	790	689	541	679	692	500	540	585	417	528	367	381	593	523	488	319	634	618	635	396	705	451	375	657	639	
618	523	365	366	559	343	582	555	0	724	794	675	642	679	447	787	429	496	495	759	378	346	523	373	609	318	474	361	475	583	526	647	565	398	356	580	707	779	429	499	341	787	572	682	355	365	773	456	383	426	503	650	603	565	368	635	762	334	645	780	568	
448	501	656	544	649	479	598	332	724	0	764	726	446	785	448	589	604	351	384	543	725	403	744	724	309	505	684	513	324	647	640	708	560	330	348	756	328	577	535	715	692	629	429	300	636	694	404	321	569	592	544	559	573	741	600	473	461	574	684	338	532	
446	491	617	330	300	373	315	387	794	764	0	466	302	369	693	332	443	721	360	391	553	751	475	381	553	473	309	663	790	433	497	313	498	310	385	567	716	411	329	509	699	771	477	345	605	672	356	585	555	653	745	308	379	436	698	518	580	553	630	694	650	
539	633	655	772	338	301	473	489	675	726	466	0	768	300	428	758	444	702	306	634	302	771	568	618	317	484	321	789	328	722	651	652	419	642	553	332	368	449	731	768	703	354	309	549	794	606	317	506	583	768	766	472	394	485	643	758	746	563	305	788	542	
706	473	522	429	364	374	540	754	642	446	302	768	0	652	668	312	581	604	308	785	333	716	594	778	706	557	633	420	458	675	466	792	371	588	659	783	366	659	487	586	331	749	339	648	500	754	611	330	361	388	478	342	435	564	541	515	647	393	325	424	648	
351	537	434	644	603	464	684	715	679	785	369	300	652	0	749	786	457	560	685	774	420	498	679	542	769	425	559	633	776	689	339	327	467	344	532	775	361	447	380	493	445	455	695	457	320	509	457	480	466	636	541	527	697	607	730	562	733	673	731	778	589	
575	536	736	453	319	429	605	610	447	448	693	428	668	749	0	345	578	422	490	316	594	794	765	475	333	399	393	593	786	332	749	606	581	715	791	564	456	325	702	348	702	553	356	493	382	593	744	329	539	618	710	604	648	461	327	679	494	458	794	661	679	
542	354	327	600	663	326	766	412	787	589	332	758	312	786	345	0	549	466	478	588	574	369	590	432	711	340	621	756	480	503	344	719	584	759	566	650	705	472	396	751	406	500	778	660	679	539	337	408	775	684	494	573	640	336	586	568	634	676	431	452	351	
477	347	739	573	602	447	374	657	429	604	443	444	581	457	578	549	0	372	644	309	431	640	569	593	629	548	609	574	643	719	704	388	317	713	747	409	472	674	774	796	597	784	728	741	705	439	358	323	435	730	491	322	752	341	373	400	700	781	333	446	452	
470	659	790	462	390	762	790	508	496	351	721	702	604	560	422	466	372	0	553	585	444	718	639	313	541	690	567	424	473	692	348	766	533	704	462	772	575	588	716	593	696	600	394	312	432	479	702	475	504	562	582	735	707	512	752	535	340	311	318	654	320	
729	339	753	365	395	539	506	365	495	384	360	306	308	685	490	478	644	553	0	309	765	709	525	664	479	390	449	585	488	435	699	484	357	304	338	510	616	486	783	772	532	750	520	515	796	700	361	749	724	427	319	505	594	577	675	762	586	708	594	555	645	
455	425	555	584	699	770	551	470	759	543	391	634	785	774	316	588	309	585	309	0	337	695	714	430	692	448	376	326	302	618	787	356	500	363	417	789	633	617	783	656	720	516	693	435	538	427	486	492	599	679	429	786	782	466	677	365	560	470	658	302	366	
406	519	404	512	700	471	673	748	378	725	553	302	333	420	594	574	431	444	765	337	0	314	444	793	659	511	734	683	404	593	775	328	398	667	500	581	613	574	575	412	513	771	719	599	493	622	587	686	598	405	316	526	655	541	504	446	646	498	671	352	443	
328	706	707	325	524	423	552	438	346	403	751	771	716	498	794	369	640	718	709	695	314	0	320	594	790	795	623	399	635	681	423	592	657	519	702	336	441	747	770	647	356	619	714	772	706	347	533	624	380	754	584	441	588	752	729	476	470	772	594	380	414	
455	517	637	488	791	682	559	424	523	744	475	568	594	679	765	590	569	639	525	714	444	320	0	339	300	398	530	557	697	779	620	473	747	642	447	419	471	747	744	762	405	412	324	372	735	584	341	576	761	694	726	597	473	541	345	526	474	318	527	653	320	
488	376	318	703	371	424	648	760	373	724	381	618	778	542	475	432	593	313	664	430	793	594	339	0	418	672	310	592	324	357	405	432	712	434	491	533	759	431	789	444	678	461	795	304	658	659	617	357	602	616	463	799	795	536	497	778	322	414	463	708	412	
687	750	555	630	307	355	318	693	609	309	553	317	706	769	333	711	629	541	479	692	659	790	300	418	0	469	312	364	391	300	483	501	762	692	327	631	512	782	760	706	467	789	528	658	455	681	445	647	416	386	302	772	422	302	713	434	395	639	448	481	406	
326	572	668	552	529	714	696	519	318	505	473	484	557	425	399	340	548	690	390	448	511	795	398	672	469	0	386	747	469	587	650	376	310	754	584	712	519	434	351	409	674	428	517	474	605	720	641	543	597	434	354	481	355	363	715	347	636	793	479	722	550	
622	635	791	740	709	627	456	672	474	684	309	321	633	559	393	621	609	567	449	376	734	623	530	310	312	386	0	531	679	667	622	391	789	461	657	402	681	329	698	492	406	785	569	400	388	309	464	622	582	493	681	557	744	473	462	316	460	783	394	757	739	
335	701	645	460	538	527	518	721	361	513	663	789	420	633	593	756	574	424	585	326	683	399	557	592	364	747	531	0	569	351	459	511	477	515	608	629	357	659	326	567	426	798	518	315	305	312	501	342	428	525	369	395	599	334	676	349	650	714	319	758	782	
717	371	313	662	718	424	679	643	475	324	790	328	458	776	786	480	643	473	488	302	404	635	697	324	391	469	679	569	0	674	617	799	393	781	459	516	436	650	628	341	718	343	639	725	521	510	697	696	775	359	463	360	596	334	478	570	598	645	572	477	400	
726	406	417	622	625	449	563	784	583	647	433	722	675	689	332	503	719	692	435	618	593	681	779	357	300	587	667	351	674	0	774	355	694	605	453	506	564	378	677	428	477	425	527	480	744	587	461	352	444	463	744	606	609	750	561	618	323	655	517	422	575	
597	497	446	347	459	728	540	707	526	640	497	651	466	339	749	344	704	348	699	787	775	423	620	405	483	650	622	459	617	774	0	565	435	513	562	534	686	414	394	591	751	594	670	342	634	736	678	365	730	411	413	310	566	543	482	781	755	497	678	453	412	
546	387	633	588	536	359	755	698	647	708	313	652	792	327	606	719	388	766	484	356	328	592	473	432	501	376	391	511	799	355	565	0	754	594	631	371	774	767	706	340	474	723	758	697	423	743	646	420	444	796	488	583	512	677	387	404	633	699	552	337	546	
721	317	613	707	370	303	387	394	565	560	498	419	371	467	581	584	317	533	357	500	398	657	747	712	762	310	789	477	393	694	435	754	0	460	318	582	783	399	747	322	327	472	689	793	774	671	678	698	435	669	646	601	572	590	338	393	319	789	725	491	659	
459	589	581	646	422	444	355	431	398	330	310	642	588	344	715	759	713	704	304	363	667	519	642	434	692	754	461	515	781	605	513	594	460	0	527	408	484	596	759	726	701	305	604	671	330	697	627	471	540	521	375	549	485	781	328	697	735	681	616	442	392	
392	481	603	502	727	464	356	384	356	348	385	553	659	532	791	566	747	462	338	417	500	702	447	491	327	584	657	608	459	453	562	631	318	527	0	307	765	692	496	430	414	390	750	349	362	597	630	435	387	448	695	489	585	401	369	337	437	740	724	776	464	
639	402	423	749	378	553	618	660	580	756	567	332	783	775	564	650	409	772	510	789	581	336	419	533	631	712	402	629	516	506	534	371	582	408	307	0	509	367	730	501	743	733	327	670	467	586	630	758	409	778	587	605	392	647	561	308	714	778	703	353	504	
783	750	390	640	379	691	650	790	707	328	716	368	366	361	456	705	472	575	616	633	613	441	471	759	512	519	681	357	436	564	686	774	783	484	765	509	0	459	312	546	763	343	581	651	625	758	574	569	311	558	507	565	720	621	482	690	717	782	306	496	473	
412	584	717	387	573	754	474	689	779	577	411	449	659	447	325	472	674	588	486	617	574	747	747	431	782	434	329	659	650	378	414	767	399	596	692	367	459	0	374	394	577	549	605	390	352	533	581	645	329	678	486	378	786	582	307	554	728	332	701	551	663	
774	619	743	388	304	691	380	541	429	535	329	731	487	380	702	396	774	716	783	783	575	770	744	789	760	351	698	326	628	677	394	706	747	759	496	730	312	374	0	338	734	419	459	526	639	695	734	318	695	353	661	537	520	718	773	656	651	759	772	770	617	
781	419	334	425	665	312	731	679	499	715	509	768	586	493	348	751	796	593	772	656	412	647	762	444	706	409	492	567	341	428	591	340	322	726	430	501	546	394	338	0	757	419	727	498	625	609	489	765	569	380	602	389	343	525	776	305	481	491	379	371	725	
678	654	773	699	369	498	314	692	341	692	699	703	331	445	702	406	597	696	532	720	513	356	405	678	467	674	406	426	718	477	751	474	327	701	414	743	763	577	734	757	0	560	423	637	770	616	452	508	539	756	507	716	539	427	638	620	750	715	592	713	696	
638	572	753	714	446	694	651	500	787	629	771	354	749	455	553	500	784	600	750	516	771	619	412	461	789	428	785	798	343	425	594	723	472	305	390	733	343	549	419	419	560	0	732	707	537	756	447	402	647	568	617	675	375	422	772	579	319	672	661	718	655	
778	784	758	312	523	767	632	540	572	429	477	309	339	695	356	778	728	394	520	693	719	714	324	795	528	517	569	518	639	527	670	758	689	604	750	327	581	605	459	727	423	732	0	685	687	747	751	393	721	568	453	749	538	572	333	345	406	568	554	757	762	
548	359	405	318	555	724	365	585	682	300	345	549	648	457	493	660	741	312	515	435	599	772	372	304	658	474	400	315	725	480	342	697	793	671	349	670	651	390	526	498	637	707	685	0	441	711	716	570	612	792	387	346	777	578	396	541	556	775	408	515	634	
368	400	447	536	399	487	305	417	355	636	605	794	500	320	382	679	705	432	796	538	493	706	735	658	455	605	388	305	521	744	634	423	774	330	362	467	625	352	639	625	770	537	687	441	0	749	680	398	319	710	403	683	460	699	426	548	514	305	436	416	767	
313	668	750	729	391	623	607	528	365	694	672	606	754	509	593	539	439	479	700	427	622	347	584	659	681	720	309	312	510	587	736	743	671	697	597	586	758	533	695	609	616	756	747	711	749	0	480	725	623	514	689	646	371	585	557	673	428	459	739	463	343	
566	416	744	591	447	462	342	367	773	404	356	317	611	457	744	337	358	702	361	486	587	533	341	617	445	641	464	501	697	461	678	646	678	627	630	630	574	581	734	489	452	447	751	716	680	480	0	308	367	771	388	524	703	307	653	697	693	467	386	542	681	
485	684	798	795	393	747	673	381	456	321	585	506	330	480	329	408	323	475	749	492	686	624	576	357	647	543	622	342	696	352	365	420	698	471	435	758	569	645	318	765	508	402	393	570	398	725	308	0	771	429	359	720	353	340	660	606	727	589	589	589	663	
528	343	368	519	369	390	440	593	383	569	555	583	361	466	539	775	435	504	724	599	598	380	761	602	416	597	582	428	775	444	730	444	435	540	387	409	311	329	695	569	539	647	721	612	319	623	367	771	0	706	369	496	513	781	583	574	652	365	577	404	540	
431	584	386	632	482	357	461	523	426	592	653	768	388	636	618	684	730	562	427	679	405	754	694	616	386	434	493	525	359	463	411	796	669	521	448	778	558	678	353	380	756	568	568	792	710	514	771	429	706	0	322	411	526	728	474	496	683	748	449	734	635	
557	468	371	794	532	509	719	488	503	544	745	766	478	541	710	494	491	582	319	429	316	584	726	463	302	354	681	369	463	744	413	488	646	375	695	587	507	486	661	602	507	617	453	387	403	689	388	359	369	322	0	699	384	522	466	402	769	347	715	339	509	
513	503	703	372	470	769	671	319	650	559	308	472	342	527	604	573	322	735	505	786	526	441	597	799	772	481	557	395	360	606	310	583	601	549	489	605	565	378	537	389	716	675	749	346	683	646	524	720	496	411	699	0	626	310	703	359	440	601	371	651	421	
791	699	315	798	792	688	641	634	603	573	379	394	435	697	648	640	752	707	594	782	655	588	473	795	422	355	744	599	596	609	566	512	572	485	585	392	720	786	520	343	539	375	538	777	460	371	703	353	513	526	384	626	0	790	419	381	454	533	470	734	444	
680	309	320	531	423	755	651	618	565	741	436	485	564	607	461	336	341	512	577	466	541	752	541	536	302	363	473	334	334	750	543	677	590	781	401	647	621	582	718	525	427	422	572	578	699	585	307	340	781	728	522	310	790	0	782	783	365	561	327	342	360	
410	337	455	556	685	738	397	635	368	600	698	643	541	730	327	586	373	752	675	677	504	729	345	497	713	715	462	676	478	561	482	387	338	328	369	561	482	307	773	776	638	772	333	396	426	557	653	660	583	474	466	703	419	782	0	353	582	740	638	664	475	
536	719	389	767	446	737	681	396	635	473	518	758	515	562	679	568	400	535	762	365	446	476	526	778	434	347	316	349	570	618	781	404	393	697	337	308	690	554	656	305	620	579	345	541	548	673	697	606	574	496	402	359	381	783	353	0	431	402	547	420	587	
697	556	384	504	468	778	379	705	762	461	580	746	647	733	494	634	700	340	586	560	646	470	474	322	395	636	460	650	598	323	755	633	319	735	437	714	717	728	651	481	750	319	406	556	514	428	693	727	652	683	769	440	454	365	582	431	0	772	721	623	663	
416	623	423	524	408	383	469	451	334	574	553	563	393	673	458	676	781	311	708	470	498	772	318	414	639	793	783	714	645	655	497	699	789	681	740	778	782	332	759	491	715	672	568	775	305	459	467	589	365	748	347	601	533	561	740	402	772	0	386	541	598	
641	486	391	794	595	540	495	375	645	684	630	305	325	731	794	431	333	318	594	658	671	594	527	463	448	479	394	319	572	517	678	552	725	616	724	703	306	701	772	379	592	661	554	408	436	739	386	589	577	449	715	371	470	327	638	547	721	386	0	337	599	
583	582	426	362	537	573	474	657	780	338	694	788	424	778	661	452	446	654	555	302	352	380	653	708	481	722	757	758	477	422	453	337	491	442	776	353	496	551	770	371	713	718	757	515	416	463	542	589	404	734	339	651	734	342	664	420	623	541	337	0	349	
761	651	589	376	795	625	593	639	568	532	650	542	648	589	679	351	452	320	645	366	443	414	320	412	406	550	739	782	400	575	412	546	659	392	464	504	473	663	617	725	696	655	762	634	767	343	681	663	540	635	509	421	444	360	475	587	663	598	599	349	0	
etats
Id_Station	Poids W	Min (P)	WSPT	Priorité	
1	3	300	33,33	1	
2	5	301	33,44	2	
3	5	303	33,67	3	
4	1	305	33,89	4	
5	6	336	37,33	5	
6	6	303	37,88	6	
7	5	304	38,00	7	
8	8	300	42,86	8	
9	4	301	43,00	9	
10	1	301	43,00	10	
11	1	301	43,00	11	
12	6	301	43,00	12	
13	5	306	43,71	13	
14	1	312	44,57	14	
15	7	316	45,14	15	
16	2	317	45,29	16	
17	1	321	45,86	17	
18	3	300	50,00	18	
19	9	305	50,83	19	
20	5	306	51,00	20	
21	1	310	51,67	21	
22	2	316	52,67	22	
23	6	318	53,00	23	
24	6	319	53,17	24	
25	9	322	53,67	25	
26	1	304	60,80	26	
27	8	305	61,00	27	
28	1	306	61,20	28	
29	9	316	63,20	29	
30	6	322	64,40	30	
31	4	307	76,75	31	
32	4	316	79,00	32	
33	4	319	79,75	33	
34	8	300	100,00	34	
35	3	300	100,00	35	
36	8	301	100,33	36	
37	6	301	100,33	37	
38	2	304	101,33	38	
39	9	305	101,67	39	
40	7	305	101,67	40	
41	8	305	101,67	41	
42	8	319	106,33	42	
43	1	323	107,67	43	
44	6	300	150,00	44	
45	3	301	150,50	45	
46	3	301	150,50	46	
47	5	301	150,50	47	
48	7	302	151,00	48	
49	9	303	151,50	49	
50	9	308	154,00	50	
51	1	301	301,00	51	
52	5	302	302,00	52	
53	6	302	302,00	53	
54	7	303	303,00	54	
55	3	304	304,00	55	
56	7	305	305,00	56	
57	2	307	307,00	57	
58	6	307	307,00	58	
59	8	309	309,00	59	
60	4	311	311,00	60	

