distances
0	527	414	715	368	787	329	674	644	737	411	739	551	792	562	366	361	662	713	540	326	732	580	717	315	336	651	488	656	548	409	468	359	647	732	730	659	673	456	570	573	660	443	505	459	734	425	571	373	696	539	375	612	679	308	300	441	769	468	596	467	
527	0	716	729	374	640	540	716	557	497	367	763	682	731	758	557	759	553	702	390	543	431	343	438	438	307	361	528	721	336	595	604	536	624	488	332	791	420	604	593	335	313	360	424	793	382	456	304	484	725	752	728	590	610	316	588	742	750	731	358	315	
414	716	0	688	652	558	579	564	349	499	706	444	650	795	573	405	538	305	356	682	430	348	342	367	491	375	319	335	651	641	321	575	489	593	574	323	358	503	384	494	423	411	543	304	732	336	537	760	668	752	739	693	589	661	583	644	366	415	724	717	593	
715	729	688	0	340	580	466	696	630	508	466	750	753	389	433	730	334	341	666	525	790	478	305	774	383	309	432	634	584	480	501	598	775	397	770	484	317	647	381	601	724	331	766	711	504	701	671	664	584	635	516	594	727	728	676	760	391	511	792	356	457	
368	374	652	340	0	716	644	303	742	730	728	745	407	712	709	622	390	308	640	567	439	342	594	377	427	472	473	376	516	344	766	732	312	333	358	464	397	661	388	685	709	312	361	598	695	381	386	488	749	337	672	740	683	337	600	537	732	439	353	392	305	
787	640	558	580	716	0	591	380	592	342	599	693	319	689	652	629	523	658	519	432	316	723	556	578	796	589	559	632	656	323	477	658	645	383	386	303	731	312	520	758	644	332	558	511	704	564	520	648	327	588	544	565	345	782	735	446	708	534	384	607	560	
329	540	579	466	644	591	0	326	760	693	500	397	392	612	667	482	629	481	635	540	434	632	790	461	300	314	372	732	503	626	575	580	557	590	361	504	617	670	542	441	603	436	400	763	498	514	369	389	545	503	694	353	719	401	369	623	703	623	627	765	756	
674	716	564	696	303	380	326	0	536	524	340	788	570	315	724	530	479	383	571	566	417	649	342	689	488	354	407	441	315	792	438	447	521	597	718	506	422	524	763	446	634	350	781	698	545	424	382	480	335	352	448	403	681	504	776	485	605	733	669	522	615	
644	557	349	630	742	592	760	536	0	375	559	456	725	343	499	770	548	785	433	704	664	361	371	590	660	590	564	548	712	306	791	797	465	529	459	534	719	545	714	310	593	345	447	392	788	302	441	761	724	752	712	333	329	797	571	312	527	624	757	759	383	
737	497	499	508	730	342	693	524	375	0	595	435	678	593	384	449	687	321	595	429	771	418	583	647	560	583	351	644	457	587	511	339	654	426	393	523	402	768	524	661	559	567	535	483	525	648	368	681	741	603	403	500	739	784	436	312	349	504	643	502	485	
411	367	706	466	728	599	500	340	559	595	0	418	464	714	434	723	585	359	738	349	791	443	414	377	751	757	555	515	456	612	670	444	694	409	348	517	333	658	478	424	371	651	790	688	409	618	482	638	623	783	403	616	570	516	459	788	315	458	344	668	395	
739	763	444	750	745	693	397	788	456	435	418	0	437	412	509	654	387	539	606	751	413	479	663	655	780	520	300	592	741	491	489	564	438	652	419	434	556	770	674	730	336	630	418	695	507	556	483	662	598	339	372	767	602	447	498	412	481	353	566	720	473	
551	682	650	753	407	319	392	570	725	678	464	437	0	751	423	399	634	353	765	496	775	678	793	389	724	766	559	660	637	788	566	544	671	602	339	580	455	561	714	553	534	355	356	503	798	476	485	300	797	352	337	316	551	486	671	510	487	608	301	309	643	
792	731	795	389	712	689	612	315	343	593	714	412	751	0	653	471	488	355	461	339	409	741	320	544	708	598	722	315	609	510	527	360	731	396	361	519	705	657	371	632	650	574	798	519	622	486	656	782	435	388	556	435	504	475	462	595	484	428	788	483	735	
562	758	573	433	709	652	667	724	499	384	434	509	423	653	0	350	457	361	462	771	600	778	503	775	788	577	522	361	593	488	470	706	550	769	665	740	618	627	423	329	558	729	497	347	641	735	382	510	365	745	583	483	729	744	610	541	605	339	589	688	655	
366	557	405	730	622	629	482	530	770	449	723	654	399	471	350	0	515	675	488	786	721	712	577	740	670	310	521	634	573	345	729	692	540	340	310	471	527	690	428	392	696	436	409	575	436	705	775	575	633	582	612	595	608	650	676	769	469	401	573	514	383	
361	759	538	334	390	523	629	479	548	687	585	387	634	488	457	515	0	539	431	689	725	526	515	349	709	629	527	630	440	778	372	383	366	686	575	789	746	333	720	796	319	492	318	780	415	777	481	482	405	413	718	367	444	502	672	738	662	364	498	613	418	
662	553	305	341	308	658	481	383	785	321	359	539	353	355	361	675	539	0	386	749	623	676	779	548	418	376	611	397	387	496	674	428	381	490	516	344	436	662	482	454	673	632	309	645	445	342	593	462	389	778	691	765	611	411	783	558	366	495	572	744	737	
713	702	356	666	640	519	635	571	433	595	738	606	765	461	462	488	431	386	0	752	797	554	392	496	674	742	779	551	325	632	607	795	637	518	627	699	476	416	490	408	737	628	415	580	695	699	360	768	712	634	391	311	738	317	568	650	720	471	716	744	657	
540	390	682	525	567	432	540	566	704	429	349	751	496	339	771	786	689	749	752	0	511	505	357	584	461	310	328	445	725	318	686	780	695	455	373	340	532	725	508	446	396	599	520	794	552	638	523	373	596	774	400	770	335	680	404	682	663	464	679	346	384	
326	543	430	790	439	316	434	417	664	771	791	413	775	409	600	721	725	623	797	511	0	680	634	394	581	708	459	341	580	723	645	670	519	690	690	543	719	514	531	303	323	305	507	788	311	744	408	793	626	342	314	729	624	768	644	534	432	522	521	685	762	
732	431	348	478	342	723	632	649	361	418	443	479	678	741	778	712	526	676	554	505	680	0	588	777	718	512	325	678	720	400	495	504	603	629	769	603	737	392	723	782	565	602	434	462	392	734	655	474	305	313	376	557	672	738	558	376	687	519	303	374	420	
580	343	342	305	594	556	790	342	371	583	414	663	793	320	503	577	515	779	392	357	634	588	0	573	799	584	398	478	442	794	798	398	712	581	567	708	739	385	590	678	386	444	793	734	773	708	313	483	634	302	682	698	414	452	766	752	673	704	464	318	605	
717	438	367	774	377	578	461	689	590	647	377	655	389	544	775	740	349	548	496	584	394	777	573	0	572	668	654	693	765	336	415	663	363	376	505	690	681	304	344	577	303	354	676	673	548	436	377	434	395	550	426	548	652	407	433	569	387	356	648	709	534	
315	438	491	383	427	796	300	488	660	560	751	780	724	708	788	670	709	418	674	461	581	718	799	572	0	366	521	765	770	693	406	343	709	746	350	312	741	580	462	402	612	411	493	567	530	756	361	560	713	794	350	309	524	566	627	405	324	406	760	319	738	
336	307	375	309	472	589	314	354	590	583	757	520	766	598	577	310	629	376	742	310	708	512	584	668	366	0	631	506	593	344	465	334	529	728	501	488	532	618	791	707	445	474	361	541	663	338	329	778	381	641	786	694	348	642	700	638	799	444	599	343	459	
651	361	319	432	473	559	372	407	564	351	555	300	559	722	522	521	527	611	779	328	459	325	398	654	521	631	0	509	399	421	308	488	705	452	735	756	765	759	771	683	374	735	607	603	313	596	551	349	715	603	418	389	372	387	716	772	409	349	726	684	669	
488	528	335	634	376	632	732	441	548	644	515	592	660	315	361	634	630	397	551	445	341	678	478	693	765	506	509	0	561	497	589	543	343	585	490	504	725	573	611	631	454	316	496	519	556	779	561	325	378	603	442	393	501	509	645	484	443	740	755	409	612	
656	721	651	584	516	656	503	315	712	457	456	741	637	609	593	573	440	387	325	725	580	720	442	765	770	593	399	561	0	758	698	781	779	424	675	686	329	515	731	600	551	795	300	619	687	340	786	503	322	545	465	393	677	475	376	410	699	350	769	517	446	
548	336	641	480	344	323	626	792	306	587	612	491	788	510	488	345	778	496	632	318	723	400	794	336	693	344	421	497	758	0	463	798	444	370	394	480	331	456	671	336	669	791	626	796	493	486	454	590	594	758	737	762	356	623	583	391	550	471	469	344	482	
409	595	321	501	766	477	575	438	791	511	670	489	566	527	470	729	372	674	607	686	645	495	798	415	406	465	308	589	698	463	0	772	525	619	722	357	531	494	714	789	566	592	329	761	549	508	613	493	428	517	756	697	638	364	384	677	690	428	744	590	709	
468	604	575	598	732	658	580	447	797	339	444	564	544	360	706	692	383	428	795	780	670	504	398	663	343	334	488	543	781	798	772	0	735	329	683	708	374	471	409	563	544	564	625	525	752	487	440	469	777	430	777	351	616	459	623	461	604	385	404	315	614	
359	536	489	775	312	645	557	521	465	654	694	438	671	731	550	540	366	381	637	695	519	603	712	363	709	529	705	343	779	444	525	735	0	717	591	708	322	579	738	698	604	513	716	618	483	506	787	518	790	394	791	716	797	616	695	419	538	565	416	552	450	
647	624	593	397	333	383	590	597	529	426	409	652	602	396	769	340	686	490	518	455	690	629	581	376	746	728	452	585	424	370	619	329	717	0	679	636	726	321	716	530	795	545	409	692	773	465	318	691	368	799	393	793	517	436	604	753	708	626	570	717	323	
732	488	574	770	358	386	361	718	459	393	348	419	339	361	665	310	575	516	627	373	690	769	567	505	350	501	735	490	675	394	722	683	591	679	0	508	514	574	705	547	615	334	770	490	443	622	540	445	639	544	573	542	705	671	325	360	665	350	699	758	713	
730	332	323	484	464	303	504	506	534	523	517	434	580	519	740	471	789	344	699	340	543	603	708	690	312	488	756	504	686	480	357	708	708	636	508	0	470	407	759	462	445	506	507	343	700	607	693	393	798	769	301	696	753	427	308	710	310	676	546	439	391	
659	791	358	317	397	731	617	422	719	402	333	556	455	705	618	527	746	436	476	532	719	737	739	681	741	532	765	725	329	331	531	374	322	726	514	470	0	549	436	751	605	361	679	576	452	437	338	643	423	796	628	635	668	648	669	389	690	774	393	402	534	
673	420	503	647	661	312	670	524	545	768	658	770	561	657	627	690	333	662	416	725	514	392	385	304	580	618	759	573	515	456	494	471	579	321	574	407	549	0	733	640	563	362	424	451	325	369	519	701	715	716	717	403	704	592	712	796	755	552	418	731	321	
456	604	384	381	388	520	542	763	714	524	478	674	714	371	423	428	720	482	490	508	531	723	590	344	462	791	771	611	731	671	714	409	738	716	705	759	436	733	0	653	766	489	490	664	351	622	703	623	368	650	334	585	313	464	530	320	499	426	404	495	726	
570	593	494	601	685	758	441	446	310	661	424	730	553	632	329	392	796	454	408	446	303	782	678	577	402	707	683	631	600	336	789	563	698	530	547	462	751	640	653	0	407	780	327	389	410	446	483	574	472	567	388	798	605	654	421	306	480	444	712	539	401	
573	335	423	724	709	644	603	634	593	559	371	336	534	650	558	696	319	673	737	396	323	565	386	303	612	445	374	454	551	669	566	544	604	795	615	445	605	563	766	407	0	456	484	351	771	759	423	318	753	639	503	455	418	616	357	541	683	665	742	596	503	
660	313	411	331	312	332	436	350	345	567	651	630	355	574	729	436	492	632	628	599	305	602	444	354	411	474	735	316	795	791	592	564	513	545	334	506	361	362	489	780	456	0	463	406	751	693	334	698	647	392	710	748	501	740	644	406	401	461	453	669	353	
443	360	543	766	361	558	400	781	447	535	790	418	356	798	497	409	318	309	415	520	507	434	793	676	493	361	607	496	300	626	329	625	716	409	770	507	679	424	490	327	484	463	0	443	531	512	673	668	733	450	711	340	303	438	691	483	369	624	347	758	392	
505	424	304	711	598	511	763	698	392	483	688	695	503	519	347	575	780	645	580	794	788	462	734	673	567	541	603	519	619	796	761	525	618	692	490	343	576	451	664	389	351	406	443	0	641	677	385	367	616	330	627	386	561	403	665	353	495	650	398	469	726	
459	793	732	504	695	704	498	545	788	525	409	507	798	622	641	436	415	445	695	552	311	392	773	548	530	663	313	556	687	493	549	752	483	773	443	700	452	325	351	410	771	751	531	641	0	697	552	600	373	720	641	765	683	492	363	755	526	507	345	700	365	
734	382	336	701	381	564	514	424	302	648	618	556	476	486	735	705	777	342	699	638	744	734	708	436	756	338	596	779	340	486	508	487	506	465	622	607	437	369	622	446	759	693	512	677	697	0	465	586	728	405	378	547	333	537	676	408	374	584	517	574	412	
425	456	537	671	386	520	369	382	441	368	482	483	485	656	382	775	481	593	360	523	408	655	313	377	361	329	551	561	786	454	613	440	787	318	540	693	338	519	703	483	423	334	673	385	552	465	0	400	334	480	782	510	481	707	314	528	350	571	791	554	351	
571	304	760	664	488	648	389	480	761	681	638	662	300	782	510	575	482	462	768	373	793	474	483	434	560	778	349	325	503	590	493	469	518	691	445	393	643	701	623	574	318	698	668	367	600	586	400	0	334	520	711	658	443	765	355	546	374	772	348	532	614	
373	484	668	584	749	327	545	335	724	741	623	598	797	435	365	633	405	389	712	596	626	305	634	395	713	381	715	378	322	594	428	777	790	368	639	798	423	715	368	472	753	647	733	616	373	728	334	334	0	651	419	768	574	543	386	719	794	731	437	476	522	
696	725	752	635	337	588	503	352	752	603	783	339	352	388	745	582	413	778	634	774	342	313	302	550	794	641	603	603	545	758	517	430	394	799	544	769	796	716	650	567	639	392	450	330	720	405	480	520	651	0	710	423	653	378	686	383	466	567	369	560	782	
539	752	739	516	672	544	694	448	712	403	403	372	337	556	583	612	718	691	391	400	314	376	682	426	350	786	418	442	465	737	756	777	791	393	573	301	628	717	334	388	503	710	711	627	641	378	782	711	419	710	0	546	357	730	381	607	737	787	766	576	532	
375	728	693	594	740	565	353	403	333	500	616	767	316	435	483	595	367	765	311	770	729	557	698	548	309	694	389	393	393	762	697	351	716	793	542	696	635	403	585	798	455	748	340	386	765	547	510	658	768	423	546	0	662	653	536	469	386	777	542	553	427	
612	590	589	727	683	345	719	681	329	739	570	602	551	504	729	608	444	611	738	335	624	672	414	652	524	348	372	501	677	356	638	616	797	517	705	753	668	704	313	605	418	501	303	561	683	333	481	443	574	653	357	662	0	525	722	428	627	761	722	591	362	
679	610	661	728	337	782	401	504	797	784	516	447	486	475	744	650	502	411	317	680	768	738	452	407	566	642	387	509	475	623	364	459	616	436	671	427	648	592	464	654	616	740	438	403	492	537	707	765	543	378	730	653	525	0	385	473	715	363	403	532	745	
308	316	583	676	600	735	369	776	571	436	459	498	671	462	610	676	672	783	568	404	644	558	766	433	627	700	716	645	376	583	384	623	695	604	325	308	669	712	530	421	357	644	691	665	363	676	314	355	386	686	381	536	722	385	0	407	330	777	700	413	748	
300	588	644	760	537	446	623	485	312	312	788	412	510	595	541	769	738	558	650	682	534	376	752	569	405	638	772	484	410	391	677	461	419	753	360	710	389	796	320	306	541	406	483	353	755	408	528	546	719	383	607	469	428	473	407	0	492	524	473	523	694	
441	742	366	391	732	708	703	605	527	349	315	481	487	484	605	469	662	366	720	663	432	687	673	387	324	799	409	443	699	550	690	604	538	708	665	310	690	755	499	480	683	401	369	495	526	374	350	374	794	466	737	386	627	715	330	492	0	409	461	771	498	
769	750	415	511	439	534	623	733	624	504	458	353	608	428	339	401	364	495	471	464	522	519	704	356	406	444	349	740	350	471	428	385	565	626	350	676	774	552	426	444	665	461	624	650	507	584	571	772	731	567	787	777	761	363	777	524	409	0	624	635	304	
468	731	724	792	353	384	627	669	757	643	344	566	301	788	589	573	498	572	716	679	521	303	464	648	760	599	726	755	769	469	744	404	416	570	699	546	393	418	404	712	742	453	347	398	345	517	791	348	437	369	766	542	722	403	700	473	461	624	0	507	771	
596	358	717	356	392	607	765	522	759	502	668	720	309	483	688	514	613	744	744	346	685	374	318	709	319	343	684	409	517	344	590	315	552	717	758	439	402	731	495	539	596	669	758	469	700	574	554	532	476	560	576	553	591	532	413	523	771	635	507	0	433	
467	315	593	457	305	560	756	615	383	485	395	473	643	735	655	383	418	737	657	384	762	420	605	534	738	459	669	612	446	482	709	614	450	323	713	391	534	321	726	401	503	353	392	726	365	412	351	614	522	782	532	427	362	745	748	694	498	304	771	433	0	
etats
Id_Station	Poids W	Min (P)	WSPT	Priorité	
1	9	301	33,44	1	
2	7	303	33,67	2	
3	1	305	33,89	3	
4	9	306	34,00	4	
5	7	311	34,56	5	
6	4	313	34,78	6	
7	7	313	34,78	7	
8	7	316	35,11	8	
9	8	300	37,50	9	
10	7	301	37,63	10	
11	9	303	37,88	11	
12	1	304	38,00	12	
13	1	312	39,00	13	
14	7	321	40,13	14	
15	7	300	42,86	15	
16	6	300	42,86	16	
17	5	304	43,43	17	
18	6	304	43,43	18	
19	3	308	44,00	19	
20	1	300	50,00	20	
21	8	300	50,00	21	
22	3	300	50,00	22	
23	8	301	50,17	23	
24	1	304	50,67	24	
25	1	305	50,83	25	
26	1	307	51,17	26	
27	5	308	51,33	27	
28	8	309	51,50	28	
29	5	310	51,67	29	
30	2	311	51,83	30	
31	5	310	62,00	31	
32	1	300	75,00	32	
33	4	303	75,75	33	
34	2	303	75,75	34	
35	4	303	75,75	35	
36	1	306	76,50	36	
37	6	307	76,75	37	
38	7	301	100,33	38	
39	3	303	101,00	39	
40	1	303	101,00	40	
41	9	304	101,33	41	
42	7	304	101,33	42	
43	3	307	102,33	43	
44	7	310	103,33	44	
45	6	313	104,33	45	
46	1	330	110,00	46	
47	7	303	151,50	47	
48	8	305	152,50	48	
49	8	307	153,50	49	
50	1	316	158,00	50	
51	5	317	158,50	51	
52	4	300	300,00	52	
53	9	300	300,00	53	
54	5	300	300,00	54	
55	8	301	301,00	55	
56	3	301	301,00	56	
57	5	305	305,00	57	
58	3	308	308,00	58	
59	1	310	310,00	59	
60	1	320	320,00	60	

