distances
0	449	553	519	668	441	507	414	702	593	432	360	524	697	423	346	332	405	360	537	491	509	540	657	664	762	462	686	370	643	544	437	643	435	516	439	392	728	388	524	758	527	769	360	301	344	640	374	604	643	630	334	675	452	301	303	468	432	792	500	624	
449	0	381	336	469	546	780	744	425	527	674	303	449	580	320	766	391	443	454	444	791	354	706	659	630	572	333	621	437	781	312	568	304	339	531	320	665	498	481	627	554	327	485	347	449	433	504	517	454	410	328	649	736	424	365	689	509	741	712	589	437	
553	381	0	353	383	320	645	597	551	589	788	461	727	350	750	538	452	650	705	570	660	336	733	704	654	631	331	478	451	441	632	721	698	405	449	496	628	336	528	369	590	360	547	499	683	513	602	615	378	374	619	668	509	773	450	561	368	475	799	773	640	
519	336	353	0	454	659	378	702	416	382	608	621	640	768	570	701	385	572	386	361	431	360	511	775	307	616	759	372	580	585	758	405	755	687	493	588	702	494	410	459	402	370	686	640	452	664	366	522	420	756	470	793	679	584	400	637	438	356	778	729	525	
668	469	383	454	0	419	762	574	421	687	402	426	467	570	601	451	525	659	781	728	320	315	739	564	638	668	638	318	450	759	749	733	724	582	322	412	471	659	520	483	510	794	307	431	718	519	474	750	771	479	425	479	425	618	512	685	599	684	421	546	390	
441	546	320	659	419	0	429	392	343	525	522	626	473	402	648	341	756	624	789	414	555	545	582	460	383	442	473	770	524	460	381	679	332	580	660	365	656	763	339	472	599	514	715	670	477	581	517	696	387	736	597	396	412	695	519	666	466	312	319	628	550	
507	780	645	378	762	429	0	729	452	783	397	644	313	461	468	799	571	654	334	658	726	348	484	471	482	599	754	313	775	425	569	609	729	603	373	497	700	491	505	534	772	740	732	402	518	708	769	325	751	647	567	791	584	486	369	738	312	407	709	372	490	
414	744	597	702	574	392	729	0	653	348	426	641	405	310	558	321	372	598	646	756	493	320	453	682	552	771	640	606	430	651	652	315	398	444	746	705	723	479	773	447	600	317	496	789	306	706	484	517	615	467	381	659	724	672	398	574	427	636	647	530	696	
702	425	551	416	421	343	452	653	0	691	438	680	339	464	756	545	480	677	796	373	451	591	649	646	560	364	705	504	752	743	626	444	357	497	435	316	487	623	693	543	427	552	617	738	377	718	716	783	476	321	476	403	604	620	384	722	567	633	474	540	442	
593	527	589	382	687	525	783	348	691	0	330	661	529	718	535	797	443	717	527	601	434	526	538	350	634	626	490	681	335	316	492	402	527	434	346	354	681	580	679	366	687	588	384	625	649	583	489	630	787	374	485	491	429	352	376	461	630	356	483	774	644	
432	674	788	608	402	522	397	426	438	330	0	567	403	663	375	470	628	306	543	409	672	618	518	311	528	389	422	463	705	555	482	597	510	373	536	725	394	575	757	463	752	401	499	314	710	313	642	475	485	679	384	319	706	456	418	470	568	764	468	639	705	
360	303	461	621	426	626	644	641	680	661	567	0	507	615	576	364	791	386	593	682	452	740	535	420	713	467	369	722	427	368	773	500	570	796	463	422	540	575	614	459	405	572	502	604	381	663	329	445	609	628	478	782	515	733	320	587	369	718	760	747	319	
524	449	727	640	467	473	313	405	339	529	403	507	0	488	396	738	661	757	770	391	382	332	312	384	499	511	450	636	767	524	653	769	561	701	630	715	760	406	684	716	554	393	672	501	572	611	428	705	683	559	622	404	794	669	524	389	671	462	668	534	498	
697	580	350	768	570	402	461	310	464	718	663	615	488	0	408	556	502	502	322	700	462	417	712	685	324	787	788	760	556	333	375	743	477	488	621	616	535	365	506	319	591	693	429	302	491	320	707	589	498	569	548	393	388	611	782	327	327	560	370	781	682	
423	320	750	570	601	648	468	558	756	535	375	576	396	408	0	786	470	418	443	530	728	702	377	739	357	551	633	421	301	697	586	521	563	687	424	349	317	603	610	774	340	366	734	657	650	691	398	377	614	795	702	336	444	301	694	450	670	748	724	723	422	
346	766	538	701	451	341	799	321	545	797	470	364	738	556	786	0	768	668	411	682	586	424	786	403	593	393	672	636	438	496	371	612	472	353	371	579	677	485	751	364	541	302	734	548	496	599	731	419	362	395	501	420	349	439	758	756	714	758	676	499	351	
332	391	452	385	525	756	571	372	480	443	628	791	661	502	470	768	0	540	375	652	315	357	604	350	350	561	320	633	752	730	504	757	648	785	375	609	459	522	666	340	598	365	552	528	651	691	317	437	705	544	392	442	390	428	392	541	460	655	378	389	736	
405	443	650	572	659	624	654	598	677	717	306	386	757	502	418	668	540	0	791	373	621	601	464	337	432	418	795	703	594	798	669	588	668	559	563	757	565	625	304	372	561	411	319	557	589	415	322	670	432	613	443	468	395	607	749	532	531	345	387	782	523	
360	454	705	386	781	789	334	646	796	527	543	593	770	322	443	411	375	791	0	309	683	338	792	321	569	433	308	560	739	509	499	389	649	640	791	726	768	352	721	448	613	342	568	790	447	452	433	371	679	585	508	571	618	716	377	381	724	457	773	335	393	
537	444	570	361	728	414	658	756	373	601	409	682	391	700	530	682	652	373	309	0	504	371	676	724	636	728	585	477	675	359	647	416	768	579	726	486	433	315	682	779	313	753	475	370	762	304	350	716	469	508	391	680	680	326	444	658	685	591	701	433	799	
491	791	660	431	320	555	726	493	451	434	672	452	382	462	728	586	315	621	683	504	0	330	435	413	558	532	735	564	737	695	421	386	779	660	698	541	723	426	369	580	475	564	781	430	570	485	469	462	564	769	655	575	663	745	611	612	379	708	517	513	526	
509	354	336	360	315	545	348	320	591	526	618	740	332	417	702	424	357	601	338	371	330	0	708	304	484	547	389	460	382	467	549	385	639	688	361	401	464	524	434	377	540	652	486	596	468	508	646	544	651	735	665	716	655	402	595	501	665	591	412	658	415	
540	706	733	511	739	582	484	453	649	538	518	535	312	712	377	786	604	464	792	676	435	708	0	547	468	618	683	488	779	776	706	532	707	595	797	579	454	702	659	427	305	330	542	630	489	682	478	712	358	457	411	676	753	497	393	717	437	629	516	427	756	
657	659	704	775	564	460	471	682	646	350	311	420	384	685	739	403	350	337	321	724	413	304	547	0	578	781	306	311	683	557	566	398	590	506	489	461	769	301	522	584	557	638	329	657	682	646	714	790	685	693	347	726	398	634	642	343	393	411	617	447	684	
664	630	654	307	638	383	482	552	560	634	528	713	499	324	357	593	350	432	569	636	558	484	468	578	0	797	589	335	525	467	735	594	433	466	548	541	569	683	538	511	490	492	546	677	580	524	427	367	545	600	483	533	667	717	741	560	629	585	572	635	575	
762	572	631	616	668	442	599	771	364	626	389	467	511	787	551	393	561	418	433	728	532	547	618	781	797	0	643	368	480	789	331	367	320	648	591	496	549	387	497	772	603	551	784	442	331	455	687	603	390	638	735	683	659	453	509	608	563	653	575	518	609	
462	333	331	759	638	473	754	640	705	490	422	369	450	788	633	672	320	795	308	585	735	389	683	306	589	643	0	714	520	617	729	328	480	591	701	560	367	510	392	798	398	331	355	338	751	713	300	521	563	667	596	392	514	724	357	597	518	714	317	624	365	
686	621	478	372	318	770	313	606	504	681	463	722	636	760	421	636	633	703	560	477	564	460	488	311	335	368	714	0	447	644	790	379	759	610	573	667	788	626	797	712	546	521	612	435	586	392	538	456	565	790	562	516	758	622	701	310	339	498	651	658	541	
370	437	451	580	450	524	775	430	752	335	705	427	767	556	301	438	752	594	739	675	737	382	779	683	525	480	520	447	0	561	467	564	646	316	653	464	533	353	484	396	463	427	394	301	669	308	341	718	655	572	628	653	597	408	537	573	482	426	547	445	468	
643	781	441	585	759	460	425	651	743	316	555	368	524	333	697	496	730	798	509	359	695	467	776	557	467	789	617	644	561	0	569	535	660	358	720	690	716	712	612	438	788	528	516	786	590	705	488	396	527	557	680	435	363	586	682	660	407	440	495	694	789	
544	312	632	758	749	381	569	652	626	492	482	773	653	375	586	371	504	669	499	647	421	549	706	566	735	331	729	790	467	569	0	788	500	700	524	721	647	656	553	630	615	528	710	674	312	512	716	318	409	428	722	499	431	535	303	796	411	354	322	587	449	
437	568	721	405	733	679	609	315	444	402	597	500	769	743	521	612	757	588	389	416	386	385	532	398	594	367	328	379	564	535	788	0	702	543	429	599	699	657	607	750	492	590	552	350	630	318	745	318	659	500	470	641	479	794	395	390	406	399	459	474	743	
643	304	698	755	724	332	729	398	357	527	510	570	561	477	563	472	648	668	649	768	779	639	707	590	433	320	480	759	646	660	500	702	0	572	463	471	409	308	310	354	376	391	780	394	383	362	738	744	401	621	540	539	554	399	384	475	381	655	624	726	544	
435	339	405	687	582	580	603	444	497	434	373	796	701	488	687	353	785	559	640	579	660	688	595	506	466	648	591	610	316	358	700	543	572	0	616	626	635	531	331	706	699	518	450	760	540	611	568	439	421	459	472	600	588	553	395	328	584	744	628	773	587	
516	531	449	493	322	660	373	746	435	346	536	463	630	621	424	371	375	563	791	726	698	361	797	489	548	591	701	573	653	720	524	429	463	616	0	404	761	372	353	360	501	547	586	474	654	557	763	428	443	515	630	385	739	348	636	338	369	534	680	444	717	
439	320	496	588	412	365	497	705	316	354	725	422	715	616	349	579	609	757	726	486	541	401	579	461	541	496	560	667	464	690	721	599	471	626	404	0	340	772	707	376	392	794	433	308	733	403	696	556	607	584	344	575	455	403	598	304	720	459	769	312	367	
392	665	628	702	471	656	700	723	487	681	394	540	760	535	317	677	459	565	768	433	723	464	454	769	569	549	367	788	533	716	647	699	409	635	761	340	0	488	460	388	535	614	710	796	691	409	622	582	680	649	649	554	372	334	339	626	483	359	610	411	421	
728	498	336	494	659	763	491	479	623	580	575	575	406	365	603	485	522	625	352	315	426	524	702	301	683	387	510	626	353	712	656	657	308	531	372	772	488	0	368	750	405	670	703	301	408	654	665	707	724	339	349	526	630	703	601	574	350	547	688	430	696	
388	481	528	410	520	339	505	773	693	679	757	614	684	506	610	751	666	304	721	682	369	434	659	522	538	497	392	797	484	612	553	607	310	331	353	707	460	368	0	473	387	699	687	457	455	488	700	683	426	686	425	367	428	387	741	369	574	426	353	579	486	
524	627	369	459	483	472	534	447	543	366	463	459	716	319	774	364	340	372	448	779	580	377	427	584	511	772	798	712	396	438	630	750	354	706	360	376	388	750	473	0	613	628	573	576	604	681	638	679	662	318	355	674	612	779	518	717	353	606	378	607	743	
758	554	590	402	510	599	772	600	427	687	752	405	554	591	340	541	598	561	613	313	475	540	305	557	490	603	398	546	463	788	615	492	376	699	501	392	535	405	387	613	0	762	798	680	773	617	475	455	445	589	350	315	479	605	496	688	452	464	763	570	375	
527	327	360	370	794	514	740	317	552	588	401	572	393	693	366	302	365	411	342	753	564	652	330	638	492	551	331	521	427	528	528	590	391	518	547	794	614	670	699	628	762	0	758	351	634	771	757	620	695	662	741	527	640	371	597	663	540	492	777	754	586	
769	485	547	686	307	715	732	496	617	384	499	502	672	429	734	734	552	319	568	475	781	486	542	329	546	784	355	612	394	516	710	552	780	450	586	433	710	703	687	573	798	758	0	509	729	716	352	569	450	491	484	599	396	378	542	639	620	522	341	535	318	
360	347	499	640	431	670	402	789	738	625	314	604	501	302	657	548	528	557	790	370	430	596	630	657	677	442	338	435	301	786	674	350	394	760	474	308	796	301	457	576	680	351	509	0	434	601	335	591	490	481	776	626	548	467	522	560	760	380	593	609	798	
301	449	683	452	718	477	518	306	377	649	710	381	572	491	650	496	651	589	447	762	570	468	489	682	580	331	751	586	669	590	312	630	383	540	654	733	691	408	455	604	773	634	729	434	0	423	386	388	457	652	401	751	378	310	656	443	343	620	797	730	478	
344	433	513	664	519	581	708	706	718	583	313	663	611	320	691	599	691	415	452	304	485	508	682	646	524	455	713	392	308	705	512	318	362	611	557	403	409	654	488	681	617	771	716	601	423	0	712	340	552	421	522	315	584	406	429	484	431	530	760	718	769	
640	504	602	366	474	517	769	484	716	489	642	329	428	707	398	731	317	322	433	350	469	646	478	714	427	687	300	538	341	488	716	745	738	568	763	696	622	665	700	638	475	757	352	335	386	712	0	461	447	794	504	377	541	682	744	622	430	749	493	441	332	
374	517	615	522	750	696	325	517	783	630	475	445	705	589	377	419	437	670	371	716	462	544	712	790	367	603	521	456	718	396	318	318	744	439	428	556	582	707	683	679	455	620	569	591	388	340	461	0	405	346	546	565	607	668	600	315	638	345	409	615	404	
604	454	378	420	771	387	751	615	476	787	485	609	683	498	614	362	705	432	679	469	564	651	358	685	545	390	563	565	655	527	409	659	401	421	443	607	680	724	426	662	445	695	450	490	457	552	447	405	0	700	625	353	406	461	660	594	566	332	631	523	303	
643	410	374	756	479	736	647	467	321	374	679	628	559	569	795	395	544	613	585	508	769	735	457	693	600	638	667	790	572	557	428	500	621	459	515	584	649	339	686	318	589	662	491	481	652	421	794	346	700	0	488	514	544	532	422	333	698	799	389	334	512	
630	328	619	470	425	597	567	381	476	485	384	478	622	548	702	501	392	443	508	391	655	665	411	347	483	735	596	562	628	680	722	470	540	472	630	344	649	349	425	355	350	741	484	776	401	522	504	546	625	488	0	381	576	755	759	315	438	380	371	668	445	
334	649	668	793	479	396	791	659	403	491	319	782	404	393	336	420	442	468	571	680	575	716	676	726	533	683	392	516	653	435	499	641	539	600	385	575	554	526	367	674	315	527	599	626	751	315	377	565	353	514	381	0	351	305	510	521	511	360	685	318	752	
675	736	509	679	425	412	584	724	604	429	706	515	794	388	444	349	390	395	618	680	663	655	753	398	667	659	514	758	597	363	431	479	554	588	739	455	372	630	428	612	479	640	396	548	378	584	541	607	406	544	576	351	0	412	599	728	515	521	330	365	319	
452	424	773	584	618	695	486	672	620	352	456	733	669	611	301	439	428	607	716	326	745	402	497	634	717	453	724	622	408	586	535	794	399	553	348	403	334	703	387	779	605	371	378	467	310	406	682	668	461	532	755	305	412	0	439	603	634	401	394	508	795	
301	365	450	400	512	519	369	398	384	376	418	320	524	782	694	758	392	749	377	444	611	595	393	642	741	509	357	701	537	682	303	395	384	395	636	598	339	601	741	518	496	597	542	522	656	429	744	600	660	422	759	510	599	439	0	653	679	506	658	470	301	
303	689	561	637	685	666	738	574	722	461	470	587	389	327	450	756	541	532	381	658	612	501	717	343	560	608	597	310	573	660	796	390	475	328	338	304	626	574	369	717	688	663	639	560	443	484	622	315	594	333	315	521	728	603	653	0	484	589	374	382	713	
468	509	368	438	599	466	312	427	567	630	568	369	671	327	670	714	460	531	724	685	379	665	437	393	629	563	518	339	482	407	411	406	381	584	369	720	483	350	574	353	452	540	620	760	343	431	430	638	566	698	438	511	515	634	679	484	0	369	531	349	435	
432	741	475	356	684	312	407	636	633	356	764	718	462	560	748	758	655	345	457	591	708	591	629	411	585	653	714	498	426	440	354	399	655	744	534	459	359	547	426	606	464	492	522	380	620	530	749	345	332	799	380	360	521	401	506	589	369	0	553	753	575	
792	712	799	778	421	319	709	647	474	483	468	760	668	370	724	676	378	387	773	701	517	412	516	617	572	575	317	651	547	495	322	459	624	628	680	769	610	688	353	378	763	777	341	593	797	760	493	409	631	389	371	685	330	394	658	374	531	553	0	341	794	
500	589	773	729	546	628	372	530	540	774	639	747	534	781	723	499	389	782	335	433	513	658	427	447	635	518	624	658	445	694	587	474	726	773	444	312	411	430	579	607	570	754	535	609	730	718	441	615	523	334	668	318	365	508	470	382	349	753	341	0	453	
624	437	640	525	390	550	490	696	442	644	705	319	498	682	422	351	736	523	393	799	526	415	756	684	575	609	365	541	468	789	449	743	544	587	717	367	421	696	486	743	375	586	318	798	478	769	332	404	303	512	445	752	319	795	301	713	435	575	794	453	0	
etats
Id_Station	Poids W	Min (P)	WSPT	Priorité	
1	1	300	33,33	1	
2	7	301	33,44	2	
3	1	302	33,56	3	
4	5	303	33,67	4	
5	9	303	33,67	5	
6	1	305	33,89	6	
7	3	309	34,33	7	
8	1	303	37,88	8	
9	2	303	37,88	9	
10	8	306	38,25	10	
11	7	311	38,88	11	
12	7	329	41,13	12	
13	2	300	42,86	13	
14	8	301	43,00	14	
15	1	302	43,14	15	
16	9	304	43,43	16	
17	7	305	43,57	17	
18	3	311	44,43	18	
19	6	313	44,71	19	
20	9	300	50,00	20	
21	6	300	50,00	21	
22	7	301	50,17	22	
23	1	302	50,33	23	
24	3	304	50,67	24	
25	1	313	52,17	25	
26	8	314	52,33	26	
27	7	301	60,20	27	
28	1	302	60,40	28	
29	9	304	60,80	29	
30	5	304	60,80	30	
31	9	307	61,40	31	
32	3	317	63,40	32	
33	3	300	75,00	33	
34	7	300	75,00	34	
35	2	300	75,00	35	
36	1	301	75,25	36	
37	3	302	75,50	37	
38	7	306	76,50	38	
39	9	300	100,00	39	
40	7	304	101,33	40	
41	2	313	104,33	41	
42	9	314	104,67	42	
43	6	301	150,50	43	
44	1	305	152,50	44	
45	6	305	152,50	45	
46	5	307	153,50	46	
47	9	313	156,50	47	
48	3	316	158,00	48	
49	4	322	161,00	49	
50	5	300	300,00	50	
51	6	301	301,00	51	
52	3	302	302,00	52	
53	2	303	303,00	53	
54	7	303	303,00	54	
55	5	303	303,00	55	
56	2	306	306,00	56	
57	1	308	308,00	57	
58	6	308	308,00	58	
59	5	310	310,00	59	
60	5	319	319,00	60	

