distances
0	618	577	315	346	375	505	390	632	340	518	595	589	510	610	655	633	457	361	635	558	759	768	621	332	508	302	314	341	713	743	553	430	458	412	627	474	444	567	698	410	
618	0	462	774	720	451	569	520	698	362	546	663	545	382	573	682	463	325	421	301	603	785	538	373	303	391	457	575	617	706	397	564	318	742	556	784	770	650	304	592	336	
577	462	0	403	446	332	360	471	455	487	686	674	778	510	533	384	557	625	597	319	736	456	515	715	319	779	469	410	605	576	412	392	794	382	511	386	742	474	490	395	638	
315	774	403	0	334	650	423	410	674	542	582	578	521	564	365	366	484	526	755	566	446	484	497	577	438	345	712	590	769	488	531	582	457	336	360	447	473	361	469	587	420	
346	720	446	334	0	584	568	469	557	678	674	597	701	341	700	551	600	456	661	757	757	724	604	473	644	713	610	510	596	526	754	426	443	617	374	512	577	559	315	638	414	
375	451	332	650	584	0	541	764	564	378	774	761	778	708	528	606	368	477	675	452	508	556	494	582	405	650	664	422	652	534	674	691	702	380	798	388	667	339	488	474	439	
505	569	360	423	568	541	0	406	522	566	376	327	435	545	592	476	498	372	773	439	387	428	770	637	304	389	639	524	731	627	450	762	750	350	680	794	465	735	485	555	305	
390	520	471	410	469	764	406	0	383	714	541	472	578	687	364	555	712	664	763	512	439	527	336	582	692	696	799	403	344	340	742	614	379	727	307	505	645	750	765	539	522	
632	698	455	674	557	564	522	383	0	612	695	511	513	449	754	573	591	730	607	456	411	366	525	357	694	464	418	387	565	312	514	707	685	562	682	776	502	401	602	402	306	
340	362	487	542	678	378	566	714	612	0	673	317	581	416	469	481	603	317	664	383	442	499	705	495	791	378	659	319	325	516	764	302	709	754	708	516	526	725	788	764	354	
518	546	686	582	674	774	376	541	695	673	0	307	571	403	766	586	404	525	648	314	337	323	385	424	797	349	356	437	383	537	300	378	334	698	673	491	493	585	597	761	582	
595	663	674	578	597	761	327	472	511	317	307	0	357	387	561	491	340	456	432	616	791	506	575	750	561	708	638	570	356	502	412	378	759	716	723	687	744	699	445	481	791	
589	545	778	521	701	778	435	578	513	581	571	357	0	618	541	545	781	308	309	764	493	534	354	615	711	765	349	700	492	699	507	390	480	444	617	692	618	447	618	541	537	
510	382	510	564	341	708	545	687	449	416	403	387	618	0	639	745	609	706	758	526	454	488	413	625	497	582	631	389	720	349	339	536	589	656	797	650	326	339	534	441	718	
610	573	533	365	700	528	592	364	754	469	766	561	541	639	0	726	795	756	402	640	386	685	517	305	705	618	422	386	584	565	328	625	772	498	373	411	418	418	682	776	628	
655	682	384	366	551	606	476	555	573	481	586	491	545	745	726	0	300	757	653	780	763	357	529	642	422	320	627	525	417	610	598	679	620	534	379	645	449	581	335	390	500	
633	463	557	484	600	368	498	712	591	603	404	340	781	609	795	300	0	798	654	648	527	795	627	433	522	707	622	467	444	529	665	345	562	578	660	798	483	569	461	341	543	
457	325	625	526	456	477	372	664	730	317	525	456	308	706	756	757	798	0	335	742	692	525	775	584	355	705	760	450	789	533	448	489	745	440	455	717	403	374	689	551	379	
361	421	597	755	661	675	773	763	607	664	648	432	309	758	402	653	654	335	0	549	704	583	589	464	717	687	458	317	785	649	731	518	400	618	595	489	716	501	619	667	501	
635	301	319	566	757	452	439	512	456	383	314	616	764	526	640	780	648	742	549	0	459	481	350	698	679	494	429	713	648	532	316	439	759	749	622	688	610	572	341	573	523	
558	603	736	446	757	508	387	439	411	442	337	791	493	454	386	763	527	692	704	459	0	492	484	641	750	331	431	460	440	629	577	671	592	360	463	374	730	679	509	738	379	
759	785	456	484	724	556	428	527	366	499	323	506	534	488	685	357	795	525	583	481	492	0	475	468	454	440	314	552	587	588	375	540	459	675	613	398	321	751	582	643	568	
768	538	515	497	604	494	770	336	525	705	385	575	354	413	517	529	627	775	589	350	484	475	0	401	471	726	424	748	707	530	506	798	383	640	646	511	341	778	589	410	795	
621	373	715	577	473	582	637	582	357	495	424	750	615	625	305	642	433	584	464	698	641	468	401	0	783	346	735	644	499	511	500	655	448	671	792	434	309	415	351	312	560	
332	303	319	438	644	405	304	692	694	791	797	561	711	497	705	422	522	355	717	679	750	454	471	783	0	442	604	528	700	778	407	521	729	423	758	721	749	768	400	309	519	
508	391	779	345	713	650	389	696	464	378	349	708	765	582	618	320	707	705	687	494	331	440	726	346	442	0	526	708	462	374	707	339	343	445	573	623	602	383	441	791	763	
302	457	469	712	610	664	639	799	418	659	356	638	349	631	422	627	622	760	458	429	431	314	424	735	604	526	0	423	664	587	528	521	685	584	765	302	619	752	530	692	648	
314	575	410	590	510	422	524	403	387	319	437	570	700	389	386	525	467	450	317	713	460	552	748	644	528	708	423	0	523	416	712	318	788	783	789	675	594	698	764	577	388	
341	617	605	769	596	652	731	344	565	325	383	356	492	720	584	417	444	789	785	648	440	587	707	499	700	462	664	523	0	557	460	318	582	595	433	319	572	506	506	774	413	
713	706	576	488	526	534	627	340	312	516	537	502	699	349	565	610	529	533	649	532	629	588	530	511	778	374	587	416	557	0	404	738	388	339	453	649	611	799	614	403	603	
743	397	412	531	754	674	450	742	514	764	300	412	507	339	328	598	665	448	731	316	577	375	506	500	407	707	528	712	460	404	0	643	603	490	660	514	627	468	637	350	310	
553	564	392	582	426	691	762	614	707	302	378	378	390	536	625	679	345	489	518	439	671	540	798	655	521	339	521	318	318	738	643	0	513	309	318	487	685	392	525	772	599	
430	318	794	457	443	702	750	379	685	709	334	759	480	589	772	620	562	745	400	759	592	459	383	448	729	343	685	788	582	388	603	513	0	503	492	722	550	440	674	685	626	
458	742	382	336	617	380	350	727	562	754	698	716	444	656	498	534	578	440	618	749	360	675	640	671	423	445	584	783	595	339	490	309	503	0	593	503	653	651	634	710	500	
412	556	511	360	374	798	680	307	682	708	673	723	617	797	373	379	660	455	595	622	463	613	646	792	758	573	765	789	433	453	660	318	492	593	0	554	604	366	328	464	759	
627	784	386	447	512	388	794	505	776	516	491	687	692	650	411	645	798	717	489	688	374	398	511	434	721	623	302	675	319	649	514	487	722	503	554	0	523	488	333	621	512	
474	770	742	473	577	667	465	645	502	526	493	744	618	326	418	449	483	403	716	610	730	321	341	309	749	602	619	594	572	611	627	685	550	653	604	523	0	552	798	423	747	
444	650	474	361	559	339	735	750	401	725	585	699	447	339	418	581	569	374	501	572	679	751	778	415	768	383	752	698	506	799	468	392	440	651	366	488	552	0	751	660	736	
567	304	490	469	315	488	485	765	602	788	597	445	618	534	682	335	461	689	619	341	509	582	589	351	400	441	530	764	506	614	637	525	674	634	328	333	798	751	0	340	538	
698	592	395	587	638	474	555	539	402	764	761	481	541	441	776	390	341	551	667	573	738	643	410	312	309	791	692	577	774	403	350	772	685	710	464	621	423	660	340	0	759	
410	336	638	420	414	439	305	522	306	354	582	791	537	718	628	500	543	379	501	523	379	568	795	560	519	763	648	388	413	603	310	599	626	500	759	512	747	736	538	759	0	
etats
Id_Station	Poids W	Min (P)	WSPT	Priorité	
1	1	304	33,78	1	
2	6	307	34,11	2	
3	5	312	34,67	3	
4	1	321	35,67	4	
5	1	303	37,88	5	
6	3	348	38,67	6	
7	6	314	39,25	7	
8	1	301	43,00	8	
9	2	353	44,13	9	
10	8	312	44,57	10	
11	9	313	44,71	11	
12	6	315	45,00	12	
13	3	318	45,43	13	
14	3	318	45,43	14	
15	2	300	50,00	15	
16	1	303	50,50	16	
17	3	308	51,33	17	
18	1	314	52,33	18	
19	1	318	53,00	19	
20	6	300	60,00	20	
21	2	300	60,00	21	
22	2	303	60,60	22	
23	4	327	65,40	23	
24	1	307	76,75	24	
25	6	316	79,00	25	
26	1	331	82,75	26	
27	5	300	100,00	27	
28	6	303	101,00	28	
29	7	323	107,67	29	
30	6	305	152,50	30	
31	9	314	157,00	31	
32	8	332	166,00	32	
33	3	300	300,00	33	
34	1	301	301,00	34	
35	6	301	301,00	35	
36	9	301	301,00	36	
37	3	306	306,00	37	
38	1	312	312,00	38	
39	1	313	313,00	39	
40	1	316	316,00	40	
