distances
0	479	719	655	790	704	493	385	465	588	437	382	523	338	740	746	756	627	525	785	379	438	314	601	673	466	339	498	507	482	317	710	625	458	344	629	366	616	666	356	650	
479	0	515	371	615	524	423	650	332	674	747	739	726	660	776	660	341	670	419	626	439	747	439	398	501	627	712	599	322	403	563	356	426	605	308	644	700	412	744	310	717	
719	515	0	703	477	610	300	388	575	663	591	333	529	773	779	580	581	475	314	753	763	336	765	350	781	796	405	476	754	700	302	469	376	443	686	508	335	619	637	720	340	
655	371	703	0	518	659	575	606	660	571	780	761	320	678	328	413	677	518	788	535	463	432	444	799	466	664	684	615	631	583	311	304	762	783	616	699	474	542	713	444	372	
790	615	477	518	0	445	495	581	379	615	606	305	422	515	340	602	582	429	521	793	397	348	729	793	424	706	501	682	372	468	407	749	632	313	673	456	470	590	329	591	689	
704	524	610	659	445	0	679	593	662	720	634	735	322	489	323	666	652	354	431	326	531	394	385	358	467	506	436	761	497	375	349	378	430	455	328	587	487	542	518	337	434	
493	423	300	575	495	679	0	595	652	640	439	509	427	599	643	303	679	315	560	655	708	750	601	420	575	480	388	531	694	735	644	600	319	334	560	432	592	442	445	716	714	
385	650	388	606	581	593	595	0	421	312	766	406	620	414	483	415	670	560	711	443	753	574	467	574	512	559	404	310	441	537	385	517	709	674	381	449	693	625	542	523	403	
465	332	575	660	379	662	652	421	0	676	332	510	337	478	377	536	581	654	755	699	351	497	573	776	375	624	679	372	429	744	645	567	452	670	412	795	468	492	359	459	460	
588	674	663	571	615	720	640	312	676	0	798	748	355	603	364	417	576	794	460	736	541	730	735	509	388	723	602	448	416	780	653	559	716	520	644	511	537	348	729	659	752	
437	747	591	780	606	634	439	766	332	798	0	315	406	691	593	339	471	463	788	346	617	780	490	445	545	363	728	508	549	424	616	326	547	600	640	431	510	346	717	349	546	
382	739	333	761	305	735	509	406	510	748	315	0	307	433	703	674	589	669	784	763	476	521	531	551	394	592	687	433	620	702	705	467	328	369	526	455	378	724	675	714	362	
523	726	529	320	422	322	427	620	337	355	406	307	0	694	573	785	559	747	510	350	491	462	467	524	411	334	545	725	589	338	718	364	345	774	415	691	768	339	696	404	520	
338	660	773	678	515	489	599	414	478	603	691	433	694	0	734	579	407	540	748	627	447	628	335	433	550	550	435	406	565	693	445	369	388	641	476	348	649	431	790	738	507	
740	776	779	328	340	323	643	483	377	364	593	703	573	734	0	475	621	790	758	362	426	465	469	404	655	441	792	680	750	509	325	519	317	590	787	566	794	555	522	510	414	
746	660	580	413	602	666	303	415	536	417	339	674	785	579	475	0	678	366	708	367	576	778	470	774	340	634	734	615	583	565	343	585	311	305	437	419	327	359	719	620	441	
756	341	581	677	582	652	679	670	581	576	471	589	559	407	621	678	0	694	350	384	690	541	757	507	316	580	406	714	599	531	588	785	584	311	612	757	680	462	656	521	502	
627	670	475	518	429	354	315	560	654	794	463	669	747	540	790	366	694	0	354	510	410	470	637	383	686	797	721	564	406	466	336	468	361	406	495	541	572	604	300	668	770	
525	419	314	788	521	431	560	711	755	460	788	784	510	748	758	708	350	354	0	359	620	367	679	418	542	784	338	586	795	768	428	529	397	389	401	495	702	489	652	637	661	
785	626	753	535	793	326	655	443	699	736	346	763	350	627	362	367	384	510	359	0	475	431	765	648	315	765	687	741	767	587	665	321	523	799	383	615	306	421	461	606	635	
379	439	763	463	397	531	708	753	351	541	617	476	491	447	426	576	690	410	620	475	0	389	435	342	768	608	793	478	475	428	315	552	737	717	680	356	716	444	559	675	694	
438	747	336	432	348	394	750	574	497	730	780	521	462	628	465	778	541	470	367	431	389	0	597	611	772	735	680	453	384	644	547	524	426	499	560	516	626	593	577	403	776	
314	439	765	444	729	385	601	467	573	735	490	531	467	335	469	470	757	637	679	765	435	597	0	776	719	468	503	579	567	463	454	511	675	615	754	662	503	441	568	685	785	
601	398	350	799	793	358	420	574	776	509	445	551	524	433	404	774	507	383	418	648	342	611	776	0	721	741	621	435	349	372	645	354	402	522	429	594	430	529	638	682	689	
673	501	781	466	424	467	575	512	375	388	545	394	411	550	655	340	316	686	542	315	768	772	719	721	0	730	344	673	370	401	378	479	393	721	465	440	317	639	607	673	706	
466	627	796	664	706	506	480	559	624	723	363	592	334	550	441	634	580	797	784	765	608	735	468	741	730	0	419	761	702	532	578	302	343	461	447	640	440	313	474	666	693	
339	712	405	684	501	436	388	404	679	602	728	687	545	435	792	734	406	721	338	687	793	680	503	621	344	419	0	352	773	472	685	383	441	744	514	315	347	301	490	349	548	
498	599	476	615	682	761	531	310	372	448	508	433	725	406	680	615	714	564	586	741	478	453	579	435	673	761	352	0	461	444	658	410	351	787	636	698	638	352	682	638	682	
507	322	754	631	372	497	694	441	429	416	549	620	589	565	750	583	599	406	795	767	475	384	567	349	370	702	773	461	0	412	611	767	722	468	434	474	647	609	769	540	349	
482	403	700	583	468	375	735	537	744	780	424	702	338	693	509	565	531	466	768	587	428	644	463	372	401	532	472	444	412	0	406	380	676	358	625	458	419	411	706	374	301	
317	563	302	311	407	349	644	385	645	653	616	705	718	445	325	343	588	336	428	665	315	547	454	645	378	578	685	658	611	406	0	408	400	784	466	649	404	594	379	461	391	
710	356	469	304	749	378	600	517	567	559	326	467	364	369	519	585	785	468	529	321	552	524	511	354	479	302	383	410	767	380	408	0	526	708	448	448	776	767	617	742	794	
625	426	376	762	632	430	319	709	452	716	547	328	345	388	317	311	584	361	397	523	737	426	675	402	393	343	441	351	722	676	400	526	0	505	724	308	533	391	720	530	317	
458	605	443	783	313	455	334	674	670	520	600	369	774	641	590	305	311	406	389	799	717	499	615	522	721	461	744	787	468	358	784	708	505	0	390	753	409	553	658	304	315	
344	308	686	616	673	328	560	381	412	644	640	526	415	476	787	437	612	495	401	383	680	560	754	429	465	447	514	636	434	625	466	448	724	390	0	345	748	316	555	690	670	
629	644	508	699	456	587	432	449	795	511	431	455	691	348	566	419	757	541	495	615	356	516	662	594	440	640	315	698	474	458	649	448	308	753	345	0	340	428	479	741	709	
366	700	335	474	470	487	592	693	468	537	510	378	768	649	794	327	680	572	702	306	716	626	503	430	317	440	347	638	647	419	404	776	533	409	748	340	0	360	319	601	443	
616	412	619	542	590	542	442	625	492	348	346	724	339	431	555	359	462	604	489	421	444	593	441	529	639	313	301	352	609	411	594	767	391	553	316	428	360	0	670	699	447	
666	744	637	713	329	518	445	542	359	729	717	675	696	790	522	719	656	300	652	461	559	577	568	638	607	474	490	682	769	706	379	617	720	658	555	479	319	670	0	456	455	
356	310	720	444	591	337	716	523	459	659	349	714	404	738	510	620	521	668	637	606	675	403	685	682	673	666	349	638	540	374	461	742	530	304	690	741	601	699	456	0	676	
650	717	340	372	689	434	714	403	460	752	546	362	520	507	414	441	502	770	661	635	694	776	785	689	706	693	548	682	349	301	391	794	317	315	670	709	443	447	455	676	0	
etats
Id_Station	Poids W	Min (P)	WSPT	Priorité	
1	1	300	33,33	1	
2	3	305	33,89	2	
3	1	309	34,33	3	
4	6	309	34,33	4	
5	6	338	37,56	5	
6	1	306	38,25	6	
7	3	307	38,38	7	
8	6	320	40,00	8	
9	2	328	41,00	9	
10	1	302	43,14	10	
11	2	302	43,14	11	
12	8	308	44,00	12	
13	2	310	44,29	13	
14	5	310	44,29	14	
15	6	320	45,71	15	
16	1	333	47,57	16	
17	2	305	50,83	17	
18	8	323	53,83	18	
19	3	304	60,80	19	
20	1	310	62,00	20	
21	6	321	64,20	21	
22	3	300	75,00	22	
23	6	307	76,75	23	
24	3	308	77,00	24	
25	5	302	100,67	25	
26	5	306	102,00	26	
27	2	311	103,67	27	
28	3	312	104,00	28	
29	9	316	105,33	29	
30	6	333	111,00	30	
31	9	304	152,00	31	
32	8	310	155,00	32	
33	5	311	155,50	33	
34	8	316	158,00	34	
35	9	302	302,00	35	
36	9	304	304,00	36	
37	9	308	308,00	37	
38	5	311	311,00	38	
39	3	322	322,00	39	
40	5	332	332,00	40	
