distances
0	479	567	519	642	588	602	666	334	527	483	790	412	678	612	562	400	439	365	757	783	751	645	651	681	758	622	786	736	781	547	611	468	676	790	596	633	453	561	675	669	
479	0	675	319	472	463	742	571	389	727	425	693	467	540	598	546	749	732	795	684	667	679	499	731	498	391	606	711	704	650	399	448	778	405	362	355	798	460	708	738	336	
567	675	0	442	438	331	761	796	518	356	759	387	317	695	581	515	459	454	658	758	627	573	544	475	771	620	702	494	407	693	483	551	710	685	787	341	705	597	760	447	548	
519	319	442	0	566	383	338	673	620	739	707	526	678	480	335	318	389	568	728	465	682	510	536	520	634	675	743	467	521	643	564	416	455	606	514	691	325	372	624	446	390	
642	472	438	566	0	492	361	322	613	732	720	473	488	351	486	617	646	588	509	676	592	434	522	658	533	542	309	746	668	696	425	473	727	338	736	477	442	483	657	703	609	
588	463	331	383	492	0	780	790	374	535	795	529	517	735	789	488	390	656	663	511	710	308	310	517	517	649	575	725	683	591	508	340	449	490	558	693	472	757	443	660	366	
602	742	761	338	361	780	0	375	581	474	610	720	675	491	404	744	692	395	634	338	458	536	476	672	613	442	781	581	558	486	574	676	503	585	768	312	625	437	763	304	323	
666	571	796	673	322	790	375	0	528	733	565	645	763	770	666	408	707	371	412	429	371	315	581	584	597	779	651	679	331	748	510	311	613	776	525	360	664	693	485	302	748	
334	389	518	620	613	374	581	528	0	433	647	487	541	368	725	548	494	410	771	461	576	395	546	553	544	351	700	465	686	354	434	780	336	460	400	309	712	444	581	679	732	
527	727	356	739	732	535	474	733	433	0	470	784	615	681	329	404	479	359	471	595	706	403	671	639	779	406	782	616	493	300	551	589	664	408	377	739	363	453	612	535	562	
483	425	759	707	720	795	610	565	647	470	0	787	541	680	613	763	683	336	665	765	564	311	456	636	771	314	675	447	542	633	523	366	741	456	301	772	517	489	637	390	441	
790	693	387	526	473	529	720	645	487	784	787	0	790	696	514	687	719	737	501	528	425	741	362	449	564	544	528	369	619	438	707	401	362	504	716	754	403	745	386	697	402	
412	467	317	678	488	517	675	763	541	615	541	790	0	392	312	396	384	714	669	728	526	671	444	571	381	755	430	479	793	349	379	336	691	460	368	499	468	427	495	606	413	
678	540	695	480	351	735	491	770	368	681	680	696	392	0	401	372	703	715	316	510	413	756	485	399	402	631	360	370	797	377	383	743	456	510	577	652	370	669	380	741	688	
612	598	581	335	486	789	404	666	725	329	613	514	312	401	0	741	775	642	347	650	535	582	345	747	627	476	495	418	408	438	395	654	403	534	772	549	631	776	725	622	619	
562	546	515	318	617	488	744	408	548	404	763	687	396	372	741	0	667	428	653	325	770	767	533	599	681	757	754	670	628	454	734	675	659	788	469	795	539	646	561	463	378	
400	749	459	389	646	390	692	707	494	479	683	719	384	703	775	667	0	724	347	707	641	450	601	502	638	719	493	699	473	409	420	388	631	550	664	702	569	787	686	675	528	
439	732	454	568	588	656	395	371	410	359	336	737	714	715	642	428	724	0	420	460	754	458	514	709	533	707	734	631	562	449	691	752	618	343	617	545	358	421	303	394	360	
365	795	658	728	509	663	634	412	771	471	665	501	669	316	347	653	347	420	0	386	321	686	412	544	484	675	539	570	645	369	728	544	519	635	465	746	432	376	772	453	699	
757	684	758	465	676	511	338	429	461	595	765	528	728	510	650	325	707	460	386	0	414	449	762	556	628	370	405	361	703	506	638	441	416	630	695	558	659	760	799	442	785	
783	667	627	682	592	710	458	371	576	706	564	425	526	413	535	770	641	754	321	414	0	332	558	427	378	315	378	674	420	774	448	363	572	310	571	645	483	733	557	638	687	
751	679	573	510	434	308	536	315	395	403	311	741	671	756	582	767	450	458	686	449	332	0	387	387	711	615	410	733	573	777	324	460	499	559	715	470	532	552	655	340	327	
645	499	544	536	522	310	476	581	546	671	456	362	444	485	345	533	601	514	412	762	558	387	0	746	465	525	632	481	381	749	533	421	378	506	394	629	300	367	446	630	428	
651	731	475	520	658	517	672	584	553	639	636	449	571	399	747	599	502	709	544	556	427	387	746	0	769	369	419	454	556	544	311	625	720	609	718	509	663	783	684	584	797	
681	498	771	634	533	517	613	597	544	779	771	564	381	402	627	681	638	533	484	628	378	711	465	769	0	595	370	717	670	452	323	781	321	391	309	429	382	400	494	566	570	
758	391	620	675	542	649	442	779	351	406	314	544	755	631	476	757	719	707	675	370	315	615	525	369	595	0	323	408	313	742	570	506	744	424	368	759	513	512	637	748	606	
622	606	702	743	309	575	781	651	700	782	675	528	430	360	495	754	493	734	539	405	378	410	632	419	370	323	0	784	723	658	781	768	786	739	741	701	735	727	501	505	402	
786	711	494	467	746	725	581	679	465	616	447	369	479	370	418	670	699	631	570	361	674	733	481	454	717	408	784	0	650	650	522	565	310	643	511	550	798	409	386	703	362	
736	704	407	521	668	683	558	331	686	493	542	619	793	797	408	628	473	562	645	703	420	573	381	556	670	313	723	650	0	499	483	502	675	451	413	361	742	608	706	761	707	
781	650	693	643	696	591	486	748	354	300	633	438	349	377	438	454	409	449	369	506	774	777	749	544	452	742	658	650	499	0	541	340	436	605	646	411	746	734	783	402	321	
547	399	483	564	425	508	574	510	434	551	523	707	379	383	395	734	420	691	728	638	448	324	533	311	323	570	781	522	483	541	0	539	506	735	687	372	542	592	376	368	617	
611	448	551	416	473	340	676	311	780	589	366	401	336	743	654	675	388	752	544	441	363	460	421	625	781	506	768	565	502	340	539	0	370	620	373	375	352	742	516	481	456	
468	778	710	455	727	449	503	613	336	664	741	362	691	456	403	659	631	618	519	416	572	499	378	720	321	744	786	310	675	436	506	370	0	769	621	629	315	684	344	799	439	
676	405	685	606	338	490	585	776	460	408	456	504	460	510	534	788	550	343	635	630	310	559	506	609	391	424	739	643	451	605	735	620	769	0	423	407	427	652	781	530	647	
790	362	787	514	736	558	768	525	400	377	301	716	368	577	772	469	664	617	465	695	571	715	394	718	309	368	741	511	413	646	687	373	621	423	0	795	421	341	361	324	369	
596	355	341	691	477	693	312	360	309	739	772	754	499	652	549	795	702	545	746	558	645	470	629	509	429	759	701	550	361	411	372	375	629	407	795	0	504	758	661	480	322	
633	798	705	325	442	472	625	664	712	363	517	403	468	370	631	539	569	358	432	659	483	532	300	663	382	513	735	798	742	746	542	352	315	427	421	504	0	564	537	646	393	
453	460	597	372	483	757	437	693	444	453	489	745	427	669	776	646	787	421	376	760	733	552	367	783	400	512	727	409	608	734	592	742	684	652	341	758	564	0	410	394	383	
561	708	760	624	657	443	763	485	581	612	637	386	495	380	725	561	686	303	772	799	557	655	446	684	494	637	501	386	706	783	376	516	344	781	361	661	537	410	0	347	762	
675	738	447	446	703	660	304	302	679	535	390	697	606	741	622	463	675	394	453	442	638	340	630	584	566	748	505	703	761	402	368	481	799	530	324	480	646	394	347	0	360	
669	336	548	390	609	366	323	748	732	562	441	402	413	688	619	378	528	360	699	785	687	327	428	797	570	606	402	362	707	321	617	456	439	647	369	322	393	383	762	360	0	
etats
Id_Station	Poids W	Min (P)	WSPT	Priorité	
1	8				
2	5				
3	4				
4	7				
5	8				
6	6				
7	5				
8	7				
9	1				
10	1				
11	8				
12	6				
13	4				
14	1				
15	2				
16	7				
17	5				
18	7				
19	4				
20	8				
21	8				
22	3				
23	1				
24	5				
25	2				
26	2				
27	5				
28	2				
29	5				
30	6				
31	3				
32	9				
33	1				
34	8				
35	6				
36	1				
37	1				
38	5				
39	2				
40	5				
