distances
0	569	622	760	793	458	423	404	604	538	344	511	426	474	604	345	377	326	785	590	309	462	592	355	602	382	339	372	660	482	676	605	690	756	620	563	515	356	341	513	303	
569	0	332	499	653	591	367	738	754	552	670	442	457	467	434	515	582	442	480	396	525	757	662	382	793	502	383	502	589	357	356	627	406	653	611	543	615	671	417	696	781	
622	332	0	355	468	427	501	791	745	690	644	788	409	668	636	653	742	331	496	512	502	364	411	301	648	321	516	311	755	371	524	727	677	347	639	767	300	737	666	656	717	
760	499	355	0	580	324	784	602	567	330	585	321	606	455	641	374	767	379	495	629	631	423	319	694	779	390	478	429	456	511	791	307	553	522	769	467	513	766	688	542	407	
793	653	468	580	0	767	641	713	704	799	690	481	697	581	601	678	596	669	717	699	640	474	469	799	328	755	349	749	405	647	780	360	489	604	608	342	727	503	680	734	692	
458	591	427	324	767	0	733	518	357	518	662	411	376	713	734	313	595	732	463	689	444	709	494	401	594	614	781	603	679	658	610	539	626	717	376	795	737	781	302	647	426	
423	367	501	784	641	733	0	673	647	465	490	653	687	415	387	740	617	734	761	610	438	426	641	379	440	344	706	661	663	779	565	561	631	719	396	607	343	475	463	685	799	
404	738	791	602	713	518	673	0	403	389	562	507	680	458	326	444	590	785	762	473	631	475	375	616	562	528	635	482	324	691	660	429	643	521	575	564	718	552	374	777	420	
604	754	745	567	704	357	647	403	0	698	648	357	788	676	737	555	754	451	642	701	382	547	621	508	516	304	319	418	637	627	612	568	375	524	676	606	785	377	375	659	583	
538	552	690	330	799	518	465	389	698	0	374	382	303	366	727	363	651	305	740	484	743	451	578	733	304	671	436	597	739	759	463	701	419	450	388	739	734	602	731	609	727	
344	670	644	585	690	662	490	562	648	374	0	327	737	591	365	353	725	337	436	608	323	613	542	745	404	563	791	371	477	335	397	519	431	331	692	732	577	658	669	434	720	
511	442	788	321	481	411	653	507	357	382	327	0	562	489	544	759	470	552	332	699	588	666	505	745	362	346	731	790	367	776	571	489	627	395	611	695	624	422	687	617	483	
426	457	409	606	697	376	687	680	788	303	737	562	0	452	626	616	525	609	351	390	453	642	337	467	446	422	519	700	635	551	508	724	708	511	323	518	483	375	526	418	666	
474	467	668	455	581	713	415	458	676	366	591	489	452	0	717	697	703	494	335	451	686	319	327	765	753	351	560	572	328	384	317	495	477	541	678	714	389	685	675	779	754	
604	434	636	641	601	734	387	326	737	727	365	544	626	717	0	702	500	381	626	753	546	388	643	443	716	523	567	393	384	620	337	610	627	698	432	518	439	509	402	448	318	
345	515	653	374	678	313	740	444	555	363	353	759	616	697	702	0	694	681	753	514	392	657	738	384	353	651	565	331	684	518	304	365	543	744	586	577	380	594	742	766	372	
377	582	742	767	596	595	617	590	754	651	725	470	525	703	500	694	0	443	711	358	664	676	544	631	756	517	317	712	487	646	733	330	608	352	767	771	493	734	368	663	730	
326	442	331	379	669	732	734	785	451	305	337	552	609	494	381	681	443	0	474	606	670	755	629	560	346	560	477	797	488	651	491	480	636	507	413	668	623	485	549	731	625	
785	480	496	495	717	463	761	762	642	740	436	332	351	335	626	753	711	474	0	500	663	743	370	380	536	612	711	563	797	578	519	548	713	551	315	431	650	723	469	779	710	
590	396	512	629	699	689	610	473	701	484	608	699	390	451	753	514	358	606	500	0	600	475	739	559	549	622	482	784	413	450	597	638	552	647	505	530	752	463	303	438	364	
309	525	502	631	640	444	438	631	382	743	323	588	453	686	546	392	664	670	663	600	0	619	730	433	581	588	472	364	315	379	463	756	495	306	784	407	603	376	417	468	462	
462	757	364	423	474	709	426	475	547	451	613	666	642	319	388	657	676	755	743	475	619	0	637	340	471	388	499	738	581	413	780	407	534	312	589	513	328	304	538	670	525	
592	662	411	319	469	494	641	375	621	578	542	505	337	327	643	738	544	629	370	739	730	637	0	477	474	434	791	532	542	512	500	688	434	485	784	624	433	519	776	347	447	
355	382	301	694	799	401	379	616	508	733	745	745	467	765	443	384	631	560	380	559	433	340	477	0	350	553	439	784	678	556	396	685	720	578	430	386	450	721	511	573	303	
602	793	648	779	328	594	440	562	516	304	404	362	446	753	716	353	756	346	536	549	581	471	474	350	0	517	616	306	721	491	463	636	622	732	702	343	578	562	533	646	454	
382	502	321	390	755	614	344	528	304	671	563	346	422	351	523	651	517	560	612	622	588	388	434	553	517	0	330	393	440	410	451	784	754	522	739	665	429	597	528	468	632	
339	383	516	478	349	781	706	635	319	436	791	731	519	560	567	565	317	477	711	482	472	499	791	439	616	330	0	336	537	782	741	610	316	572	712	356	388	340	378	677	665	
372	502	311	429	749	603	661	482	418	597	371	790	700	572	393	331	712	797	563	784	364	738	532	784	306	393	336	0	548	309	466	571	757	707	317	525	663	532	695	582	601	
660	589	755	456	405	679	663	324	637	739	477	367	635	328	384	684	487	488	797	413	315	581	542	678	721	440	537	548	0	362	368	332	349	654	724	605	360	325	345	494	774	
482	357	371	511	647	658	779	691	627	759	335	776	551	384	620	518	646	651	578	450	379	413	512	556	491	410	782	309	362	0	584	792	777	741	315	373	769	505	671	690	699	
676	356	524	791	780	610	565	660	612	463	397	571	508	317	337	304	733	491	519	597	463	780	500	396	463	451	741	466	368	584	0	346	502	726	315	759	381	646	539	348	380	
605	627	727	307	360	539	561	429	568	701	519	489	724	495	610	365	330	480	548	638	756	407	688	685	636	784	610	571	332	792	346	0	586	301	701	701	613	464	502	491	613	
690	406	677	553	489	626	631	643	375	419	431	627	708	477	627	543	608	636	713	552	495	534	434	720	622	754	316	757	349	777	502	586	0	494	675	433	308	746	767	403	780	
756	653	347	522	604	717	719	521	524	450	331	395	511	541	698	744	352	507	551	647	306	312	485	578	732	522	572	707	654	741	726	301	494	0	300	713	575	575	599	608	354	
620	611	639	769	608	376	396	575	676	388	692	611	323	678	432	586	767	413	315	505	784	589	784	430	702	739	712	317	724	315	315	701	675	300	0	426	782	530	372	313	583	
563	543	767	467	342	795	607	564	606	739	732	695	518	714	518	577	771	668	431	530	407	513	624	386	343	665	356	525	605	373	759	701	433	713	426	0	312	348	700	704	353	
515	615	300	513	727	737	343	718	785	734	577	624	483	389	439	380	493	623	650	752	603	328	433	450	578	429	388	663	360	769	381	613	308	575	782	312	0	512	751	643	778	
356	671	737	766	503	781	475	552	377	602	658	422	375	685	509	594	734	485	723	463	376	304	519	721	562	597	340	532	325	505	646	464	746	575	530	348	512	0	790	755	776	
341	417	666	688	680	302	463	374	375	731	669	687	526	675	402	742	368	549	469	303	417	538	776	511	533	528	378	695	345	671	539	502	767	599	372	700	751	790	0	498	329	
513	696	656	542	734	647	685	777	659	609	434	617	418	779	448	766	663	731	779	438	468	670	347	573	646	468	677	582	494	690	348	491	403	608	313	704	643	755	498	0	732	
303	781	717	407	692	426	799	420	583	727	720	483	666	754	318	372	730	625	710	364	462	525	447	303	454	632	665	601	774	699	380	613	780	354	583	353	778	776	329	732	0	
etats
Id_Station	Poids W	Min (P)	WSPT	Priorité	
1	4				
2	2				
3	6				
4	6				
5	1				
6	6				
7	2				
8	5				
9	9				
10	4				
11	7				
12	1				
13	3				
14	6				
15	2				
16	3				
17	6				
18	8				
19	4				
20	6				
21	1				
22	6				
23	1				
24	4				
25	1				
26	7				
27	1				
28	2				
29	7				
30	2				
31	6				
32	5				
33	1				
34	1				
35	1				
36	7				
37	3				
38	1				
39	6				
40	6				

