distances
0	434	493	554	443	708	516	408	671	608	471	777	309	665	321	657	787	651	515	763	414	556	503	404	371	672	536	792	734	586	555	529	395	662	624	461	677	488	745	383	699	
434	0	663	534	549	318	395	645	632	499	784	600	351	527	731	740	401	556	679	645	389	588	345	473	444	389	662	522	614	527	745	348	465	480	458	752	376	480	320	452	783	
493	663	0	656	430	491	746	780	620	421	564	381	502	641	720	791	741	677	489	727	441	353	716	685	738	742	743	704	530	763	642	715	472	437	643	611	681	491	641	562	592	
554	534	656	0	510	592	618	424	500	639	722	364	558	544	661	326	439	653	340	363	427	313	476	784	695	314	492	737	361	361	585	508	475	721	471	763	383	428	494	735	392	
443	549	430	510	0	705	673	766	342	610	304	306	478	617	473	300	397	373	650	756	506	799	791	449	599	506	727	595	360	465	708	509	529	673	739	570	412	571	339	745	504	
708	318	491	592	705	0	731	589	697	789	750	483	525	660	572	456	522	504	427	652	672	756	793	663	741	626	632	774	785	333	669	349	403	332	632	681	608	418	416	461	457	
516	395	746	618	673	731	0	487	397	527	789	585	497	345	327	671	617	449	656	511	434	646	577	703	682	561	564	522	589	534	372	608	305	569	607	343	375	622	363	612	300	
408	645	780	424	766	589	487	0	686	412	429	491	303	707	548	799	325	522	647	623	358	452	461	582	333	580	415	394	547	695	375	416	670	362	420	680	301	686	735	677	665	
671	632	620	500	342	697	397	686	0	395	304	687	631	635	575	381	428	360	675	796	583	495	464	440	445	562	679	464	559	756	571	763	511	581	516	568	608	619	759	549	394	
608	499	421	639	610	789	527	412	395	0	434	569	461	365	522	751	398	573	483	761	436	635	521	363	353	608	421	517	625	312	652	582	336	420	413	780	599	680	485	490	502	
471	784	564	722	304	750	789	429	304	434	0	687	552	504	772	702	301	609	636	370	644	517	623	483	585	503	533	620	600	505	559	382	459	474	602	673	455	544	447	505	333	
777	600	381	364	306	483	585	491	687	569	687	0	407	724	733	406	383	739	369	790	707	657	460	502	332	676	441	791	728	600	601	508	311	627	500	770	761	469	590	656	616	
309	351	502	558	478	525	497	303	631	461	552	407	0	405	412	639	377	486	754	639	588	451	501	445	619	750	462	438	790	387	611	364	691	584	799	704	448	547	722	587	730	
665	527	641	544	617	660	345	707	635	365	504	724	405	0	480	386	713	508	367	657	331	527	580	664	653	538	339	406	344	454	575	420	604	494	438	721	524	318	385	328	316	
321	731	720	661	473	572	327	548	575	522	772	733	412	480	0	357	779	353	505	378	740	605	642	443	518	492	461	583	466	638	527	632	577	520	407	477	795	736	347	636	445	
657	740	791	326	300	456	671	799	381	751	702	406	639	386	357	0	326	782	551	559	799	441	733	304	733	539	533	392	471	415	415	622	322	383	712	519	714	538	725	526	360	
787	401	741	439	397	522	617	325	428	398	301	383	377	713	779	326	0	339	303	630	641	569	621	781	348	360	424	692	345	404	327	657	330	775	386	560	495	541	496	611	603	
651	556	677	653	373	504	449	522	360	573	609	739	486	508	353	782	339	0	501	321	611	718	517	662	774	457	572	407	408	593	490	611	316	639	720	587	481	528	706	495	391	
515	679	489	340	650	427	656	647	675	483	636	369	754	367	505	551	303	501	0	669	613	796	485	663	532	714	600	499	308	480	440	744	527	363	641	417	783	445	430	563	737	
763	645	727	363	756	652	511	623	796	761	370	790	639	657	378	559	630	321	669	0	586	473	708	567	523	460	338	561	445	347	700	410	321	532	312	520	530	584	569	315	557	
414	389	441	427	506	672	434	358	583	436	644	707	588	331	740	799	641	611	613	586	0	316	752	529	433	582	757	314	769	481	533	778	339	797	362	507	450	572	674	601	511	
556	588	353	313	799	756	646	452	495	635	517	657	451	527	605	441	569	718	796	473	316	0	792	348	590	575	740	314	627	529	756	766	631	364	647	358	342	418	532	551	577	
503	345	716	476	791	793	577	461	464	521	623	460	501	580	642	733	621	517	485	708	752	792	0	679	603	317	522	589	590	416	639	547	382	346	319	482	520	681	625	307	574	
404	473	685	784	449	663	703	582	440	363	483	502	445	664	443	304	781	662	663	567	529	348	679	0	365	609	315	794	658	602	386	412	608	336	303	568	558	365	485	384	602	
371	444	738	695	599	741	682	333	445	353	585	332	619	653	518	733	348	774	532	523	433	590	603	365	0	343	471	339	707	724	586	653	655	347	743	352	431	635	641	412	769	
672	389	742	314	506	626	561	580	562	608	503	676	750	538	492	539	360	457	714	460	582	575	317	609	343	0	707	359	638	721	742	626	583	536	660	391	794	736	793	316	641	
536	662	743	492	727	632	564	415	679	421	533	441	462	339	461	533	424	572	600	338	757	740	522	315	471	707	0	649	316	515	420	576	382	789	380	518	389	586	555	643	513	
792	522	704	737	595	774	522	394	464	517	620	791	438	406	583	392	692	407	499	561	314	314	589	794	339	359	649	0	331	407	365	704	636	580	689	638	795	601	719	454	377	
734	614	530	361	360	785	589	547	559	625	600	728	790	344	466	471	345	408	308	445	769	627	590	658	707	638	316	331	0	586	494	621	759	544	362	341	352	780	339	789	378	
586	527	763	361	465	333	534	695	756	312	505	600	387	454	638	415	404	593	480	347	481	529	416	602	724	721	515	407	586	0	670	766	770	636	438	337	791	615	680	580	797	
555	745	642	585	708	669	372	375	571	652	559	601	611	575	527	415	327	490	440	700	533	756	639	386	586	742	420	365	494	670	0	502	478	492	625	597	720	583	755	687	576	
529	348	715	508	509	349	608	416	763	582	382	508	364	420	632	622	657	611	744	410	778	766	547	412	653	626	576	704	621	766	502	0	758	791	641	372	523	563	501	567	662	
395	465	472	475	529	403	305	670	511	336	459	311	691	604	577	322	330	316	527	321	339	631	382	608	655	583	382	636	759	770	478	758	0	650	408	412	519	502	558	729	780	
662	480	437	721	673	332	569	362	581	420	474	627	584	494	520	383	775	639	363	532	797	364	346	336	347	536	789	580	544	636	492	791	650	0	740	644	323	343	371	747	792	
624	458	643	471	739	632	607	420	516	413	602	500	799	438	407	712	386	720	641	312	362	647	319	303	743	660	380	689	362	438	625	641	408	740	0	663	715	717	382	525	429	
461	752	611	763	570	681	343	680	568	780	673	770	704	721	477	519	560	587	417	520	507	358	482	568	352	391	518	638	341	337	597	372	412	644	663	0	694	331	647	741	537	
677	376	681	383	412	608	375	301	608	599	455	761	448	524	795	714	495	481	783	530	450	342	520	558	431	794	389	795	352	791	720	523	519	323	715	694	0	507	621	319	464	
488	480	491	428	571	418	622	686	619	680	544	469	547	318	736	538	541	528	445	584	572	418	681	365	635	736	586	601	780	615	583	563	502	343	717	331	507	0	688	415	557	
745	320	641	494	339	416	363	735	759	485	447	590	722	385	347	725	496	706	430	569	674	532	625	485	641	793	555	719	339	680	755	501	558	371	382	647	621	688	0	616	300	
383	452	562	735	745	461	612	677	549	490	505	656	587	328	636	526	611	495	563	315	601	551	307	384	412	316	643	454	789	580	687	567	729	747	525	741	319	415	616	0	490	
699	783	592	392	504	457	300	665	394	502	333	616	730	316	445	360	603	391	737	557	511	577	574	602	769	641	513	377	378	797	576	662	780	792	429	537	464	557	300	490	0	
etats
Id_Station	Poids W	Min (P)	WSPT	Priorité	
1	6	305	33,89	1	
2	8	306	34,00	2	
3	7	311	34,56	3	
4	5	312	34,67	4	
5	7	334	41,75	5	
6	6	302	43,14	6	
7	1	303	43,29	7	
8	9	306	43,71	8	
9	9	307	43,86	9	
10	1	309	44,14	10	
11	1	306	51,00	11	
12	3	319	53,17	12	
13	1	304	60,80	13	
14	9	311	62,20	14	
15	5	300	75,00	15	
16	1	304	76,00	16	
17	4	306	76,50	17	
18	8	309	77,25	18	
19	1	310	77,50	19	
20	6	321	80,25	20	
21	1	301	100,33	21	
22	9	301	100,33	22	
23	6	303	101,00	23	
24	2	304	101,33	24	
25	8	304	101,33	25	
26	7	304	101,33	26	
27	2	304	101,33	27	
28	6	310	103,33	28	
29	7	310	103,33	29	
30	5	300	150,00	30	
31	9	302	151,00	31	
32	2	307	153,50	32	
33	3	325	162,50	33	
34	5	300	300,00	34	
35	4	300	300,00	35	
36	7	301	301,00	36	
37	7	301	301,00	37	
38	3	305	305,00	38	
39	4	305	305,00	39	
40	1	321	321,00	40	

