distances
0	502	654	701	399	520	455	527	373	735	369	327	630	432	577	785	540	480	762	397	366	485	416	409	373	646	358	716	510	516	677	357	647	479	431	581	677	741	477	478	358	
502	0	312	333	701	722	469	628	748	591	745	366	468	726	550	785	609	729	529	367	389	434	447	739	583	435	357	646	571	599	635	401	666	478	748	386	474	548	485	319	644	
654	312	0	315	340	586	307	642	733	593	538	345	724	775	543	496	671	490	339	698	720	424	573	591	628	389	585	407	654	744	394	438	656	409	696	426	499	513	399	418	431	
701	333	315	0	502	458	511	455	421	649	372	682	510	405	537	470	516	732	670	542	780	358	314	456	735	358	538	731	553	314	520	506	543	606	342	645	308	604	412	671	340	
399	701	340	502	0	393	500	561	341	374	486	315	677	721	336	369	601	669	717	736	387	331	403	427	415	429	538	427	707	300	443	305	474	343	442	320	614	434	429	439	605	
520	722	586	458	393	0	590	548	485	309	371	752	731	597	444	590	566	393	410	773	374	537	432	550	799	602	700	589	580	554	746	683	385	586	722	460	623	761	796	538	541	
455	469	307	511	500	590	0	486	553	379	311	753	348	703	690	410	496	486	445	601	573	501	609	668	726	464	750	792	699	540	363	394	337	725	381	771	509	456	340	304	634	
527	628	642	455	561	548	486	0	797	647	765	648	443	768	636	697	385	711	307	547	660	663	424	301	609	401	730	799	327	395	485	697	764	565	322	444	421	726	508	524	586	
373	748	733	421	341	485	553	797	0	587	620	517	592	560	360	528	467	379	540	780	544	569	782	766	713	715	684	445	577	484	580	391	734	606	462	759	392	404	463	641	654	
735	591	593	649	374	309	379	647	587	0	722	541	526	470	300	377	423	787	738	485	454	640	539	562	637	723	570	628	419	536	659	470	731	557	439	548	353	352	765	475	347	
369	745	538	372	486	371	311	765	620	722	0	508	556	408	632	423	356	612	627	720	326	419	413	474	427	602	441	746	437	444	493	758	505	785	435	724	350	662	360	379	489	
327	366	345	682	315	752	753	648	517	541	508	0	374	402	334	555	652	303	496	509	737	328	547	569	634	551	446	489	678	317	775	737	520	313	577	514	323	685	705	518	332	
630	468	724	510	677	731	348	443	592	526	556	374	0	497	585	506	407	789	418	336	493	312	476	664	375	389	422	461	688	579	308	457	799	567	581	555	780	473	342	529	535	
432	726	775	405	721	597	703	768	560	470	408	402	497	0	789	672	790	674	618	698	775	417	798	532	450	302	563	759	374	539	431	405	781	345	309	605	370	473	496	392	722	
577	550	543	537	336	444	690	636	360	300	632	334	585	789	0	372	410	766	371	371	724	497	420	634	757	629	377	488	683	428	464	424	321	393	513	684	583	792	456	769	592	
785	785	496	470	369	590	410	697	528	377	423	555	506	672	372	0	609	610	782	606	693	386	690	445	655	552	680	354	357	729	792	482	309	453	727	788	398	771	461	500	617	
540	609	671	516	601	566	496	385	467	423	356	652	407	790	410	609	0	532	736	343	781	634	689	634	644	584	403	499	336	452	383	354	380	795	626	721	528	363	750	419	759	
480	729	490	732	669	393	486	711	379	787	612	303	789	674	766	610	532	0	610	795	433	634	700	466	314	553	307	384	551	576	306	544	717	501	502	743	548	707	517	379	788	
762	529	339	670	717	410	445	307	540	738	627	496	418	618	371	782	736	610	0	563	305	305	722	406	587	736	405	494	450	748	773	435	482	668	478	504	657	503	628	354	403	
397	367	698	542	736	773	601	547	780	485	720	509	336	698	371	606	343	795	563	0	300	540	432	668	507	309	646	553	477	564	688	624	550	422	635	619	486	696	332	519	306	
366	389	720	780	387	374	573	660	544	454	326	737	493	775	724	693	781	433	305	300	0	694	615	602	602	303	558	701	647	732	663	311	355	462	491	683	687	566	484	470	496	
485	434	424	358	331	537	501	663	569	640	419	328	312	417	497	386	634	634	305	540	694	0	418	570	756	717	338	351	671	493	495	664	394	418	441	581	695	482	561	316	391	
416	447	573	314	403	432	609	424	782	539	413	547	476	798	420	690	689	700	722	432	615	418	0	485	322	637	795	332	339	333	739	655	368	604	461	575	476	741	694	729	613	
409	739	591	456	427	550	668	301	766	562	474	569	664	532	634	445	634	466	406	668	602	570	485	0	723	773	725	600	328	401	535	589	375	601	388	706	644	659	355	637	664	
373	583	628	735	415	799	726	609	713	637	427	634	375	450	757	655	644	314	587	507	602	756	322	723	0	326	696	350	444	780	376	376	499	361	549	577	619	349	550	371	359	
646	435	389	358	429	602	464	401	715	723	602	551	389	302	629	552	584	553	736	309	303	717	637	773	326	0	720	340	717	575	390	531	463	351	456	300	471	636	633	637	662	
358	357	585	538	538	700	750	730	684	570	441	446	422	563	377	680	403	307	405	646	558	338	795	725	696	720	0	364	742	433	420	365	728	353	748	535	767	336	577	652	457	
716	646	407	731	427	589	792	799	445	628	746	489	461	759	488	354	499	384	494	553	701	351	332	600	350	340	364	0	773	361	629	565	486	792	738	698	358	741	507	597	776	
510	571	654	553	707	580	699	327	577	419	437	678	688	374	683	357	336	551	450	477	647	671	339	328	444	717	742	773	0	386	433	695	712	714	460	621	368	305	642	353	325	
516	599	744	314	300	554	540	395	484	536	444	317	579	539	428	729	452	576	748	564	732	493	333	401	780	575	433	361	386	0	322	683	360	340	498	573	394	302	612	532	759	
677	635	394	520	443	746	363	485	580	659	493	775	308	431	464	792	383	306	773	688	663	495	739	535	376	390	420	629	433	322	0	525	641	322	633	455	386	790	427	439	766	
357	401	438	506	305	683	394	697	391	470	758	737	457	405	424	482	354	544	435	624	311	664	655	589	376	531	365	565	695	683	525	0	610	345	598	706	399	490	799	756	564	
647	666	656	543	474	385	337	764	734	731	505	520	799	781	321	309	380	717	482	550	355	394	368	375	499	463	728	486	712	360	641	610	0	760	777	626	633	537	439	340	569	
479	478	409	606	343	586	725	565	606	557	785	313	567	345	393	453	795	501	668	422	462	418	604	601	361	351	353	792	714	340	322	345	760	0	724	330	364	594	730	447	789	
431	748	696	342	442	722	381	322	462	439	435	577	581	309	513	727	626	502	478	635	491	441	461	388	549	456	748	738	460	498	633	598	777	724	0	615	787	334	798	679	458	
581	386	426	645	320	460	771	444	759	548	724	514	555	605	684	788	721	743	504	619	683	581	575	706	577	300	535	698	621	573	455	706	626	330	615	0	658	750	400	589	451	
677	474	499	308	614	623	509	421	392	353	350	323	780	370	583	398	528	548	657	486	687	695	476	644	619	471	767	358	368	394	386	399	633	364	787	658	0	447	743	363	774	
741	548	513	604	434	761	456	726	404	352	662	685	473	473	792	771	363	707	503	696	566	482	741	659	349	636	336	741	305	302	790	490	537	594	334	750	447	0	760	715	457	
477	485	399	412	429	796	340	508	463	765	360	705	342	496	456	461	750	517	628	332	484	561	694	355	550	633	577	507	642	612	427	799	439	730	798	400	743	760	0	764	365	
478	319	418	671	439	538	304	524	641	475	379	518	529	392	769	500	419	379	354	519	470	316	729	637	371	637	652	597	353	532	439	756	340	447	679	589	363	715	764	0	774	
358	644	431	340	605	541	634	586	654	347	489	332	535	722	592	617	759	788	403	306	496	391	613	664	359	662	457	776	325	759	766	564	569	789	458	451	774	457	365	774	0	
etats
Id_Station	Poids W	Min (P)	WSPT	Priorité	
1	8				
2	1				
3	7				
4	9				
5	8				
6	6				
7	2				
8	4				
9	1				
10	8				
11	7				
12	7				
13	5				
14	2				
15	1				
16	5				
17	5				
18	6				
19	9				
20	3				
21	8				
22	1				
23	9				
24	1				
25	3				
26	1				
27	4				
28	1				
29	6				
30	1				
31	9				
32	4				
33	8				
34	1				
35	8				
36	4				
37	7				
38	3				
39	1				
40	5				