distances
0	585	642	341	717	723	399	430	308	456	547	633	691	437	467	702	351	772	663	674	711	634	353	767	583	411	642	775	565	519	496	635	643	338	523	575	573	450	490	378	521	
585	0	341	795	403	692	564	528	619	690	449	317	553	758	563	722	619	528	485	434	513	789	753	538	336	667	735	758	394	676	542	537	723	621	715	657	605	411	529	793	381	
642	341	0	309	447	388	552	700	536	463	724	779	764	682	455	325	491	530	511	521	548	348	380	697	676	424	765	428	716	312	554	560	430	612	599	793	509	574	543	775	769	
341	795	309	0	458	312	785	732	703	595	716	641	715	706	792	428	684	584	707	731	628	360	303	628	543	494	671	722	793	458	745	361	343	641	439	670	325	777	469	339	457	
717	403	447	458	0	785	509	421	461	486	611	780	707	598	580	529	380	365	398	635	639	716	528	545	556	726	324	401	521	627	326	426	505	534	741	608	561	369	758	559	471	
723	692	388	312	785	0	659	511	365	645	395	612	702	696	742	306	648	712	407	494	677	779	773	433	629	578	445	399	354	570	495	784	636	430	317	698	754	670	759	793	467	
399	564	552	785	509	659	0	772	656	400	714	609	527	439	365	523	792	345	516	549	547	631	520	738	312	565	746	499	432	698	746	748	670	641	717	569	493	505	414	373	735	
430	528	700	732	421	511	772	0	699	649	445	539	719	606	766	339	744	747	484	550	675	474	369	691	576	457	396	647	400	655	789	300	449	317	365	605	510	643	549	741	564	
308	619	536	703	461	365	656	699	0	654	590	742	787	314	546	693	318	770	350	345	380	314	473	667	379	693	652	399	478	356	430	700	316	643	363	380	312	566	333	722	359	
456	690	463	595	486	645	400	649	654	0	501	342	673	545	490	573	689	578	419	346	555	345	771	590	664	378	761	702	570	705	465	508	341	560	701	537	596	317	764	672	367	
547	449	724	716	611	395	714	445	590	501	0	709	474	626	443	533	574	441	740	301	410	317	379	566	322	740	549	471	347	449	684	561	492	382	709	473	471	714	315	758	660	
633	317	779	641	780	612	609	539	742	342	709	0	679	562	738	591	429	644	468	706	563	450	417	730	691	623	613	528	586	386	670	480	614	707	702	710	394	594	566	792	536	
691	553	764	715	707	702	527	719	787	673	474	679	0	624	307	579	624	759	378	363	631	484	763	514	750	630	758	671	777	513	524	579	725	454	796	350	583	389	320	449	301	
437	758	682	706	598	696	439	606	314	545	626	562	624	0	535	645	593	406	578	485	362	369	766	500	688	436	331	583	471	623	349	478	440	492	600	769	506	575	738	645	618	
467	563	455	792	580	742	365	766	546	490	443	738	307	535	0	499	329	670	400	564	613	616	352	581	707	690	470	589	513	798	460	351	468	698	650	345	631	671	657	396	561	
702	722	325	428	529	306	523	339	693	573	533	591	579	645	499	0	465	442	510	434	601	642	420	303	746	444	667	692	611	361	336	758	655	484	485	398	737	644	479	399	639	
351	619	491	684	380	648	792	744	318	689	574	429	624	593	329	465	0	699	580	317	361	616	441	475	462	551	343	626	782	471	351	414	305	574	611	510	422	537	487	622	755	
772	528	530	584	365	712	345	747	770	578	441	644	759	406	670	442	699	0	318	414	739	353	356	735	509	544	717	763	481	660	674	724	744	349	324	444	399	403	399	553	417	
663	485	511	707	398	407	516	484	350	419	740	468	378	578	400	510	580	318	0	395	340	361	724	431	736	640	582	358	632	348	695	316	311	699	416	322	559	540	399	327	596	
674	434	521	731	635	494	549	550	345	346	301	706	363	485	564	434	317	414	395	0	340	530	671	796	565	626	412	404	702	703	380	310	659	343	420	331	723	581	449	473	476	
711	513	548	628	639	677	547	675	380	555	410	563	631	362	613	601	361	739	340	340	0	605	538	503	578	582	383	306	341	517	714	453	592	388	595	774	335	442	399	641	702	
634	789	348	360	716	779	631	474	314	345	317	450	484	369	616	642	616	353	361	530	605	0	397	593	456	790	706	525	375	666	621	487	616	709	408	655	334	746	332	377	721	
353	753	380	303	528	773	520	369	473	771	379	417	763	766	352	420	441	356	724	671	538	397	0	302	394	538	716	304	409	589	545	626	310	390	645	669	381	301	729	495	457	
767	538	697	628	545	433	738	691	667	590	566	730	514	500	581	303	475	735	431	796	503	593	302	0	770	504	711	531	792	754	439	429	482	722	464	518	421	722	493	464	314	
583	336	676	543	556	629	312	576	379	664	322	691	750	688	707	746	462	509	736	565	578	456	394	770	0	782	680	718	569	771	521	799	602	370	596	369	523	391	357	735	503	
411	667	424	494	726	578	565	457	693	378	740	623	630	436	690	444	551	544	640	626	582	790	538	504	782	0	579	468	484	312	578	537	481	328	309	632	575	621	416	470	366	
642	735	765	671	324	445	746	396	652	761	549	613	758	331	470	667	343	717	582	412	383	706	716	711	680	579	0	575	690	461	671	593	671	591	714	314	701	660	656	583	415	
775	758	428	722	401	399	499	647	399	702	471	528	671	583	589	692	626	763	358	404	306	525	304	531	718	468	575	0	688	731	749	725	661	691	723	628	593	702	650	753	799	
565	394	716	793	521	354	432	400	478	570	347	586	777	471	513	611	782	481	632	702	341	375	409	792	569	484	690	688	0	354	534	722	445	474	731	542	788	521	475	422	620	
519	676	312	458	627	570	698	655	356	705	449	386	513	623	798	361	471	660	348	703	517	666	589	754	771	312	461	731	354	0	665	357	402	646	569	751	379	417	456	502	446	
496	542	554	745	326	495	746	789	430	465	684	670	524	349	460	336	351	674	695	380	714	621	545	439	521	578	671	749	534	665	0	461	613	561	364	732	410	682	385	547	386	
635	537	560	361	426	784	748	300	700	508	561	480	579	478	351	758	414	724	316	310	453	487	626	429	799	537	593	725	722	357	461	0	565	607	485	523	555	462	448	303	602	
643	723	430	343	505	636	670	449	316	341	492	614	725	440	468	655	305	744	311	659	592	616	310	482	602	481	671	661	445	402	613	565	0	368	682	621	544	451	551	630	496	
338	621	612	641	534	430	641	317	643	560	382	707	454	492	698	484	574	349	699	343	388	709	390	722	370	328	591	691	474	646	561	607	368	0	351	461	532	695	392	540	338	
523	715	599	439	741	317	717	365	363	701	709	702	796	600	650	485	611	324	416	420	595	408	645	464	596	309	714	723	731	569	364	485	682	351	0	412	751	577	793	404	422	
575	657	793	670	608	698	569	605	380	537	473	710	350	769	345	398	510	444	322	331	774	655	669	518	369	632	314	628	542	751	732	523	621	461	412	0	419	329	790	630	636	
573	605	509	325	561	754	493	510	312	596	471	394	583	506	631	737	422	399	559	723	335	334	381	421	523	575	701	593	788	379	410	555	544	532	751	419	0	712	574	390	655	
450	411	574	777	369	670	505	643	566	317	714	594	389	575	671	644	537	403	540	581	442	746	301	722	391	621	660	702	521	417	682	462	451	695	577	329	712	0	651	687	610	
490	529	543	469	758	759	414	549	333	764	315	566	320	738	657	479	487	399	399	449	399	332	729	493	357	416	656	650	475	456	385	448	551	392	793	790	574	651	0	312	560	
378	793	775	339	559	793	373	741	722	672	758	792	449	645	396	399	622	553	327	473	641	377	495	464	735	470	583	753	422	502	547	303	630	540	404	630	390	687	312	0	352	
521	381	769	457	471	467	735	564	359	367	660	536	301	618	561	639	755	417	596	476	702	721	457	314	503	366	415	799	620	446	386	602	496	338	422	636	655	610	560	352	0	
etats
Id_Station	Poids W	Min (P)	WSPT	Priorité	
1	9				
2	7				
3	6				
4	1				
5	7				
6	5				
7	4				
8	4				
9	4				
10	2				
11	7				
12	7				
13	7				
14	4				
15	6				
16	1				
17	4				
18	7				
19	1				
20	1				
21	1				
22	4				
23	1				
24	6				
25	7				
26	2				
27	6				
28	2				
29	2				
30	3				
31	4				
32	3				
33	1				
34	2				
35	4				
36	6				
37	5				
38	8				
39	8				
40	5				

