distances
0	769	535	543	409	358	738	489	672	728	515	720	638	652	758	642	754	724	344	628	308	522	681	358	494	651	578	554	767	306	431	305	684	605	579	413	747	786	669	633	346	
769	0	709	364	501	474	784	658	772	778	334	575	794	618	747	380	764	338	402	566	659	649	412	444	589	336	356	417	350	422	578	745	620	707	673	644	421	637	671	720	583	
535	709	0	561	553	652	630	786	746	586	440	470	560	630	328	545	630	465	496	330	629	645	599	363	625	383	716	551	656	795	335	531	615	728	500	784	531	497	357	480	302	
543	364	561	0	423	464	431	456	705	320	664	780	431	312	654	418	696	581	567	518	584	512	367	612	575	431	654	384	604	697	770	538	484	573	426	309	450	742	633	427	646	
409	501	553	423	0	669	387	702	501	303	573	602	658	657	611	715	467	621	710	567	641	346	428	320	785	698	573	444	390	768	781	574	561	372	598	555	584	753	730	450	573	
358	474	652	464	669	0	305	517	379	328	588	775	573	508	756	511	465	740	708	350	708	498	608	631	571	547	339	307	560	380	766	772	452	704	339	428	350	336	414	624	741	
738	784	630	431	387	305	0	692	737	350	707	402	494	744	313	730	489	658	750	379	628	661	725	665	528	482	576	730	634	490	643	618	363	458	561	429	596	689	595	633	364	
489	658	786	456	702	517	692	0	449	507	404	739	391	337	419	445	481	380	766	737	728	592	705	740	534	477	555	725	579	687	722	509	510	545	438	301	497	611	414	718	710	
672	772	746	705	501	379	737	449	0	784	317	638	335	602	796	300	552	609	356	706	743	561	357	415	582	488	362	484	350	400	662	546	743	454	304	696	451	584	302	534	312	
728	778	586	320	303	328	350	507	784	0	386	587	517	460	473	557	310	706	438	606	632	576	304	429	457	417	372	454	400	646	660	475	507	670	645	454	639	643	771	599	443	
515	334	440	664	573	588	707	404	317	386	0	338	708	709	701	677	448	506	756	785	306	605	651	514	681	537	493	708	565	752	726	357	739	616	771	753	324	723	601	371	524	
720	575	470	780	602	775	402	739	638	587	338	0	546	622	397	500	361	412	665	441	330	480	401	714	413	325	330	739	357	512	301	496	483	538	597	776	635	686	762	453	798	
638	794	560	431	658	573	494	391	335	517	708	546	0	311	476	595	779	709	434	400	703	761	433	583	387	748	524	613	735	692	450	682	392	697	332	513	695	337	332	361	612	
652	618	630	312	657	508	744	337	602	460	709	622	311	0	791	574	587	438	637	488	426	594	321	685	592	589	468	371	543	647	616	787	656	758	646	384	387	418	780	631	545	
758	747	328	654	611	756	313	419	796	473	701	397	476	791	0	399	337	502	721	706	393	716	653	668	328	468	322	565	670	524	491	304	470	761	318	580	618	492	300	618	686	
642	380	545	418	715	511	730	445	300	557	677	500	595	574	399	0	533	393	628	327	357	689	790	612	422	709	704	349	770	479	650	456	705	632	689	495	370	391	788	724	694	
754	764	630	696	467	465	489	481	552	310	448	361	779	587	337	533	0	509	585	492	506	737	336	571	767	429	526	640	399	358	561	717	670	623	470	660	645	394	583	360	664	
724	338	465	581	621	740	658	380	609	706	506	412	709	438	502	393	509	0	769	370	518	546	691	790	450	406	310	421	562	423	690	790	771	645	320	760	767	634	583	773	524	
344	402	496	567	710	708	750	766	356	438	756	665	434	637	721	628	585	769	0	375	624	312	482	309	504	702	653	596	307	582	438	501	337	339	449	646	341	458	307	687	346	
628	566	330	518	567	350	379	737	706	606	785	441	400	488	706	327	492	370	375	0	486	679	383	700	583	610	649	304	450	627	491	785	709	443	747	304	321	472	446	694	526	
308	659	629	584	641	708	628	728	743	632	306	330	703	426	393	357	506	518	624	486	0	452	551	391	745	544	405	443	592	550	403	338	375	418	716	563	567	703	640	328	498	
522	649	645	512	346	498	661	592	561	576	605	480	761	594	716	689	737	546	312	679	452	0	683	746	320	626	658	349	423	524	754	414	637	405	637	457	409	552	654	464	643	
681	412	599	367	428	608	725	705	357	304	651	401	433	321	653	790	336	691	482	383	551	683	0	793	612	739	561	307	423	538	679	375	629	325	311	548	695	553	557	305	568	
358	444	363	612	320	631	665	740	415	429	514	714	583	685	668	612	571	790	309	700	391	746	793	0	784	532	632	696	599	485	544	540	475	331	754	719	330	729	561	762	484	
494	589	625	575	785	571	528	534	582	457	681	413	387	592	328	422	767	450	504	583	745	320	612	784	0	573	617	490	528	307	533	425	354	739	482	356	383	518	499	630	474	
651	336	383	431	698	547	482	477	488	417	537	325	748	589	468	709	429	406	702	610	544	626	739	532	573	0	766	387	549	571	509	326	795	390	401	634	650	335	511	624	444	
578	356	716	654	573	339	576	555	362	372	493	330	524	468	322	704	526	310	653	649	405	658	561	632	617	766	0	311	554	629	569	364	637	330	749	661	382	355	320	320	789	
554	417	551	384	444	307	730	725	484	454	708	739	613	371	565	349	640	421	596	304	443	349	307	696	490	387	311	0	651	406	571	755	372	378	620	380	552	643	337	455	520	
767	350	656	604	390	560	634	579	350	400	565	357	735	543	670	770	399	562	307	450	592	423	423	599	528	549	554	651	0	566	432	536	664	518	304	361	767	359	354	380	723	
306	422	795	697	768	380	490	687	400	646	752	512	692	647	524	479	358	423	582	627	550	524	538	485	307	571	629	406	566	0	357	705	441	306	419	467	758	779	552	423	717	
431	578	335	770	781	766	643	722	662	660	726	301	450	616	491	650	561	690	438	491	403	754	679	544	533	509	569	571	432	357	0	443	784	715	764	337	616	321	353	469	335	
305	745	531	538	574	772	618	509	546	475	357	496	682	787	304	456	717	790	501	785	338	414	375	540	425	326	364	755	536	705	443	0	319	671	589	516	326	445	485	600	674	
684	620	615	484	561	452	363	510	743	507	739	483	392	656	470	705	670	771	337	709	375	637	629	475	354	795	637	372	664	441	784	319	0	768	763	594	720	580	726	365	438	
605	707	728	573	372	704	458	545	454	670	616	538	697	758	761	632	623	645	339	443	418	405	325	331	739	390	330	378	518	306	715	671	768	0	318	605	757	587	692	494	795	
579	673	500	426	598	339	561	438	304	645	771	597	332	646	318	689	470	320	449	747	716	637	311	754	482	401	749	620	304	419	764	589	763	318	0	630	686	694	600	691	446	
413	644	784	309	555	428	429	301	696	454	753	776	513	384	580	495	660	760	646	304	563	457	548	719	356	634	661	380	361	467	337	516	594	605	630	0	444	739	334	650	787	
747	421	531	450	584	350	596	497	451	639	324	635	695	387	618	370	645	767	341	321	567	409	695	330	383	650	382	552	767	758	616	326	720	757	686	444	0	646	563	680	775	
786	637	497	742	753	336	689	611	584	643	723	686	337	418	492	391	394	634	458	472	703	552	553	729	518	335	355	643	359	779	321	445	580	587	694	739	646	0	753	704	462	
669	671	357	633	730	414	595	414	302	771	601	762	332	780	300	788	583	583	307	446	640	654	557	561	499	511	320	337	354	552	353	485	726	692	600	334	563	753	0	428	524	
633	720	480	427	450	624	633	718	534	599	371	453	361	631	618	724	360	773	687	694	328	464	305	762	630	624	320	455	380	423	469	600	365	494	691	650	680	704	428	0	724	
346	583	302	646	573	741	364	710	312	443	524	798	612	545	686	694	664	524	346	526	498	643	568	484	474	444	789	520	723	717	335	674	438	795	446	787	775	462	524	724	0	
etats
Id_Station	Poids W	Min (P)	WSPT	Priorité	
1	8	317	35,22	1	
2	2	303	37,88	2	
3	4	312	39,00	3	
4	3	301	43,00	4	
5	9	306	43,71	5	
6	1	309	44,14	6	
7	1	309	44,14	7	
8	1	311	44,43	8	
9	7	314	44,86	9	
10	6	317	45,29	10	
11	3	303	50,50	11	
12	9	303	50,50	12	
13	5	304	50,67	13	
14	4	312	52,00	14	
15	2	312	52,00	15	
16	3	301	60,20	16	
17	3	301	60,20	17	
18	7	312	62,40	18	
19	4	300	75,00	19	
20	9	300	75,00	20	
21	9	301	75,25	21	
22	3	307	76,75	22	
23	7	308	77,00	23	
24	2	314	78,50	24	
25	2	317	79,25	25	
26	4	318	79,50	26	
27	3	305	101,67	27	
28	3	326	108,67	28	
29	4	301	150,50	29	
30	3	309	154,50	30	
31	3	312	156,00	31	
32	6	314	157,00	32	
33	7	341	170,50	33	
34	5	301	301,00	34	
35	1	302	302,00	35	
36	1	305	305,00	36	
37	4	306	306,00	37	
38	1	314	314,00	38	
39	1	317	317,00	39	
40	7	324	324,00	40	
