distances
0	496	377	369	763	577	461	740	793	610	545	427	736	626	338	688	501	790	440	426	722	630	428	728	759	753	520	569	723	787	429	647	335	744	631	787	661	600	753	631	363	
496	0	740	437	555	351	576	494	498	604	404	679	670	668	422	655	411	667	369	615	703	404	655	525	666	397	597	588	410	598	339	334	633	588	469	613	484	391	409	788	486	
377	740	0	649	550	526	385	773	697	457	787	478	771	547	698	360	343	487	314	772	738	748	529	638	670	731	605	450	303	387	323	480	573	397	738	795	723	795	744	761	585	
369	437	649	0	752	747	702	661	493	663	373	470	625	504	628	451	640	708	388	652	645	406	343	312	496	324	660	456	312	772	306	673	677	781	623	683	511	368	471	567	710	
763	555	550	752	0	340	525	520	799	486	522	309	766	599	578	394	478	603	763	793	385	302	395	311	661	768	433	388	436	337	365	378	603	545	543	777	400	538	567	518	626	
577	351	526	747	340	0	313	791	591	658	683	495	351	581	561	550	602	781	458	530	703	786	561	492	595	307	713	326	425	559	686	569	740	471	598	698	604	685	709	396	374	
461	576	385	702	525	313	0	720	502	753	338	786	621	789	632	543	643	604	530	392	760	735	648	641	737	483	568	462	761	384	303	550	718	651	791	395	412	354	675	659	549	
740	494	773	661	520	791	720	0	755	775	404	777	337	506	733	739	692	792	510	462	327	735	529	575	548	620	637	593	373	430	528	390	546	571	664	312	390	459	723	745	499	
793	498	697	493	799	591	502	755	0	314	772	590	617	651	567	668	438	306	705	391	572	524	602	335	559	799	503	408	630	737	383	634	553	418	620	338	745	755	558	373	740	
610	604	457	663	486	658	753	775	314	0	539	539	320	334	396	532	596	364	335	713	611	790	791	596	515	365	342	570	323	724	707	312	395	573	691	714	410	508	552	586	517	
545	404	787	373	522	683	338	404	772	539	0	386	362	622	681	409	535	691	325	786	478	599	713	391	474	574	600	464	429	560	413	543	444	657	417	536	407	686	683	431	698	
427	679	478	470	309	495	786	777	590	539	386	0	700	725	598	382	602	747	660	561	774	439	626	687	465	629	411	633	688	763	485	337	438	670	350	622	778	468	425	566	427	
736	670	771	625	766	351	621	337	617	320	362	700	0	381	400	587	414	466	530	583	664	460	574	579	615	339	304	477	532	560	732	579	757	736	363	734	367	469	571	690	671	
626	668	547	504	599	581	789	506	651	334	622	725	381	0	313	761	399	325	384	393	549	420	512	300	556	724	378	544	406	303	544	756	579	318	605	738	524	507	646	332	798	
338	422	698	628	578	561	632	733	567	396	681	598	400	313	0	707	519	658	623	354	399	701	768	748	756	511	326	782	444	455	317	419	762	499	433	328	362	362	768	420	302	
688	655	360	451	394	550	543	739	668	532	409	382	587	761	707	0	473	477	304	692	748	778	430	749	509	366	541	317	654	411	571	662	570	460	788	380	740	483	566	544	424	
501	411	343	640	478	602	643	692	438	596	535	602	414	399	519	473	0	539	784	436	464	699	583	407	324	683	387	375	497	328	710	414	721	350	787	536	564	357	347	721	361	
790	667	487	708	603	781	604	792	306	364	691	747	466	325	658	477	539	0	470	748	453	510	358	744	360	388	687	588	400	523	459	369	506	541	328	659	535	434	611	601	355	
440	369	314	388	763	458	530	510	705	335	325	660	530	384	623	304	784	470	0	631	429	753	630	336	740	780	448	617	787	567	437	611	742	371	363	544	583	677	435	464	462	
426	615	772	652	793	530	392	462	391	713	786	561	583	393	354	692	436	748	631	0	691	774	643	343	694	521	581	534	775	567	374	499	764	751	338	641	615	400	380	301	754	
722	703	738	645	385	703	760	327	572	611	478	774	664	549	399	748	464	453	429	691	0	365	797	338	372	313	617	304	396	372	580	617	354	503	485	725	770	322	543	575	517	
630	404	748	406	302	786	735	735	524	790	599	439	460	420	701	778	699	510	753	774	365	0	308	313	331	340	484	768	592	694	483	467	592	308	683	393	637	507	674	712	754	
428	655	529	343	395	561	648	529	602	791	713	626	574	512	768	430	583	358	630	643	797	308	0	657	464	593	534	481	345	460	729	648	750	629	767	648	721	405	572	629	662	
728	525	638	312	311	492	641	575	335	596	391	687	579	300	748	749	407	744	336	343	338	313	657	0	367	397	516	439	467	695	558	720	340	402	411	417	452	710	640	462	573	
759	666	670	496	661	595	737	548	559	515	474	465	615	556	756	509	324	360	740	694	372	331	464	367	0	677	711	739	415	767	597	576	378	312	333	407	612	371	792	523	603	
753	397	731	324	768	307	483	620	799	365	574	629	339	724	511	366	683	388	780	521	313	340	593	397	677	0	511	447	715	371	379	762	456	649	517	738	722	575	401	393	335	
520	597	605	660	433	713	568	637	503	342	600	411	304	378	326	541	387	687	448	581	617	484	534	516	711	511	0	427	300	426	761	650	555	756	321	344	339	654	737	314	643	
569	588	450	456	388	326	462	593	408	570	464	633	477	544	782	317	375	588	617	534	304	768	481	439	739	447	427	0	339	581	602	334	541	620	328	305	603	497	549	580	675	
723	410	303	312	436	425	761	373	630	323	429	688	532	406	444	654	497	400	787	775	396	592	345	467	415	715	300	339	0	581	693	716	786	469	362	572	565	582	335	329	660	
787	598	387	772	337	559	384	430	737	724	560	763	560	303	455	411	328	523	567	567	372	694	460	695	767	371	426	581	581	0	691	727	377	612	721	315	320	682	329	655	746	
429	339	323	306	365	686	303	528	383	707	413	485	732	544	317	571	710	459	437	374	580	483	729	558	597	379	761	602	693	691	0	500	306	507	496	489	322	636	654	703	687	
647	334	480	673	378	569	550	390	634	312	543	337	579	756	419	662	414	369	611	499	617	467	648	720	576	762	650	334	716	727	500	0	413	731	798	752	307	346	488	337	788	
335	633	573	677	603	740	718	546	553	395	444	438	757	579	762	570	721	506	742	764	354	592	750	340	378	456	555	541	786	377	306	413	0	744	455	326	594	401	319	396	510	
744	588	397	781	545	471	651	571	418	573	657	670	736	318	499	460	350	541	371	751	503	308	629	402	312	649	756	620	469	612	507	731	744	0	475	555	618	585	397	415	416	
631	469	738	623	543	598	791	664	620	691	417	350	363	605	433	788	787	328	363	338	485	683	767	411	333	517	321	328	362	721	496	798	455	475	0	651	797	369	321	491	389	
787	613	795	683	777	698	395	312	338	714	536	622	734	738	328	380	536	659	544	641	725	393	648	417	407	738	344	305	572	315	489	752	326	555	651	0	457	309	740	519	440	
661	484	723	511	400	604	412	390	745	410	407	778	367	524	362	740	564	535	583	615	770	637	721	452	612	722	339	603	565	320	322	307	594	618	797	457	0	513	319	651	765	
600	391	795	368	538	685	354	459	755	508	686	468	469	507	362	483	357	434	677	400	322	507	405	710	371	575	654	497	582	682	636	346	401	585	369	309	513	0	465	635	714	
753	409	744	471	567	709	675	723	558	552	683	425	571	646	768	566	347	611	435	380	543	674	572	640	792	401	737	549	335	329	654	488	319	397	321	740	319	465	0	690	358	
631	788	761	567	518	396	659	745	373	586	431	566	690	332	420	544	721	601	464	301	575	712	629	462	523	393	314	580	329	655	703	337	396	415	491	519	651	635	690	0	332	
363	486	585	710	626	374	549	499	740	517	698	427	671	798	302	424	361	355	462	754	517	754	662	573	603	335	643	675	660	746	687	788	510	416	389	440	765	714	358	332	0	
etats
Id_Station	Poids W	Min (P)	WSPT	Priorité	
1	1				
2	8				
3	3				
4	5				
5	3				
6	4				
7	8				
8	2				
9	8				
10	9				
11	2				
12	4				
13	9				
14	5				
15	3				
16	4				
17	8				
18	7				
19	8				
20	6				
21	9				
22	1				
23	1				
24	3				
25	2				
26	1				
27	5				
28	1				
29	1				
30	5				
31	8				
32	1				
33	1				
34	1				
35	8				
36	2				
37	3				
38	1				
39	3				
40	2				
