distances
0	793	721	532	603	492	485	767	372	796	485	405	622	754	400	450	601	318	796	491	515	775	332	507	628	411	769	613	461	684	451	564	541	727	522	441	545	690	755	372	545	
793	0	700	339	550	564	396	342	641	606	573	782	538	311	548	774	762	570	777	338	333	750	600	620	678	760	469	426	526	422	668	652	474	322	347	437	642	396	717	373	423	
721	700	0	336	629	793	792	350	414	511	755	533	786	515	648	515	399	759	393	439	369	610	461	311	357	438	320	505	648	394	333	686	649	720	393	401	555	451	734	311	490	
532	339	336	0	561	550	410	758	375	706	419	456	598	657	535	478	406	622	420	411	404	377	767	597	777	331	657	703	525	789	609	687	786	681	337	652	438	314	629	695	310	
603	550	629	561	0	454	669	620	570	520	338	609	700	345	364	483	521	509	789	777	432	481	328	578	509	671	667	672	379	554	481	775	698	745	395	435	511	757	383	600	417	
492	564	793	550	454	0	497	544	369	304	595	521	604	324	487	561	732	604	628	504	391	333	681	370	412	498	699	605	300	504	636	366	600	756	750	549	687	320	376	482	596	
485	396	792	410	669	497	0	714	634	352	381	708	452	774	758	466	555	386	720	431	424	529	583	437	382	416	472	667	334	524	542	733	796	384	516	597	411	443	333	466	780	
767	342	350	758	620	544	714	0	560	485	320	641	612	327	683	327	415	679	433	463	316	532	643	761	643	563	383	302	334	362	338	671	603	488	391	343	572	569	481	596	569	
372	641	414	375	570	369	634	560	0	672	321	530	365	771	328	496	496	439	732	658	541	686	751	406	378	640	621	403	689	531	446	675	746	655	536	569	565	406	311	377	636	
796	606	511	706	520	304	352	485	672	0	589	766	343	646	605	698	514	515	519	515	791	601	694	714	788	690	696	445	683	504	430	345	472	600	654	564	701	434	484	553	436	
485	573	755	419	338	595	381	320	321	589	0	443	471	538	558	784	358	413	724	644	763	768	706	336	596	681	798	370	345	421	646	371	612	653	565	576	394	452	492	676	563	
405	782	533	456	609	521	708	641	530	766	443	0	382	310	483	378	321	498	666	353	618	304	604	382	779	771	377	596	357	355	613	797	660	707	418	533	710	677	713	345	691	
622	538	786	598	700	604	452	612	365	343	471	382	0	420	675	360	744	384	630	448	458	752	762	530	487	761	634	506	386	393	705	308	596	363	591	450	420	302	454	782	625	
754	311	515	657	345	324	774	327	771	646	538	310	420	0	335	528	581	465	363	378	714	792	319	315	572	339	408	481	441	512	535	511	495	492	794	655	460	645	390	352	593	
400	548	648	535	364	487	758	683	328	605	558	483	675	335	0	527	316	655	592	473	654	552	793	665	772	716	612	496	749	404	305	357	556	705	535	479	481	485	327	769	480	
450	774	515	478	483	561	466	327	496	698	784	378	360	528	527	0	352	480	472	599	465	748	340	579	310	538	796	373	530	427	716	760	393	430	721	668	405	584	306	376	410	
601	762	399	406	521	732	555	415	496	514	358	321	744	581	316	352	0	603	625	629	381	382	734	547	686	662	442	637	681	570	477	399	513	725	625	667	463	470	533	516	567	
318	570	759	622	509	604	386	679	439	515	413	498	384	465	655	480	603	0	703	780	695	395	414	309	543	577	409	526	330	347	455	508	718	381	609	666	795	556	335	310	405	
796	777	393	420	789	628	720	433	732	519	724	666	630	363	592	472	625	703	0	569	530	516	672	343	739	631	323	637	386	784	493	460	798	395	409	552	682	436	635	702	653	
491	338	439	411	777	504	431	463	658	515	644	353	448	378	473	599	629	780	569	0	730	724	785	775	546	520	578	380	653	740	562	508	758	344	603	599	757	770	705	616	537	
515	333	369	404	432	391	424	316	541	791	763	618	458	714	654	465	381	695	530	730	0	517	719	450	380	474	686	435	559	534	704	608	464	594	321	314	775	409	735	307	407	
775	750	610	377	481	333	529	532	686	601	768	304	752	792	552	748	382	395	516	724	517	0	490	419	626	469	716	776	692	408	519	526	668	347	606	796	632	789	666	646	637	
332	600	461	767	328	681	583	643	751	694	706	604	762	319	793	340	734	414	672	785	719	490	0	741	488	568	626	603	694	333	594	312	626	752	454	358	588	639	653	609	709	
507	620	311	597	578	370	437	761	406	714	336	382	530	315	665	579	547	309	343	775	450	419	741	0	493	382	779	456	697	537	782	663	735	456	661	350	684	448	431	321	774	
628	678	357	777	509	412	382	643	378	788	596	779	487	572	772	310	686	543	739	546	380	626	488	493	0	370	697	767	781	781	396	658	388	678	511	475	322	443	357	778	388	
411	760	438	331	671	498	416	563	640	690	681	771	761	339	716	538	662	577	631	520	474	469	568	382	370	0	351	752	325	380	322	635	556	718	455	709	751	418	522	366	674	
769	469	320	657	667	699	472	383	621	696	798	377	634	408	612	796	442	409	323	578	686	716	626	779	697	351	0	536	495	357	323	535	673	566	504	734	334	514	660	545	496	
613	426	505	703	672	605	667	302	403	445	370	596	506	481	496	373	637	526	637	380	435	776	603	456	767	752	536	0	614	756	617	351	472	503	460	472	506	697	350	712	715	
461	526	648	525	379	300	334	334	689	683	345	357	386	441	749	530	681	330	386	653	559	692	694	697	781	325	495	614	0	685	691	375	729	328	346	570	550	766	754	438	478	
684	422	394	789	554	504	524	362	531	504	421	355	393	512	404	427	570	347	784	740	534	408	333	537	781	380	357	756	685	0	756	523	695	664	499	633	614	505	462	455	358	
451	668	333	609	481	636	542	338	446	430	646	613	705	535	305	716	477	455	493	562	704	519	594	782	396	322	323	617	691	756	0	705	750	609	433	721	316	662	767	638	553	
564	652	686	687	775	366	733	671	675	345	371	797	308	511	357	760	399	508	460	508	608	526	312	663	658	635	535	351	375	523	705	0	460	605	451	504	371	651	693	705	605	
541	474	649	786	698	600	796	603	746	472	612	660	596	495	556	393	513	718	798	758	464	668	626	735	388	556	673	472	729	695	750	460	0	679	431	494	762	332	463	335	668	
727	322	720	681	745	756	384	488	655	600	653	707	363	492	705	430	725	381	395	344	594	347	752	456	678	718	566	503	328	664	609	605	679	0	327	308	395	525	594	710	725	
522	347	393	337	395	750	516	391	536	654	565	418	591	794	535	721	625	609	409	603	321	606	454	661	511	455	504	460	346	499	433	451	431	327	0	455	395	640	487	749	584	
441	437	401	652	435	549	597	343	569	564	576	533	450	655	479	668	667	666	552	599	314	796	358	350	475	709	734	472	570	633	721	504	494	308	455	0	427	650	423	725	619	
545	642	555	438	511	687	411	572	565	701	394	710	420	460	481	405	463	795	682	757	775	632	588	684	322	751	334	506	550	614	316	371	762	395	395	427	0	628	538	635	382	
690	396	451	314	757	320	443	569	406	434	452	677	302	645	485	584	470	556	436	770	409	789	639	448	443	418	514	697	766	505	662	651	332	525	640	650	628	0	792	543	589	
755	717	734	629	383	376	333	481	311	484	492	713	454	390	327	306	533	335	635	705	735	666	653	431	357	522	660	350	754	462	767	693	463	594	487	423	538	792	0	614	638	
372	373	311	695	600	482	466	596	377	553	676	345	782	352	769	376	516	310	702	616	307	646	609	321	778	366	545	712	438	455	638	705	335	710	749	725	635	543	614	0	344	
545	423	490	310	417	596	780	569	636	436	563	691	625	593	480	410	567	405	653	537	407	637	709	774	388	674	496	715	478	358	553	605	668	725	584	619	382	589	638	344	0	
etats
Id_Station	Poids W	Min (P)	WSPT	Priorité	
1	3	302	33,56	1	
2	2	307	34,11	2	
3	7	309	34,33	3	
4	8	300	37,50	4	
5	9	318	39,75	5	
6	3	312	44,57	6	
7	1	300	50,00	7	
8	1	302	50,33	8	
9	1	307	51,17	9	
10	7	308	51,33	10	
11	2	318	53,00	11	
12	3	319	53,17	12	
13	5	320	53,33	13	
14	6	331	55,17	14	
15	8	314	62,80	15	
16	2	315	63,00	16	
17	9	305	76,25	17	
18	6	304	101,33	18	
19	9	305	101,67	19	
20	4	308	102,67	20	
21	5	309	103,00	21	
22	3	326	108,67	22	
23	9	339	113,00	23	
24	2	300	150,00	24	
25	1	302	151,00	25	
26	8	314	157,00	26	
27	7	336	168,00	27	
28	4	300	300,00	28	
29	7	301	301,00	29	
30	9	301	301,00	30	
31	4	302	302,00	31	
32	1	303	303,00	32	
33	1	304	304,00	33	
34	5	305	305,00	34	
35	7	306	306,00	35	
36	3	307	307,00	36	
37	7	309	309,00	37	
38	3	309	309,00	38	
39	8	315	315,00	39	
40	7	332	332,00	40	
