distances
0	386	570	310	568	413	590	441	437	417	490	353	585	703	478	493	339	300	396	679	391	
386	0	458	602	750	661	480	323	594	774	633	468	475	468	303	682	424	333	417	783	691	
570	458	0	637	519	720	782	314	398	342	678	403	620	699	595	715	782	449	324	555	608	
310	602	637	0	437	758	322	559	458	509	703	623	514	587	718	505	301	463	437	777	564	
568	750	519	437	0	460	639	605	485	460	413	347	398	382	436	352	319	694	767	552	560	
413	661	720	758	460	0	615	348	724	748	692	615	546	511	397	435	769	386	329	791	625	
590	480	782	322	639	615	0	709	561	758	773	710	763	517	553	722	609	347	387	611	546	
441	323	314	559	605	348	709	0	580	322	759	463	711	440	766	719	785	744	418	738	768	
437	594	398	458	485	724	561	580	0	503	481	651	631	779	303	730	467	677	524	375	577	
417	774	342	509	460	748	758	322	503	0	392	647	567	318	648	376	681	615	300	693	732	
490	633	678	703	413	692	773	759	481	392	0	356	633	418	522	760	585	437	689	766	444	
353	468	403	623	347	615	710	463	651	647	356	0	754	529	578	436	507	461	583	437	653	
585	475	620	514	398	546	763	711	631	567	633	754	0	407	690	596	384	697	693	628	596	
703	468	699	587	382	511	517	440	779	318	418	529	407	0	743	643	502	730	774	412	567	
478	303	595	718	436	397	553	766	303	648	522	578	690	743	0	735	716	490	784	578	457	
493	682	715	505	352	435	722	719	730	376	760	436	596	643	735	0	594	628	518	434	440	
339	424	782	301	319	769	609	785	467	681	585	507	384	502	716	594	0	527	713	558	513	
300	333	449	463	694	386	347	744	677	615	437	461	697	730	490	628	527	0	557	781	488	
396	417	324	437	767	329	387	418	524	300	689	583	693	774	784	518	713	557	0	435	744	
679	783	555	777	552	791	611	738	375	693	766	437	628	412	578	434	558	781	435	0	514	
391	691	608	564	560	625	546	768	577	732	444	653	596	567	457	440	513	488	744	514	0	
etats
Id_Station	Poids W	Min (P)	WSPT	Priorité	
1	7				
2	6				
3	5				
4	9				
5	1				
6	2				
7	8				
8	9				
9	4				
10	5				
11	7				
12	1				
13	5				
14	5				
15	5				
16	7				
17	3				
18	6				
19	7				
20	3				
