distances
0	638	331	550	502	316	778	333	400	582	491	425	630	667	500	378	711	634	500	457	412	
638	0	460	730	729	620	416	542	397	311	784	429	638	500	756	399	535	618	471	369	310	
331	460	0	741	759	499	508	331	629	652	464	443	638	642	675	674	483	721	587	693	429	
550	730	741	0	429	347	432	336	699	306	639	601	612	557	468	542	623	580	770	316	306	
502	729	759	429	0	717	331	716	308	789	350	539	775	649	309	595	425	625	778	520	641	
316	620	499	347	717	0	357	600	393	481	314	496	398	775	582	300	717	422	390	430	518	
778	416	508	432	331	357	0	506	440	787	688	420	719	694	640	346	768	483	712	367	494	
333	542	331	336	716	600	506	0	359	656	727	578	712	636	715	335	743	682	742	491	487	
400	397	629	699	308	393	440	359	0	573	751	591	587	778	362	579	605	475	408	344	371	
582	311	652	306	789	481	787	656	573	0	441	577	520	452	707	768	654	520	714	659	729	
491	784	464	639	350	314	688	727	751	441	0	536	471	613	460	669	541	348	418	348	735	
425	429	443	601	539	496	420	578	591	577	536	0	730	505	655	343	742	732	731	418	386	
630	638	638	612	775	398	719	712	587	520	471	730	0	414	460	367	529	543	667	707	675	
667	500	642	557	649	775	694	636	778	452	613	505	414	0	608	407	382	735	659	759	551	
500	756	675	468	309	582	640	715	362	707	460	655	460	608	0	786	776	381	704	678	656	
378	399	674	542	595	300	346	335	579	768	669	343	367	407	786	0	620	535	545	313	413	
711	535	483	623	425	717	768	743	605	654	541	742	529	382	776	620	0	517	370	435	703	
634	618	721	580	625	422	483	682	475	520	348	732	543	735	381	535	517	0	726	423	552	
500	471	587	770	778	390	712	742	408	714	418	731	667	659	704	545	370	726	0	731	300	
457	369	693	316	520	430	367	491	344	659	348	418	707	759	678	313	435	423	731	0	328	
412	310	429	306	641	518	494	487	371	729	735	386	675	551	656	413	703	552	300	328	0	
etats
Id_Station	Poids W	Min (P)	WSPT	Priorité	
1	7				
2	1				
3	1				
4	9				
5	7				
6	3				
7	4				
8	4				
9	5				
10	6				
11	4				
12	8				
13	9				
14	4				
15	8				
16	1				
17	5				
18	1				
19	2				
20	2				

