distances
0	502	428	609	702	319	300	458	677	758	701	714	374	775	313	645	529	516	460	354	740	
502	0	556	445	763	502	321	449	637	702	674	649	506	719	421	617	304	344	307	398	589	
428	556	0	790	635	512	336	308	533	481	770	502	437	651	735	763	756	747	739	500	431	
609	445	790	0	779	683	559	574	546	476	434	450	346	682	462	629	722	561	509	600	303	
702	763	635	779	0	372	543	639	414	558	491	323	591	658	311	408	348	549	713	761	440	
319	502	512	683	372	0	302	596	741	504	495	372	445	467	617	699	374	337	703	427	408	
300	321	336	559	543	302	0	579	623	543	679	761	424	420	394	590	542	662	622	383	533	
458	449	308	574	639	596	579	0	699	750	530	726	506	635	331	430	591	566	367	307	381	
677	637	533	546	414	741	623	699	0	561	431	471	674	486	321	440	569	645	620	768	679	
758	702	481	476	558	504	543	750	561	0	604	715	662	737	445	383	524	500	457	508	364	
701	674	770	434	491	495	679	530	431	604	0	795	303	352	581	330	649	743	397	314	708	
714	649	502	450	323	372	761	726	471	715	795	0	306	795	746	478	302	706	699	625	474	
374	506	437	346	591	445	424	506	674	662	303	306	0	652	360	711	300	379	656	665	539	
775	719	651	682	658	467	420	635	486	737	352	795	652	0	322	554	445	777	644	649	403	
313	421	735	462	311	617	394	331	321	445	581	746	360	322	0	493	628	575	624	520	564	
645	617	763	629	408	699	590	430	440	383	330	478	711	554	493	0	345	399	445	733	390	
529	304	756	722	348	374	542	591	569	524	649	302	300	445	628	345	0	536	780	641	778	
516	344	747	561	549	337	662	566	645	500	743	706	379	777	575	399	536	0	548	732	321	
460	307	739	509	713	703	622	367	620	457	397	699	656	644	624	445	780	548	0	621	467	
354	398	500	600	761	427	383	307	768	508	314	625	665	649	520	733	641	732	621	0	494	
740	589	431	303	440	408	533	381	679	364	708	474	539	403	564	390	778	321	467	494	0	
etats
Id_Station	Poids W	Min (P)	WSPT	Priorité	
1	2				
2	2				
3	1				
4	9				
5	4				
6	5				
7	6				
8	6				
9	9				
10	8				
11	1				
12	7				
13	1				
14	7				
15	6				
16	8				
17	2				
18	4				
19	9				
20	6				
