distances
0	678	303	407	652	539	625	644	691	325	595	722	766	313	652	737	629	351	547	748	699	
678	0	794	796	613	347	611	530	590	761	657	656	373	742	637	487	445	676	745	442	500	
303	794	0	753	446	635	712	382	517	787	643	697	706	660	450	728	600	384	769	667	794	
407	796	753	0	781	573	606	384	590	506	649	497	515	650	487	632	390	734	712	339	320	
652	613	446	781	0	585	586	562	491	310	572	588	394	372	505	520	624	618	693	592	578	
539	347	635	573	585	0	721	300	640	651	392	619	472	639	650	797	379	437	544	771	352	
625	611	712	606	586	721	0	317	732	671	494	781	409	616	600	308	723	413	625	482	700	
644	530	382	384	562	300	317	0	592	774	733	564	394	420	397	314	712	663	606	724	676	
691	590	517	590	491	640	732	592	0	732	662	420	761	308	458	782	754	642	398	352	583	
325	761	787	506	310	651	671	774	732	0	447	694	346	611	431	404	704	568	681	698	734	
595	657	643	649	572	392	494	733	662	447	0	721	763	461	353	763	361	790	401	597	779	
722	656	697	497	588	619	781	564	420	694	721	0	382	429	730	714	656	590	553	583	427	
766	373	706	515	394	472	409	394	761	346	763	382	0	370	617	425	609	455	614	533	559	
313	742	660	650	372	639	616	420	308	611	461	429	370	0	604	798	349	478	505	723	695	
652	637	450	487	505	650	600	397	458	431	353	730	617	604	0	561	592	746	584	670	528	
737	487	728	632	520	797	308	314	782	404	763	714	425	798	561	0	719	356	370	461	489	
629	445	600	390	624	379	723	712	754	704	361	656	609	349	592	719	0	603	789	505	764	
351	676	384	734	618	437	413	663	642	568	790	590	455	478	746	356	603	0	560	571	715	
547	745	769	712	693	544	625	606	398	681	401	553	614	505	584	370	789	560	0	671	480	
748	442	667	339	592	771	482	724	352	698	597	583	533	723	670	461	505	571	671	0	336	
699	500	794	320	578	352	700	676	583	734	779	427	559	695	528	489	764	715	480	336	0	
etats
Id_Station	Poids W	Min (P)	WSPT	Priorité	
1	4				
2	1				
3	5				
4	9				
5	4				
6	1				
7	9				
8	6				
9	4				
10	2				
11	8				
12	1				
13	2				
14	8				
15	1				
16	9				
17	7				
18	1				
19	5				
20	2				
