distances
0	383	585	657	309	331	517	764	743	648	417	321	465	387	471	429	650	596	697	579	334	
383	0	327	363	736	572	525	364	318	313	403	636	743	372	469	744	726	537	601	316	479	
585	327	0	450	530	387	694	407	701	689	683	499	476	521	493	499	375	329	530	381	333	
657	363	450	0	642	567	631	550	720	423	439	725	403	383	718	546	495	789	577	460	678	
309	736	530	642	0	549	431	734	724	526	487	413	498	682	396	724	577	694	607	569	734	
331	572	387	567	549	0	356	397	300	527	762	706	343	410	327	682	683	715	546	502	319	
517	525	694	631	431	356	0	463	400	648	310	678	791	783	455	415	679	683	714	521	433	
764	364	407	550	734	397	463	0	599	482	682	534	684	371	331	742	725	417	772	643	440	
743	318	701	720	724	300	400	599	0	646	414	450	462	552	702	687	715	380	540	585	629	
648	313	689	423	526	527	648	482	646	0	430	531	670	596	686	455	445	338	314	610	753	
417	403	683	439	487	762	310	682	414	430	0	366	609	347	570	709	469	368	644	472	305	
321	636	499	725	413	706	678	534	450	531	366	0	351	694	401	721	757	562	466	597	694	
465	743	476	403	498	343	791	684	462	670	609	351	0	496	679	740	795	779	412	653	317	
387	372	521	383	682	410	783	371	552	596	347	694	496	0	559	678	446	666	787	759	664	
471	469	493	718	396	327	455	331	702	686	570	401	679	559	0	706	737	367	748	561	536	
429	744	499	546	724	682	415	742	687	455	709	721	740	678	706	0	579	770	582	525	484	
650	726	375	495	577	683	679	725	715	445	469	757	795	446	737	579	0	497	635	498	653	
596	537	329	789	694	715	683	417	380	338	368	562	779	666	367	770	497	0	786	322	466	
697	601	530	577	607	546	714	772	540	314	644	466	412	787	748	582	635	786	0	725	408	
579	316	381	460	569	502	521	643	585	610	472	597	653	759	561	525	498	322	725	0	607	
334	479	333	678	734	319	433	440	629	753	305	694	317	664	536	484	653	466	408	607	0	
etats
Id_Station	Poids W	Min (P)	WSPT	Priorité	
1	7				
2	2				
3	5				
4	1				
5	1				
6	2				
7	8				
8	5				
9	7				
10	2				
11	8				
12	2				
13	9				
14	7				
15	8				
16	5				
17	6				
18	1				
19	8				
20	2				

