distances
0	393	588	463	380	661	656	637	751	447	735	467	493	363	457	303	557	628	778	410	444	
393	0	329	616	382	356	335	640	477	789	727	362	311	702	416	641	686	498	589	507	301	
588	329	0	782	716	609	483	479	325	313	605	490	300	336	479	305	551	719	787	478	349	
463	616	782	0	723	413	644	388	542	524	308	426	467	757	403	329	540	618	691	391	364	
380	382	716	723	0	468	408	413	648	480	502	799	520	403	561	513	798	464	419	599	695	
661	356	609	413	468	0	616	341	649	668	648	643	549	772	728	433	319	718	676	691	779	
656	335	483	644	408	616	0	495	365	626	775	354	640	605	482	723	700	578	486	486	383	
637	640	479	388	413	341	495	0	558	756	507	550	581	519	444	492	347	522	789	742	695	
751	477	325	542	648	649	365	558	0	677	621	546	631	588	306	342	311	738	411	396	341	
447	789	313	524	480	668	626	756	677	0	362	570	449	317	580	329	762	550	733	759	518	
735	727	605	308	502	648	775	507	621	362	0	692	515	637	719	525	417	375	517	751	529	
467	362	490	426	799	643	354	550	546	570	692	0	758	513	556	578	493	501	686	334	763	
493	311	300	467	520	549	640	581	631	449	515	758	0	587	563	786	451	713	625	576	762	
363	702	336	757	403	772	605	519	588	317	637	513	587	0	385	724	638	725	621	591	692	
457	416	479	403	561	728	482	444	306	580	719	556	563	385	0	729	696	538	765	397	478	
303	641	305	329	513	433	723	492	342	329	525	578	786	724	729	0	481	600	474	347	477	
557	686	551	540	798	319	700	347	311	762	417	493	451	638	696	481	0	720	618	461	662	
628	498	719	618	464	718	578	522	738	550	375	501	713	725	538	600	720	0	360	470	389	
778	589	787	691	419	676	486	789	411	733	517	686	625	621	765	474	618	360	0	648	349	
410	507	478	391	599	691	486	742	396	759	751	334	576	591	397	347	461	470	648	0	368	
444	301	349	364	695	779	383	695	341	518	529	763	762	692	478	477	662	389	349	368	0	
etats
Id_Station	Poids W	Min (P)	WSPT	Priorité	
1	2				
2	3				
3	2				
4	1				
5	8				
6	4				
7	1				
8	9				
9	3				
10	3				
11	4				
12	8				
13	1				
14	3				
15	7				
16	5				
17	7				
18	4				
19	1				
20	8				

