distances
0	661	561	569	457	731	454	455	630	730	383	650	761	354	665	574	552	512	332	369	355	
661	0	595	331	350	384	556	506	558	347	723	412	352	376	793	352	306	710	756	620	799	
561	595	0	587	650	391	607	371	596	456	420	762	642	646	483	455	448	417	719	402	754	
569	331	587	0	315	670	677	531	431	399	733	334	766	596	491	752	625	633	798	371	685	
457	350	650	315	0	587	416	758	328	791	385	714	615	601	372	315	376	477	485	550	652	
731	384	391	670	587	0	724	337	615	715	779	670	503	303	655	315	351	499	504	508	379	
454	556	607	677	416	724	0	776	548	730	312	735	744	466	591	473	358	444	407	399	453	
455	506	371	531	758	337	776	0	305	368	767	711	620	385	563	454	718	733	361	485	490	
630	558	596	431	328	615	548	305	0	758	715	366	377	428	772	484	584	715	356	550	421	
730	347	456	399	791	715	730	368	758	0	442	682	311	625	522	693	578	739	682	724	314	
383	723	420	733	385	779	312	767	715	442	0	773	376	464	773	720	598	668	347	702	754	
650	412	762	334	714	670	735	711	366	682	773	0	441	692	584	411	404	574	600	716	608	
761	352	642	766	615	503	744	620	377	311	376	441	0	638	509	314	335	692	617	431	787	
354	376	646	596	601	303	466	385	428	625	464	692	638	0	689	598	650	435	612	672	626	
665	793	483	491	372	655	591	563	772	522	773	584	509	689	0	486	409	309	731	717	472	
574	352	455	752	315	315	473	454	484	693	720	411	314	598	486	0	424	503	593	350	635	
552	306	448	625	376	351	358	718	584	578	598	404	335	650	409	424	0	584	396	737	574	
512	710	417	633	477	499	444	733	715	739	668	574	692	435	309	503	584	0	302	500	725	
332	756	719	798	485	504	407	361	356	682	347	600	617	612	731	593	396	302	0	521	398	
369	620	402	371	550	508	399	485	550	724	702	716	431	672	717	350	737	500	521	0	529	
355	799	754	685	652	379	453	490	421	314	754	608	787	626	472	635	574	725	398	529	0	
etats
Id_Station	Poids W	Min (P)	WSPT	Priorité	
1	6				
2	6				
3	7				
4	8				
5	5				
6	6				
7	8				
8	4				
9	4				
10	4				
11	5				
12	4				
13	4				
14	7				
15	6				
16	4				
17	4				
18	6				
19	3				
20	1				

