distances
0	706	627	735	412	670	524	413	660	685	516	496	365	776	375	366	725	346	372	734	510	
706	0	411	547	334	682	532	580	450	474	337	307	494	742	719	714	707	610	638	583	545	
627	411	0	455	483	771	728	318	309	424	387	420	311	577	785	604	561	487	405	657	450	
735	547	455	0	575	604	465	552	647	655	479	323	781	559	711	554	355	373	615	737	567	
412	334	483	575	0	687	606	319	306	506	404	797	318	311	782	750	381	426	673	739	789	
670	682	771	604	687	0	611	739	414	383	553	550	468	644	473	570	736	378	434	664	323	
524	532	728	465	606	611	0	612	558	439	692	425	770	766	438	462	735	390	480	775	420	
413	580	318	552	319	739	612	0	536	432	530	768	709	625	569	451	359	394	572	736	444	
660	450	309	647	306	414	558	536	0	620	788	320	443	503	693	697	477	667	757	331	796	
685	474	424	655	506	383	439	432	620	0	744	390	767	395	664	546	399	689	532	413	724	
516	337	387	479	404	553	692	530	788	744	0	634	693	642	423	306	664	655	372	410	619	
496	307	420	323	797	550	425	768	320	390	634	0	682	458	607	505	406	576	336	319	727	
365	494	311	781	318	468	770	709	443	767	693	682	0	523	579	539	672	685	684	731	393	
776	742	577	559	311	644	766	625	503	395	642	458	523	0	720	508	644	799	623	590	370	
375	719	785	711	782	473	438	569	693	664	423	607	579	720	0	725	406	642	362	663	373	
366	714	604	554	750	570	462	451	697	546	306	505	539	508	725	0	620	792	389	672	584	
725	707	561	355	381	736	735	359	477	399	664	406	672	644	406	620	0	604	310	741	559	
346	610	487	373	426	378	390	394	667	689	655	576	685	799	642	792	604	0	411	698	561	
372	638	405	615	673	434	480	572	757	532	372	336	684	623	362	389	310	411	0	736	717	
734	583	657	737	739	664	775	736	331	413	410	319	731	590	663	672	741	698	736	0	697	
510	545	450	567	789	323	420	444	796	724	619	727	393	370	373	584	559	561	717	697	0	
etats
Id_Station	Poids W	Min (P)	WSPT	Priorité	
1	9				
2	1				
3	1				
4	1				
5	1				
6	1				
7	7				
8	9				
9	1				
10	1				
11	9				
12	6				
13	5				
14	5				
15	9				
16	1				
17	7				
18	1				
19	1				
20	1				

