distances
0	526	309	447	395	525	316	502	754	713	364	775	504	749	742	329	753	483	355	392	704	
526	0	483	739	764	798	668	458	332	477	418	497	327	621	631	695	533	346	536	486	626	
309	483	0	504	643	706	704	368	438	411	413	399	732	338	651	766	634	385	717	686	716	
447	739	504	0	470	564	648	321	762	303	573	694	520	302	689	406	476	367	344	602	469	
395	764	643	470	0	667	575	645	447	504	687	699	658	415	574	475	423	370	661	772	414	
525	798	706	564	667	0	381	726	369	304	586	675	452	712	552	500	554	791	483	543	487	
316	668	704	648	575	381	0	361	777	487	410	739	348	692	720	518	502	385	477	776	436	
502	458	368	321	645	726	361	0	426	720	489	546	459	655	764	704	788	637	425	413	598	
754	332	438	762	447	369	777	426	0	337	615	594	771	699	336	680	392	582	792	511	572	
713	477	411	303	504	304	487	720	337	0	653	392	499	363	598	402	792	701	645	797	780	
364	418	413	573	687	586	410	489	615	653	0	497	414	410	365	396	769	363	384	398	645	
775	497	399	694	699	675	739	546	594	392	497	0	383	529	793	518	499	409	702	512	522	
504	327	732	520	658	452	348	459	771	499	414	383	0	549	571	396	487	360	372	659	648	
749	621	338	302	415	712	692	655	699	363	410	529	549	0	311	609	368	388	735	515	344	
742	631	651	689	574	552	720	764	336	598	365	793	571	311	0	334	530	410	718	765	479	
329	695	766	406	475	500	518	704	680	402	396	518	396	609	334	0	768	314	538	605	576	
753	533	634	476	423	554	502	788	392	792	769	499	487	368	530	768	0	405	430	389	465	
483	346	385	367	370	791	385	637	582	701	363	409	360	388	410	314	405	0	652	593	309	
355	536	717	344	661	483	477	425	792	645	384	702	372	735	718	538	430	652	0	659	783	
392	486	686	602	772	543	776	413	511	797	398	512	659	515	765	605	389	593	659	0	738	
704	626	716	469	414	487	436	598	572	780	645	522	648	344	479	576	465	309	783	738	0	
etats
Id_Station	Poids W	Min (P)	WSPT	Priorité	
1	4				
2	6				
3	3				
4	1				
5	3				
6	4				
7	8				
8	7				
9	9				
10	5				
11	9				
12	7				
13	5				
14	1				
15	6				
16	1				
17	3				
18	6				
19	3				
20	9				
