distances
0	307	338	493	317	481	651	580	510	527	747	702	636	374	527	715	439	524	636	331	556	
307	0	610	476	357	772	644	354	791	505	658	557	313	798	551	327	566	446	614	429	450	
338	610	0	471	599	312	584	502	348	609	469	336	318	562	759	415	470	589	690	641	794	
493	476	471	0	459	732	413	628	667	332	328	774	447	685	782	301	460	386	309	443	764	
317	357	599	459	0	562	364	304	510	735	785	692	752	310	305	442	383	487	494	669	452	
481	772	312	732	562	0	630	617	552	771	566	743	781	520	548	358	405	432	791	316	555	
651	644	584	413	364	630	0	783	673	424	648	356	426	518	636	728	673	722	368	428	707	
580	354	502	628	304	617	783	0	697	717	619	374	783	361	629	616	416	738	522	559	660	
510	791	348	667	510	552	673	697	0	457	385	315	405	408	315	501	591	533	706	473	773	
527	505	609	332	735	771	424	717	457	0	685	513	587	351	702	481	313	558	642	352	502	
747	658	469	328	785	566	648	619	385	685	0	663	431	522	418	323	306	443	727	337	518	
702	557	336	774	692	743	356	374	315	513	663	0	567	605	592	728	355	706	458	430	659	
636	313	318	447	752	781	426	783	405	587	431	567	0	618	324	660	769	584	323	520	357	
374	798	562	685	310	520	518	361	408	351	522	605	618	0	558	304	476	363	468	323	652	
527	551	759	782	305	548	636	629	315	702	418	592	324	558	0	413	697	524	616	676	575	
715	327	415	301	442	358	728	616	501	481	323	728	660	304	413	0	430	663	388	704	680	
439	566	470	460	383	405	673	416	591	313	306	355	769	476	697	430	0	414	368	733	462	
524	446	589	386	487	432	722	738	533	558	443	706	584	363	524	663	414	0	719	629	769	
636	614	690	309	494	791	368	522	706	642	727	458	323	468	616	388	368	719	0	333	627	
331	429	641	443	669	316	428	559	473	352	337	430	520	323	676	704	733	629	333	0	724	
556	450	794	764	452	555	707	660	773	502	518	659	357	652	575	680	462	769	627	724	0	
etats
Id_Station	Poids W	Min (P)	WSPT	Priorité	
1	3				
2	4				
3	1				
4	3				
5	4				
6	5				
7	1				
8	8				
9	7				
10	6				
11	6				
12	7				
13	4				
14	5				
15	1				
16	1				
17	3				
18	5				
19	3				
20	2				
 
