distances
0	389	622	458	352	656	544	656	781	461	581	304	328	346	504	343	727	789	370	767	403	
389	0	685	350	484	520	438	301	724	358	465	571	448	462	320	622	440	601	764	799	718	
622	685	0	367	348	672	715	585	620	669	641	323	500	720	361	743	636	547	635	300	488	
458	350	367	0	342	767	556	495	686	790	386	595	375	352	345	414	377	405	396	539	475	
352	484	348	342	0	727	378	622	557	427	389	669	473	485	303	722	316	314	424	776	317	
656	520	672	767	727	0	530	517	799	709	599	671	510	315	306	683	362	657	624	362	442	
544	438	715	556	378	530	0	788	416	328	553	340	352	541	680	628	660	350	328	611	756	
656	301	585	495	622	517	788	0	408	794	390	336	600	363	640	377	609	304	339	439	521	
781	724	620	686	557	799	416	408	0	647	365	578	746	750	335	321	360	582	329	696	425	
461	358	669	790	427	709	328	794	647	0	586	305	711	734	431	717	475	636	531	346	687	
581	465	641	386	389	599	553	390	365	586	0	406	635	605	501	417	364	779	409	377	433	
304	571	323	595	669	671	340	336	578	305	406	0	667	771	491	724	498	359	696	401	644	
328	448	500	375	473	510	352	600	746	711	635	667	0	626	484	561	686	691	697	705	652	
346	462	720	352	485	315	541	363	750	734	605	771	626	0	725	418	637	589	524	379	644	
504	320	361	345	303	306	680	640	335	431	501	491	484	725	0	789	711	327	427	373	796	
343	622	743	414	722	683	628	377	321	717	417	724	561	418	789	0	642	568	389	611	689	
727	440	636	377	316	362	660	609	360	475	364	498	686	637	711	642	0	589	757	315	621	
789	601	547	405	314	657	350	304	582	636	779	359	691	589	327	568	589	0	665	554	668	
370	764	635	396	424	624	328	339	329	531	409	696	697	524	427	389	757	665	0	735	797	
767	799	300	539	776	362	611	439	696	346	377	401	705	379	373	611	315	554	735	0	364	
403	718	488	475	317	442	756	521	425	687	433	644	652	644	796	689	621	668	797	364	0	
etats
Id_Station	Poids W	Min (P)	WSPT	Priorité	
1	8				
2	7				
3	9				
4	4				
5	9				
6	3				
7	9				
8	7				
9	7				
10	5				
11	5				
12	1				
13	7				
14	1				
15	7				
16	2				
17	8				
18	1				
19	1				
20	2				
 