distances
0	715	630	371	726	343	583	701	670	720	337	703	685	583	600	395	367	758	651	723	678	
715	0	713	313	757	787	596	451	787	468	449	775	768	793	385	775	469	728	451	487	619	
630	713	0	501	352	650	767	633	521	356	339	582	488	391	362	511	747	324	453	641	385	
371	313	501	0	554	691	654	555	529	476	398	592	756	709	780	681	386	594	564	706	784	
726	757	352	554	0	381	795	705	564	735	790	508	769	592	674	724	399	520	389	318	673	
343	787	650	691	381	0	330	489	491	447	340	341	480	694	606	689	374	572	499	347	396	
583	596	767	654	795	330	0	509	562	543	586	617	410	363	397	508	388	676	392	509	656	
701	451	633	555	705	489	509	0	560	518	314	615	545	656	394	479	379	321	733	467	498	
670	787	521	529	564	491	562	560	0	446	764	544	564	487	712	654	428	685	722	619	425	
720	468	356	476	735	447	543	518	446	0	356	408	545	756	747	455	733	660	685	736	514	
337	449	339	398	790	340	586	314	764	356	0	618	400	784	658	555	409	371	736	544	450	
703	775	582	592	508	341	617	615	544	408	618	0	535	796	695	673	635	550	394	722	509	
685	768	488	756	769	480	410	545	564	545	400	535	0	362	506	688	586	658	725	790	616	
583	793	391	709	592	694	363	656	487	756	784	796	362	0	450	321	369	459	426	624	576	
600	385	362	780	674	606	397	394	712	747	658	695	506	450	0	453	738	367	371	528	733	
395	775	511	681	724	689	508	479	654	455	555	673	688	321	453	0	650	633	428	625	580	
367	469	747	386	399	374	388	379	428	733	409	635	586	369	738	650	0	753	409	534	502	
758	728	324	594	520	572	676	321	685	660	371	550	658	459	367	633	753	0	598	629	330	
651	451	453	564	389	499	392	733	722	685	736	394	725	426	371	428	409	598	0	342	317	
723	487	641	706	318	347	509	467	619	736	544	722	790	624	528	625	534	629	342	0	745	
678	619	385	784	673	396	656	498	425	514	450	509	616	576	733	580	502	330	317	745	0	
etats
Id_Station	Poids W	Min (P)	WSPT	Priorité	
1	1				
2	6				
3	6				
4	1				
5	7				
6	1				
7	8				
8	5				
9	1				
10	4				
11	8				
12	7				
13	1				
14	6				
15	3				
16	7				
17	3				
18	2				
19	9				
20	3				
 
