distances
0	613	568	648	399	321	519	558	394	661	444	594	784	497	785	366	463	498	786	593	699	
613	0	485	511	500	352	635	773	429	424	318	345	535	496	401	698	332	539	627	374	732	
568	485	0	361	722	760	409	615	468	468	338	588	710	601	760	641	650	446	415	527	741	
648	511	361	0	749	599	645	599	431	312	370	542	592	633	506	377	799	757	314	637	757	
399	500	722	749	0	409	558	355	309	313	558	735	523	735	645	319	387	538	548	489	486	
321	352	760	599	409	0	700	601	625	504	607	474	357	305	313	337	729	424	592	557	496	
519	635	409	645	558	700	0	402	570	448	665	650	406	429	426	519	664	637	402	527	595	
558	773	615	599	355	601	402	0	466	532	436	440	563	730	413	402	323	634	382	665	674	
394	429	468	431	309	625	570	466	0	347	343	370	604	761	455	560	449	792	609	345	434	
661	424	468	312	313	504	448	532	347	0	494	346	799	356	773	570	650	713	599	446	663	
444	318	338	370	558	607	665	436	343	494	0	514	416	739	692	394	609	390	540	481	797	
594	345	588	542	735	474	650	440	370	346	514	0	475	379	750	435	344	772	635	482	336	
784	535	710	592	523	357	406	563	604	799	416	475	0	508	737	531	645	326	719	789	490	
497	496	601	633	735	305	429	730	761	356	739	379	508	0	553	652	655	769	489	323	776	
785	401	760	506	645	313	426	413	455	773	692	750	737	553	0	712	450	554	719	445	738	
366	698	641	377	319	337	519	402	560	570	394	435	531	652	712	0	443	431	582	552	650	
463	332	650	799	387	729	664	323	449	650	609	344	645	655	450	443	0	546	644	461	794	
498	539	446	757	538	424	637	634	792	713	390	772	326	769	554	431	546	0	521	355	427	
786	627	415	314	548	592	402	382	609	599	540	635	719	489	719	582	644	521	0	699	347	
593	374	527	637	489	557	527	665	345	446	481	482	789	323	445	552	461	355	699	0	303	
699	732	741	757	486	496	595	674	434	663	797	336	490	776	738	650	794	427	347	303	0	
etats
Id_Station	Poids W	Min (P)	WSPT	Priorité	
1	9				
2	9				
3	5				
4	8				
5	6				
6	1				
7	2				
8	9				
9	4				
10	1				
11	7				
12	3				
13	8				
14	6				
15	9				
16	4				
17	5				
18	5				
19	2				
20	2				
 
