distances
0	747	557	665	667	466	632	390	455	497	391	737	577	369	737	528	665	430	692	310	566	
747	0	678	576	527	736	647	666	773	547	741	443	735	575	798	330	616	332	763	473	761	
557	678	0	303	690	629	614	724	646	705	608	690	471	530	780	687	506	677	453	361	574	
665	576	303	0	714	547	481	446	350	753	690	568	438	798	472	459	446	642	694	519	374	
667	527	690	714	0	732	433	771	539	601	507	762	427	765	309	592	597	394	307	733	665	
466	736	629	547	732	0	457	453	795	750	698	436	601	633	400	570	427	590	410	379	738	
632	647	614	481	433	457	0	455	660	476	382	622	356	489	347	422	576	761	636	598	322	
390	666	724	446	771	453	455	0	468	309	583	783	312	535	777	488	338	758	434	671	499	
455	773	646	350	539	795	660	468	0	692	667	392	729	391	568	507	388	759	375	476	457	
497	547	705	753	601	750	476	309	692	0	712	720	484	302	601	314	723	635	342	440	460	
391	741	608	690	507	698	382	583	667	712	0	642	601	323	412	450	701	375	461	731	690	
737	443	690	568	762	436	622	783	392	720	642	0	522	447	436	680	562	663	627	324	455	
577	735	471	438	427	601	356	312	729	484	601	522	0	602	535	737	328	788	688	326	486	
369	575	530	798	765	633	489	535	391	302	323	447	602	0	532	687	654	467	328	360	792	
737	798	780	472	309	400	347	777	568	601	412	436	535	532	0	682	364	501	671	507	312	
528	330	687	459	592	570	422	488	507	314	450	680	737	687	682	0	577	344	609	448	596	
665	616	506	446	597	427	576	338	388	723	701	562	328	654	364	577	0	787	340	569	769	
430	332	677	642	394	590	761	758	759	635	375	663	788	467	501	344	787	0	329	491	558	
692	763	453	694	307	410	636	434	375	342	461	627	688	328	671	609	340	329	0	596	798	
310	473	361	519	733	379	598	671	476	440	731	324	326	360	507	448	569	491	596	0	424	
566	761	574	374	665	738	322	499	457	460	690	455	486	792	312	596	769	558	798	424	0	
etats
Id_Station	Poids W	Min (P)	WSPT	Priorité	
1	5				
2	8				
3	1				
4	6				
5	6				
6	7				
7	3				
8	2				
9	8				
10	6				
11	9				
12	4				
13	5				
14	4				
15	2				
16	7				
17	1				
18	8				
19	2				
20	1				
 
