distances
0	771	373	708	318	676	344	319	705	489	553	595	576	666	671	331	460	635	675	678	489	
771	0	427	757	792	374	550	440	575	664	719	669	572	705	496	619	622	442	364	312	544	
373	427	0	500	432	461	376	789	403	569	778	352	328	657	703	383	533	585	333	312	672	
708	757	500	0	347	667	720	609	418	538	737	387	615	441	661	431	412	439	721	544	467	
318	792	432	347	0	776	431	310	683	423	640	600	766	330	778	498	402	615	716	590	527	
676	374	461	667	776	0	455	570	649	517	792	386	649	675	786	593	305	570	506	516	367	
344	550	376	720	431	455	0	357	478	408	411	464	578	418	669	787	793	439	763	389	321	
319	440	789	609	310	570	357	0	716	636	513	479	539	420	560	728	599	785	381	612	557	
705	575	403	418	683	649	478	716	0	789	542	485	681	789	495	377	351	495	720	443	342	
489	664	569	538	423	517	408	636	789	0	700	559	518	574	488	635	576	465	419	747	680	
553	719	778	737	640	792	411	513	542	700	0	604	597	366	577	332	552	449	403	714	522	
595	669	352	387	600	386	464	479	485	559	604	0	363	571	417	379	554	702	605	493	373	
576	572	328	615	766	649	578	539	681	518	597	363	0	669	758	762	368	762	750	777	646	
666	705	657	441	330	675	418	420	789	574	366	571	669	0	434	500	679	727	768	525	752	
671	496	703	661	778	786	669	560	495	488	577	417	758	434	0	451	541	485	596	371	376	
331	619	383	431	498	593	787	728	377	635	332	379	762	500	451	0	782	547	552	602	488	
460	622	533	412	402	305	793	599	351	576	552	554	368	679	541	782	0	771	746	396	458	
635	442	585	439	615	570	439	785	495	465	449	702	762	727	485	547	771	0	500	645	759	
675	364	333	721	716	506	763	381	720	419	403	605	750	768	596	552	746	500	0	340	715	
678	312	312	544	590	516	389	612	443	747	714	493	777	525	371	602	396	645	340	0	315	
489	544	672	467	527	367	321	557	342	680	522	373	646	752	376	488	458	759	715	315	0	
etats
Id_Station	Poids W	Min (P)	WSPT	Priorité	
1	7				
2	3				
3	1				
4	7				
5	7				
6	6				
7	1				
8	8				
9	1				
10	5				
11	7				
12	3				
13	4				
14	4				
15	1				
16	2				
17	1				
18	7				
19	6				
20	8				
 
