distances
0	380	650	494	475	391	660	436	745	319	453	414	624	617	494	617	637	753	363	681	797	
380	0	717	513	741	651	662	359	740	456	777	557	527	705	431	591	560	342	313	385	766	
650	717	0	764	503	701	718	772	563	556	382	673	648	603	640	318	526	790	370	724	395	
494	513	764	0	582	523	326	702	753	564	663	792	722	462	695	333	733	591	499	746	487	
475	741	503	582	0	393	625	393	712	580	711	656	633	451	535	608	525	321	327	396	788	
391	651	701	523	393	0	583	714	503	333	720	762	619	302	767	504	526	774	705	672	775	
660	662	718	326	625	583	0	490	644	600	351	630	426	416	419	625	757	723	663	547	768	
436	359	772	702	393	714	490	0	579	752	750	680	508	303	477	567	506	360	442	360	519	
745	740	563	753	712	503	644	579	0	370	432	555	594	498	595	354	589	747	708	776	468	
319	456	556	564	580	333	600	752	370	0	563	335	362	430	312	616	533	304	377	320	454	
453	777	382	663	711	720	351	750	432	563	0	500	644	324	575	775	329	608	639	573	738	
414	557	673	792	656	762	630	680	555	335	500	0	605	494	786	654	596	707	671	641	385	
624	527	648	722	633	619	426	508	594	362	644	605	0	559	604	441	325	530	481	747	516	
617	705	603	462	451	302	416	303	498	430	324	494	559	0	477	656	654	506	394	452	637	
494	431	640	695	535	767	419	477	595	312	575	786	604	477	0	741	534	424	421	643	700	
617	591	318	333	608	504	625	567	354	616	775	654	441	656	741	0	653	522	324	487	319	
637	560	526	733	525	526	757	506	589	533	329	596	325	654	534	653	0	568	476	564	425	
753	342	790	591	321	774	723	360	747	304	608	707	530	506	424	522	568	0	770	496	579	
363	313	370	499	327	705	663	442	708	377	639	671	481	394	421	324	476	770	0	547	704	
681	385	724	746	396	672	547	360	776	320	573	641	747	452	643	487	564	496	547	0	681	
797	766	395	487	788	775	768	519	468	454	738	385	516	637	700	319	425	579	704	681	0	
etats
Id_Station	Poids W	Min (P)	WSPT	Priorité	
1	6				
2	5				
3	6				
4	6				
5	8				
6	5				
7	8				
8	5				
9	1				
10	1				
11	5				
12	7				
13	7				
14	3				
15	2				
16	1				
17	2				
18	3				
19	7				
20	6				
 
