distances
0	335	792	436	387	534	380	337	689	696	791	594	644	446	384	493	665	360	680	427	734	
335	0	765	586	535	520	737	383	749	796	757	512	510	463	655	572	350	483	475	760	304	
792	765	0	531	440	427	671	688	390	785	792	395	469	743	639	580	365	681	484	421	687	
436	586	531	0	793	622	387	559	575	590	658	697	509	612	548	413	505	588	700	345	478	
387	535	440	793	0	489	302	333	469	404	593	411	340	326	765	785	633	549	597	610	776	
534	520	427	622	489	0	382	642	458	652	561	799	626	494	377	685	490	539	788	722	434	
380	737	671	387	302	382	0	395	648	758	745	565	523	360	610	345	708	438	762	600	600	
337	383	688	559	333	642	395	0	342	690	654	682	657	532	399	340	350	751	388	618	723	
689	749	390	575	469	458	648	342	0	647	685	425	673	522	663	490	673	551	511	676	534	
696	796	785	590	404	652	758	690	647	0	769	368	683	376	760	330	565	462	579	482	637	
791	757	792	658	593	561	745	654	685	769	0	714	305	587	407	479	741	305	408	391	424	
594	512	395	697	411	799	565	682	425	368	714	0	674	649	516	416	399	322	367	577	650	
644	510	469	509	340	626	523	657	673	683	305	674	0	309	309	744	346	386	641	520	601	
446	463	743	612	326	494	360	532	522	376	587	649	309	0	380	474	455	539	550	754	753	
384	655	639	548	765	377	610	399	663	760	407	516	309	380	0	396	689	411	696	789	725	
493	572	580	413	785	685	345	340	490	330	479	416	744	474	396	0	635	544	442	633	465	
665	350	365	505	633	490	708	350	673	565	741	399	346	455	689	635	0	584	797	646	307	
360	483	681	588	549	539	438	751	551	462	305	322	386	539	411	544	584	0	743	764	535	
680	475	484	700	597	788	762	388	511	579	408	367	641	550	696	442	797	743	0	743	539	
427	760	421	345	610	722	600	618	676	482	391	577	520	754	789	633	646	764	743	0	490	
734	304	687	478	776	434	600	723	534	637	424	650	601	753	725	465	307	535	539	490	0	
etats
Id_Station	Poids W	Min (P)	WSPT	Priorité	
1	4				
2	6				
3	8				
4	7				
5	3				
6	8				
7	8				
8	3				
9	4				
10	9				
11	6				
12	8				
13	6				
14	1				
15	6				
16	4				
17	3				
18	5				
19	9				
20	9				
 
