distances
0	464	397	691	426	440	577	455	407	746	377	571	492	429	710	585	780	758	463	365	339	
464	0	389	709	360	700	327	657	602	692	694	635	586	546	379	786	584	737	762	769	326	
397	389	0	470	418	410	381	645	361	746	354	726	637	354	455	772	394	751	653	746	658	
691	709	470	0	632	425	715	316	752	446	329	341	514	625	467	478	689	339	715	694	576	
426	360	418	632	0	699	468	360	529	316	681	630	778	394	496	574	495	700	327	345	409	
440	700	410	425	699	0	683	587	673	746	787	344	374	765	438	576	646	530	612	587	379	
577	327	381	715	468	683	0	311	486	571	771	686	757	608	755	440	358	369	797	379	488	
455	657	645	316	360	587	311	0	783	413	742	541	693	463	528	783	313	586	485	327	403	
407	602	361	752	529	673	486	783	0	610	633	568	738	538	477	509	465	796	770	328	792	
746	692	746	446	316	746	571	413	610	0	609	797	387	734	690	334	443	741	748	577	778	
377	694	354	329	681	787	771	742	633	609	0	728	464	618	741	688	509	316	300	601	432	
571	635	726	341	630	344	686	541	568	797	728	0	550	326	702	454	427	746	454	669	679	
492	586	637	514	778	374	757	693	738	387	464	550	0	403	406	507	476	766	754	318	598	
429	546	354	625	394	765	608	463	538	734	618	326	403	0	538	426	488	563	394	565	386	
710	379	455	467	496	438	755	528	477	690	741	702	406	538	0	341	628	680	332	796	380	
585	786	772	478	574	576	440	783	509	334	688	454	507	426	341	0	695	589	485	368	615	
780	584	394	689	495	646	358	313	465	443	509	427	476	488	628	695	0	326	718	569	560	
758	737	751	339	700	530	369	586	796	741	316	746	766	563	680	589	326	0	717	669	331	
463	762	653	715	327	612	797	485	770	748	300	454	754	394	332	485	718	717	0	487	333	
365	769	746	694	345	587	379	327	328	577	601	669	318	565	796	368	569	669	487	0	483	
339	326	658	576	409	379	488	403	792	778	432	679	598	386	380	615	560	331	333	483	0	
etats
Id_Station	Poids W	Min (P)	WSPT	Priorité	
1	8				
2	1				
3	4				
4	6				
5	2				
6	7				
7	1				
8	8				
9	5				
10	8				
11	5				
12	1				
13	1				
14	6				
15	6				
16	3				
17	1				
18	8				
19	2				
20	1				
 
