distances
0	799	679	455	433	357	325	736	340	325	321	704	622	339	797	428	766	358	418	315	491	
799	0	633	586	500	600	526	619	750	443	318	301	432	388	449	461	712	464	377	550	411	
679	633	0	635	695	400	378	698	340	489	321	439	479	757	722	566	617	412	641	443	648	
455	586	635	0	455	603	562	493	588	588	781	575	442	473	432	502	345	372	518	686	516	
433	500	695	455	0	618	735	526	550	484	414	693	395	677	518	425	557	339	319	521	521	
357	600	400	603	618	0	721	698	636	473	703	653	364	701	457	437	603	337	449	552	743	
325	526	378	562	735	721	0	689	388	586	744	604	470	449	752	572	371	685	529	644	412	
736	619	698	493	526	698	689	0	797	748	713	608	383	420	674	697	431	793	509	409	522	
340	750	340	588	550	636	388	797	0	448	560	505	419	727	664	710	522	681	319	577	619	
325	443	489	588	484	473	586	748	448	0	760	720	580	432	443	760	578	646	330	662	356	
321	318	321	781	414	703	744	713	560	760	0	305	545	736	421	791	714	641	704	503	578	
704	301	439	575	693	653	604	608	505	720	305	0	302	510	763	708	760	723	529	385	677	
622	432	479	442	395	364	470	383	419	580	545	302	0	682	616	514	694	691	461	792	690	
339	388	757	473	677	701	449	420	727	432	736	510	682	0	720	782	594	745	799	527	346	
797	449	722	432	518	457	752	674	664	443	421	763	616	720	0	405	681	404	513	519	464	
428	461	566	502	425	437	572	697	710	760	791	708	514	782	405	0	507	506	734	713	356	
766	712	617	345	557	603	371	431	522	578	714	760	694	594	681	507	0	528	463	302	443	
358	464	412	372	339	337	685	793	681	646	641	723	691	745	404	506	528	0	511	658	567	
418	377	641	518	319	449	529	509	319	330	704	529	461	799	513	734	463	511	0	534	697	
315	550	443	686	521	552	644	409	577	662	503	385	792	527	519	713	302	658	534	0	765	
491	411	648	516	521	743	412	522	619	356	578	677	690	346	464	356	443	567	697	765	0	
etats
Id_Station	Poids W	Min (P)	WSPT	Priorité	
1	1				
2	8				
3	9				
4	1				
5	7				
6	1				
7	4				
8	7				
9	6				
10	2				
11	9				
12	6				
13	1				
14	9				
15	2				
16	1				
17	4				
18	9				
19	1				
20	3				
 
