distances
0	369	487	621	555	482	745	428	403	567	780	727	349	488	651	310	407	460	712	384	713	
369	0	479	643	515	719	778	651	724	670	408	785	402	460	493	609	563	429	526	594	685	
487	479	0	507	355	528	644	565	482	772	794	405	629	603	544	692	453	548	693	641	665	
621	643	507	0	568	568	797	486	646	300	697	579	711	334	582	400	537	462	407	488	777	
555	515	355	568	0	798	440	309	774	748	523	795	479	508	586	535	592	577	639	373	628	
482	719	528	568	798	0	316	535	706	563	302	672	467	734	565	556	304	313	738	687	346	
745	778	644	797	440	316	0	536	717	333	724	795	659	509	330	484	308	603	335	569	548	
428	651	565	486	309	535	536	0	708	473	479	573	771	691	519	349	387	306	754	369	358	
403	724	482	646	774	706	717	708	0	675	762	525	569	320	605	492	389	380	415	314	548	
567	670	772	300	748	563	333	473	675	0	391	694	473	610	384	514	384	628	585	306	624	
780	408	794	697	523	302	724	479	762	391	0	780	361	335	600	553	753	454	773	371	450	
727	785	405	579	795	672	795	573	525	694	780	0	393	436	386	680	354	791	395	543	721	
349	402	629	711	479	467	659	771	569	473	361	393	0	586	559	759	656	791	625	417	514	
488	460	603	334	508	734	509	691	320	610	335	436	586	0	340	383	699	330	321	309	697	
651	493	544	582	586	565	330	519	605	384	600	386	559	340	0	793	397	681	548	394	706	
310	609	692	400	535	556	484	349	492	514	553	680	759	383	793	0	330	653	552	760	570	
407	563	453	537	592	304	308	387	389	384	753	354	656	699	397	330	0	488	357	348	772	
460	429	548	462	577	313	603	306	380	628	454	791	791	330	681	653	488	0	446	533	764	
712	526	693	407	639	738	335	754	415	585	773	395	625	321	548	552	357	446	0	569	565	
384	594	641	488	373	687	569	369	314	306	371	543	417	309	394	760	348	533	569	0	650	
713	685	665	777	628	346	548	358	548	624	450	721	514	697	706	570	772	764	565	650	0	
etats
Id_Station	Poids W	Min (P)	WSPT	Priorité	
1	1				
2	8				
3	4				
4	7				
5	9				
6	1				
7	8				
8	3				
9	7				
10	1				
11	9				
12	6				
13	1				
14	4				
15	3				
16	1				
17	4				
18	1				
19	1				
20	1				
	
