distances
0	404	698	777	367	584	421	659	476	417	516	526	559	683	426	534	497	660	577	669	799	
404	0	655	472	393	373	393	371	786	439	767	774	476	799	669	518	704	426	489	684	567	
698	655	0	309	724	693	724	434	408	441	636	734	773	635	550	308	727	434	368	632	310	
777	472	309	0	472	536	788	725	555	614	523	757	387	685	797	732	794	476	339	351	715	
367	393	724	472	0	595	407	368	521	434	771	420	523	776	562	441	369	560	495	670	438	
584	373	693	536	595	0	398	795	775	682	638	759	422	530	448	471	709	789	731	390	663	
421	393	724	788	407	398	0	613	425	509	406	653	524	750	308	656	583	630	355	417	726	
659	371	434	725	368	795	613	0	320	652	570	637	748	720	769	600	795	582	435	574	593	
476	786	408	555	521	775	425	320	0	411	708	479	470	585	576	784	433	708	562	635	478	
417	439	441	614	434	682	509	652	411	0	340	485	640	567	381	688	424	425	784	638	759	
516	767	636	523	771	638	406	570	708	340	0	636	490	521	609	649	725	756	420	796	322	
526	774	734	757	420	759	653	637	479	485	636	0	607	317	409	598	790	620	578	353	682	
559	476	773	387	523	422	524	748	470	640	490	607	0	471	479	757	653	444	617	570	734	
683	799	635	685	776	530	750	720	585	567	521	317	471	0	756	560	613	749	662	493	471	
426	669	550	797	562	448	308	769	576	381	609	409	479	756	0	482	508	486	558	468	629	
534	518	308	732	441	471	656	600	784	688	649	598	757	560	482	0	327	495	542	714	595	
497	704	727	794	369	709	583	795	433	424	725	790	653	613	508	327	0	634	642	666	479	
660	426	434	476	560	789	630	582	708	425	756	620	444	749	486	495	634	0	394	384	373	
577	489	368	339	495	731	355	435	562	784	420	578	617	662	558	542	642	394	0	697	484	
669	684	632	351	670	390	417	574	635	638	796	353	570	493	468	714	666	384	697	0	737	
799	567	310	715	438	663	726	593	478	759	322	682	734	471	629	595	479	373	484	737	0	
etats
Id_Station	Poids W	Min (P)	WSPT	Priorité	
1	1				
2	1				
3	1				
4	9				
5	8				
6	9				
7	3				
8	1				
9	5				
10	6				
11	6				
12	8				
13	2				
14	2				
15	5				
16	4				
17	7				
18	1				
19	6				
20	2				
 