distances
0	403	386	543	319	682	501	686	745	305	761	502	352	483	510	459	618	324	407	647	339	
403	0	549	667	382	373	738	328	628	731	309	532	340	555	486	615	550	462	471	703	688	
386	549	0	516	735	394	785	526	459	673	409	757	550	699	704	733	431	621	392	418	318	
543	667	516	0	416	753	767	707	397	530	569	392	519	673	565	629	667	653	592	612	778	
319	382	735	416	0	673	343	584	666	351	460	696	505	407	329	715	692	322	607	661	374	
682	373	394	753	673	0	578	632	560	768	366	653	392	564	771	421	634	588	389	321	586	
501	738	785	767	343	578	0	392	468	603	782	548	768	376	566	422	758	453	591	332	720	
686	328	526	707	584	632	392	0	412	435	509	665	413	769	791	701	500	770	442	493	736	
745	628	459	397	666	560	468	412	0	779	712	718	698	394	789	494	477	341	763	443	557	
305	731	673	530	351	768	603	435	779	0	355	497	418	324	534	514	527	498	576	577	794	
761	309	409	569	460	366	782	509	712	355	0	326	356	388	371	786	689	659	784	619	331	
502	532	757	392	696	653	548	665	718	497	326	0	338	323	558	697	764	506	780	441	455	
352	340	550	519	505	392	768	413	698	418	356	338	0	720	503	455	650	631	497	726	597	
483	555	699	673	407	564	376	769	394	324	388	323	720	0	475	475	765	769	613	312	394	
510	486	704	565	329	771	566	791	789	534	371	558	503	475	0	681	652	777	367	639	654	
459	615	733	629	715	421	422	701	494	514	786	697	455	475	681	0	599	557	587	504	331	
618	550	431	667	692	634	758	500	477	527	689	764	650	765	652	599	0	341	646	400	393	
324	462	621	653	322	588	453	770	341	498	659	506	631	769	777	557	341	0	425	317	382	
407	471	392	592	607	389	591	442	763	576	784	780	497	613	367	587	646	425	0	638	337	
647	703	418	612	661	321	332	493	443	577	619	441	726	312	639	504	400	317	638	0	404	
339	688	318	778	374	586	720	736	557	794	331	455	597	394	654	331	393	382	337	404	0	
etats
Id_Station	Poids W	Min (P)	WSPT	Priorité	
1	8				
2	2				
3	6				
4	4				
5	7				
6	8				
7	1				
8	9				
9	2				
10	2				
11	7				
12	7				
13	5				
14	5				
15	9				
16	5				
17	8				
18	3				
19	4				
20	3				
 