distances
0	686	349	681	545	804	379	539	476	371	565	447	553	703	747	434	616	564	327	724	382	581	596	304	612	402	768	872	346	660	440	403	793	870	322	443	469	432	364	886	896	
686	0	835	445	317	358	811	635	844	339	518	369	752	899	610	503	631	453	679	405	376	517	714	705	580	620	676	499	498	375	660	852	582	334	534	461	438	509	351	466	897	
349	835	0	594	355	332	645	460	600	452	597	338	896	886	585	762	307	862	812	325	710	782	782	720	770	797	890	567	790	718	809	595	533	306	709	408	845	556	515	392	552	
681	445	594	0	333	508	534	574	474	862	341	610	487	342	550	546	836	331	447	808	884	519	591	796	868	544	598	863	766	566	568	538	799	643	814	834	554	524	576	786	839	
545	317	355	333	0	525	347	647	676	707	325	759	351	620	471	570	588	353	603	456	626	653	504	319	426	870	347	322	817	604	693	408	575	882	823	761	303	648	408	532	883	
804	358	332	508	525	0	834	772	538	669	704	525	533	756	304	742	559	324	400	380	867	303	519	891	817	485	639	602	571	408	755	458	720	667	480	419	849	873	858	347	873	
379	811	645	534	347	834	0	317	505	343	757	376	820	305	786	531	641	516	483	864	494	621	366	692	469	536	729	450	705	530	653	442	699	370	653	899	849	869	725	802	813	
539	635	460	574	647	772	317	0	443	387	316	793	835	454	364	306	612	538	473	338	480	777	529	758	730	880	620	315	559	404	765	412	748	657	353	581	347	670	429	379	399	
476	844	600	474	676	538	505	443	0	764	891	812	449	869	316	894	688	382	786	748	335	740	313	388	350	664	480	442	733	662	459	678	766	553	670	796	721	468	591	832	863	
371	339	452	862	707	669	343	387	764	0	538	538	558	619	666	869	663	643	522	780	833	607	303	832	514	819	636	846	588	575	470	840	747	570	634	788	545	341	710	516	402	
565	518	597	341	325	704	757	316	891	538	0	762	758	707	746	664	497	529	665	755	515	506	604	614	321	508	572	758	341	518	318	771	733	527	738	873	646	894	747	380	348	
447	369	338	610	759	525	376	793	812	538	762	0	443	306	547	570	322	632	815	650	706	874	896	550	604	607	873	894	333	463	508	489	533	782	743	434	472	486	733	373	797	
553	752	896	487	351	533	820	835	449	558	758	443	0	587	879	427	602	628	829	322	408	405	356	448	405	350	547	885	594	564	505	515	855	899	462	508	468	856	871	577	388	
703	899	886	342	620	756	305	454	869	619	707	306	587	0	309	771	463	827	821	682	468	838	785	894	577	837	742	792	429	381	785	508	603	804	439	443	406	640	330	784	838	
747	610	585	550	471	304	786	364	316	666	746	547	879	309	0	508	823	718	317	794	712	755	620	506	398	842	805	351	475	780	870	882	307	391	488	670	426	336	612	745	635	
434	503	762	546	570	742	531	306	894	869	664	570	427	771	508	0	307	473	412	530	534	523	642	666	320	458	644	323	407	550	837	502	426	775	895	802	517	373	706	579	714	
616	631	307	836	588	559	641	612	688	663	497	322	602	463	823	307	0	874	344	607	554	493	413	482	749	773	729	779	326	427	328	746	654	440	878	583	876	619	383	787	624	
564	453	862	331	353	324	516	538	382	643	529	632	628	827	718	473	874	0	867	591	374	664	605	374	436	858	868	734	628	855	550	635	361	706	583	768	605	893	609	459	708	
327	679	812	447	603	400	483	473	786	522	665	815	829	821	317	412	344	867	0	804	381	882	392	766	441	438	680	328	560	726	714	503	651	539	434	754	611	319	409	475	390	
724	405	325	808	456	380	864	338	748	780	755	650	322	682	794	530	607	591	804	0	881	605	410	473	773	697	359	340	712	768	742	869	811	819	496	807	490	535	694	473	326	
382	376	710	884	626	867	494	480	335	833	515	706	408	468	712	534	554	374	381	881	0	585	455	696	673	858	882	653	884	500	597	384	889	712	366	517	339	650	862	591	683	
581	517	782	519	653	303	621	777	740	607	506	874	405	838	755	523	493	664	882	605	585	0	826	341	363	840	799	409	350	385	373	831	876	698	419	825	302	709	793	642	538	
596	714	782	591	504	519	366	529	313	303	604	896	356	785	620	642	413	605	392	410	455	826	0	414	578	665	500	675	756	539	747	839	592	772	343	620	302	754	752	485	675	
304	705	720	796	319	891	692	758	388	832	614	550	448	894	506	666	482	374	766	473	696	341	414	0	771	525	477	695	497	751	760	311	874	843	870	380	717	608	443	750	535	
612	580	770	868	426	817	469	730	350	514	321	604	405	577	398	320	749	436	441	773	673	363	578	771	0	498	712	436	580	355	392	520	703	743	461	520	813	779	806	554	351	
402	620	797	544	870	485	536	880	664	819	508	607	350	837	842	458	773	858	438	697	858	840	665	525	498	0	711	850	532	588	450	392	446	895	735	856	353	375	812	804	867	
768	676	890	598	347	639	729	620	480	636	572	873	547	742	805	644	729	868	680	359	882	799	500	477	712	711	0	399	804	376	848	713	605	457	879	698	824	744	883	708	485	
872	499	567	863	322	602	450	315	442	846	758	894	885	792	351	323	779	734	328	340	653	409	675	695	436	850	399	0	403	617	509	817	438	360	484	533	303	518	646	811	610	
346	498	790	766	817	571	705	559	733	588	341	333	594	429	475	407	326	628	560	712	884	350	756	497	580	532	804	403	0	774	356	514	868	601	570	818	769	646	608	802	384	
660	375	718	566	604	408	530	404	662	575	518	463	564	381	780	550	427	855	726	768	500	385	539	751	355	588	376	617	774	0	503	761	723	592	822	636	802	497	875	888	385	
440	660	809	568	693	755	653	765	459	470	318	508	505	785	870	837	328	550	714	742	597	373	747	760	392	450	848	509	356	503	0	735	822	762	376	639	727	734	667	368	314	
403	852	595	538	408	458	442	412	678	840	771	489	515	508	882	502	746	635	503	869	384	831	839	311	520	392	713	817	514	761	735	0	546	797	439	308	300	762	569	853	316	
793	582	533	799	575	720	699	748	766	747	733	533	855	603	307	426	654	361	651	811	889	876	592	874	703	446	605	438	868	723	822	546	0	390	754	891	676	408	707	786	747	
870	334	306	643	882	667	370	657	553	570	527	782	899	804	391	775	440	706	539	819	712	698	772	843	743	895	457	360	601	592	762	797	390	0	477	312	756	820	617	830	785	
322	534	709	814	823	480	653	353	670	634	738	743	462	439	488	895	878	583	434	496	366	419	343	870	461	735	879	484	570	822	376	439	754	477	0	808	546	705	535	363	877	
443	461	408	834	761	419	899	581	796	788	873	434	508	443	670	802	583	768	754	807	517	825	620	380	520	856	698	533	818	636	639	308	891	312	808	0	327	722	654	535	751	
469	438	845	554	303	849	849	347	721	545	646	472	468	406	426	517	876	605	611	490	339	302	302	717	813	353	824	303	769	802	727	300	676	756	546	327	0	341	311	522	336	
432	509	556	524	648	873	869	670	468	341	894	486	856	640	336	373	619	893	319	535	650	709	754	608	779	375	744	518	646	497	734	762	408	820	705	722	341	0	433	476	848	
364	351	515	576	408	858	725	429	591	710	747	733	871	330	612	706	383	609	409	694	862	793	752	443	806	812	883	646	608	875	667	569	707	617	535	654	311	433	0	420	572	
886	466	392	786	532	347	802	379	832	516	380	373	577	784	745	579	787	459	475	473	591	642	485	750	554	804	708	811	802	888	368	853	786	830	363	535	522	476	420	0	310	
896	897	552	839	883	873	813	399	863	402	348	797	388	838	635	714	624	708	390	326	683	538	675	535	351	867	485	610	384	385	314	316	747	785	877	751	336	848	572	310	0	
etats
Id_Station	Poids W	Min (P)	WSPT	Priorité	
1	7	326	46,57	13	
2	6	313	313,00	38	
3	3	327	36,33	5	
4	2	304	101,33	28	
5	1	341	56,83	17	
6	5	332	332,00	40	
7	9	303	50,50	15	
8	8	335	83,75	26	
9	1	311	34,56	2	
10	6	347	86,75	27	
11	2	317	35,22	4	
12	2	313	44,71	12	
13	7	300	33,33	1	
14	6	311	155,50	31	
15	9	316	39,50	8	
16	5	304	60,80	18	
17	2	302	37,75	7	
18	1	300	37,50	6	
19	2	304	304,00	34	
20	1	306	61,20	19	
21	3	357	71,40	21	
22	2	302	75,50	25	
23	1	308	44,00	10	
24	3	308	44,00	11	
25	9	314	52,33	16	
26	4	301	75,25	24	
27	5	311	311,00	35	
28	5	312	312,00	36	
29	1	327	327,00	39	
30	3	316	35,11	3	
31	1	301	50,17	14	
32	4	331	165,50	32	
33	8	301	150,50	30	
34	9	312	312,00	37	
35	7	313	62,60	20	
36	9	300	75,00	22	
37	1	303	43,29	9	
38	8	304	101,33	29	
39	5	303	303,00	33	
40	2	300	75,00	23	
