distances
0	866	573	451	839	303	494	346	879	601	598	650	532	694	745	870	354	830	423	358	421	397	725	517	536	538	563	699	382	639	675	738	338	311	801	868	707	836	843	720	784	
866	0	566	434	562	552	592	778	856	556	519	323	543	484	795	895	788	371	811	438	849	764	353	700	765	388	665	773	453	399	377	462	752	505	761	827	767	435	745	581	378	
573	566	0	482	829	592	511	771	358	643	546	753	786	788	832	459	583	857	752	851	410	705	758	322	551	884	539	482	561	660	550	603	841	751	606	619	893	789	312	687	880	
451	434	482	0	534	401	881	355	509	858	781	313	702	367	859	411	777	540	875	782	804	541	492	638	606	301	524	749	579	461	779	575	777	452	749	803	791	422	805	894	668	
839	562	829	534	0	435	895	640	385	859	680	323	536	728	744	479	629	732	818	704	692	363	791	698	501	487	582	448	533	880	371	855	736	782	410	341	579	509	646	795	326	
303	552	592	401	435	0	421	674	856	700	803	388	871	412	648	445	372	335	895	474	733	451	873	634	383	545	647	625	702	555	342	649	392	446	430	571	791	647	881	331	842	
494	592	511	881	895	421	0	741	705	815	837	605	624	857	426	622	740	574	436	892	487	320	519	444	400	653	689	765	493	824	793	762	615	379	708	435	505	577	740	553	749	
346	778	771	355	640	674	741	0	461	844	742	413	680	718	645	321	882	706	748	672	432	812	526	463	674	632	374	348	693	747	566	456	503	335	563	620	487	542	566	487	653	
879	856	358	509	385	856	705	461	0	860	846	502	746	453	618	316	389	689	661	576	547	639	629	722	512	830	754	625	733	780	539	626	637	713	868	597	854	596	857	412	898	
601	556	643	858	859	700	815	844	860	0	512	315	588	624	620	565	700	884	521	646	683	608	369	606	321	416	348	455	610	552	808	388	352	543	870	840	303	822	664	642	748	
598	519	546	781	680	803	837	742	846	512	0	754	772	408	456	811	310	809	328	309	796	593	771	308	660	457	722	389	499	786	562	378	407	872	651	624	315	868	611	735	869	
650	323	753	313	323	388	605	413	502	315	754	0	677	668	648	628	535	828	439	782	572	774	413	446	532	795	846	633	855	626	380	857	497	776	757	556	366	353	678	845	639	
532	543	786	702	536	871	624	680	746	588	772	677	0	593	617	885	773	523	511	628	563	671	793	354	512	630	523	494	761	483	679	546	788	365	476	531	469	609	897	450	837	
694	484	788	367	728	412	857	718	453	624	408	668	593	0	817	527	624	383	577	522	456	350	851	852	420	772	473	621	410	860	656	676	821	416	756	899	697	459	479	489	520	
745	795	832	859	744	648	426	645	618	620	456	648	617	817	0	563	371	547	588	319	706	737	572	849	494	619	630	692	668	485	709	543	496	570	849	381	684	560	583	445	891	
870	895	459	411	479	445	622	321	316	565	811	628	885	527	563	0	743	521	365	633	399	403	586	304	821	467	478	704	755	414	414	603	726	686	436	789	628	795	383	625	725	
354	788	583	777	629	372	740	882	389	700	310	535	773	624	371	743	0	737	716	765	666	345	595	778	735	744	858	320	788	514	883	721	681	846	591	442	621	421	819	842	406	
830	371	857	540	732	335	574	706	689	884	809	828	523	383	547	521	737	0	603	530	650	791	451	782	718	721	698	381	461	804	303	632	333	743	521	850	828	626	634	540	718	
423	811	752	875	818	895	436	748	661	521	328	439	511	577	588	365	716	603	0	402	561	676	848	496	841	839	622	669	527	540	876	700	610	631	571	759	775	619	657	832	340	
358	438	851	782	704	474	892	672	576	646	309	782	628	522	319	633	765	530	402	0	489	887	673	515	338	646	483	789	592	359	782	797	366	819	439	820	544	370	548	444	832	
421	849	410	804	692	733	487	432	547	683	796	572	563	456	706	399	666	650	561	489	0	386	768	795	826	852	355	343	824	706	324	509	724	358	397	462	402	560	495	875	591	
397	764	705	541	363	451	320	812	639	608	593	774	671	350	737	403	345	791	676	887	386	0	353	755	495	627	557	318	754	785	723	783	305	821	543	899	496	531	800	474	752	
725	353	758	492	791	873	519	526	629	369	771	413	793	851	572	586	595	451	848	673	768	353	0	486	764	755	753	593	747	611	325	706	780	368	769	795	676	885	763	871	834	
517	700	322	638	698	634	444	463	722	606	308	446	354	852	849	304	778	782	496	515	795	755	486	0	699	616	554	450	542	426	378	444	821	307	869	615	619	692	898	380	714	
536	765	551	606	501	383	400	674	512	321	660	532	512	420	494	821	735	718	841	338	826	495	764	699	0	819	575	885	738	749	578	496	595	305	765	341	595	754	565	833	867	
538	388	884	301	487	545	653	632	830	416	457	795	630	772	619	467	744	721	839	646	852	627	755	616	819	0	775	729	683	494	307	393	416	634	637	790	509	648	395	757	496	
563	665	539	524	582	647	689	374	754	348	722	846	523	473	630	478	858	698	622	483	355	557	753	554	575	775	0	479	482	764	658	443	353	546	462	574	502	614	319	448	624	
699	773	482	749	448	625	765	348	625	455	389	633	494	621	692	704	320	381	669	789	343	318	593	450	885	729	479	0	355	878	768	510	304	690	702	820	319	833	547	855	359	
382	453	561	579	533	702	493	693	733	610	499	855	761	410	668	755	788	461	527	592	824	754	747	542	738	683	482	355	0	739	342	827	708	365	416	465	476	483	309	865	883	
639	399	660	461	880	555	824	747	780	552	786	626	483	860	485	414	514	804	540	359	706	785	611	426	749	494	764	878	739	0	538	889	509	884	815	651	546	632	820	718	493	
675	377	550	779	371	342	793	566	539	808	562	380	679	656	709	414	883	303	876	782	324	723	325	378	578	307	658	768	342	538	0	422	867	355	346	434	742	739	319	752	423	
738	462	603	575	855	649	762	456	626	388	378	857	546	676	543	603	721	632	700	797	509	783	706	444	496	393	443	510	827	889	422	0	891	564	369	893	679	739	513	884	842	
338	752	841	777	736	392	615	503	637	352	407	497	788	821	496	726	681	333	610	366	724	305	780	821	595	416	353	304	708	509	867	891	0	359	503	542	431	585	685	406	399	
311	505	751	452	782	446	379	335	713	543	872	776	365	416	570	686	846	743	631	819	358	821	368	307	305	634	546	690	365	884	355	564	359	0	685	815	761	690	823	525	862	
801	761	606	749	410	430	708	563	868	870	651	757	476	756	849	436	591	521	571	439	397	543	769	869	765	637	462	702	416	815	346	369	503	685	0	836	881	720	397	599	637	
868	827	619	803	341	571	435	620	597	840	624	556	531	899	381	789	442	850	759	820	462	899	795	615	341	790	574	820	465	651	434	893	542	815	836	0	786	699	383	624	302	
707	767	893	791	579	791	505	487	854	303	315	366	469	697	684	628	621	828	775	544	402	496	676	619	595	509	502	319	476	546	742	679	431	761	881	786	0	510	307	524	585	
836	435	789	422	509	647	577	542	596	822	868	353	609	459	560	795	421	626	619	370	560	531	885	692	754	648	614	833	483	632	739	739	585	690	720	699	510	0	403	766	849	
843	745	312	805	646	881	740	566	857	664	611	678	897	479	583	383	819	634	657	548	495	800	763	898	565	395	319	547	309	820	319	513	685	823	397	383	307	403	0	307	367	
720	581	687	894	795	331	553	487	412	642	735	845	450	489	445	625	842	540	832	444	875	474	871	380	833	757	448	855	865	718	752	884	406	525	599	624	524	766	307	0	512	
784	378	880	668	326	842	749	653	898	748	869	639	837	520	891	725	406	718	340	832	591	752	834	714	867	496	624	359	883	493	423	842	399	862	637	302	585	849	367	512	0	
etats
Id_Station	Poids W	Min (P)	WSPT	Priorité	
1	4	304	60,80	16	
2	9	320	320,00	40	
3	5	303	75,75	21	
4	2	306	76,50	24	
5	7	309	309,00	38	
6	7	324	46,29	13	
7	2	305	61,00	17	
8	1	325	40,63	8	
9	5	306	76,50	25	
10	1	305	61,00	18	
11	1	307	76,75	26	
12	8	319	53,17	15	
13	3	304	43,43	10	
14	1	309	38,63	6	
15	2	306	38,25	4	
16	1	309	154,50	32	
17	7	308	102,67	27	
18	9	313	39,13	7	
19	9	320	35,56	3	
20	1	315	315,00	39	
21	1	319	63,80	20	
22	8	307	38,38	5	
23	7	324	162,00	35	
24	9	313	156,50	33	
25	2	304	76,00	22	
26	6	311	51,83	14	
27	5	367	40,78	9	
28	1	312	104,00	28	
29	8	313	156,50	34	
30	9	327	163,50	36	
31	1	331	165,50	37	
32	5	303	33,67	1	
33	4	308	154,00	31	
34	5	304	76,00	23	
35	2	303	33,67	2	
36	5	315	63,00	19	
37	4	303	151,50	29	
38	1	319	45,57	12	
39	2	312	44,57	11	
40	2	307	153,50	30	
