distances
0	523	647	575	606	637	640	633	476	885	880	428	793	787	534	749	326	563	371	547	588	319	706	737	572	849	494	619	630	692	668	485	709	543	496	570	849	381	684	560	583	
523	0	855	348	630	483	410	756	811	680	898	717	670	550	855	306	628	535	743	521	365	633	399	403	586	304	821	467	478	704	755	414	414	603	726	686	436	789	628	795	383	
647	855	0	438	575	495	757	464	779	848	765	429	552	454	662	709	505	707	810	737	716	765	666	345	595	778	735	744	858	320	788	514	883	721	681	846	591	442	621	421	819	
575	348	438	0	507	868	715	353	798	877	719	690	812	574	495	607	854	696	565	761	603	530	650	791	451	782	718	721	698	381	461	804	303	632	333	743	521	850	828	626	634	
606	630	575	507	0	576	541	687	738	306	370	807	803	311	640	711	429	457	750	496	582	402	561	676	848	496	841	839	622	669	527	540	876	700	610	631	571	759	775	619	657	
637	483	495	868	576	0	446	358	432	751	376	807	340	321	647	500	309	714	753	446	427	483	489	887	673	515	338	646	483	789	592	359	782	797	366	819	439	820	544	370	548	
640	410	757	715	541	446	0	728	372	415	794	672	470	775	823	861	879	451	513	895	399	862	615	386	768	795	826	852	355	343	824	706	324	509	724	358	397	462	402	560	495	
633	756	464	353	687	358	728	0	415	555	322	434	378	729	643	391	880	564	313	352	333	632	534	483	353	755	495	627	557	318	754	785	723	783	305	821	543	899	496	531	800	
476	811	779	798	738	432	372	415	0	801	741	587	733	566	498	727	577	699	521	338	736	402	326	602	660	486	764	755	753	593	747	611	325	706	780	368	769	795	676	885	763	
885	680	848	877	306	751	415	555	801	0	593	334	351	491	645	444	480	829	482	451	782	338	366	809	620	769	699	616	554	450	542	426	378	444	821	307	869	615	619	692	898	
880	898	765	719	370	376	794	322	741	593	0	641	798	875	789	498	503	704	706	888	885	579	715	348	408	476	462	819	575	885	738	749	578	496	595	305	765	341	595	754	565	
428	717	429	690	807	807	672	434	587	334	641	0	730	870	656	498	882	373	871	356	523	345	881	521	734	821	331	503	775	729	683	494	307	393	416	634	637	790	509	648	395	
793	670	552	812	803	340	470	378	733	351	798	730	0	647	862	720	840	482	814	407	494	713	456	565	493	736	615	883	458	479	482	764	658	443	353	546	462	574	502	614	319	
787	550	454	574	311	321	775	729	566	491	875	870	647	0	640	583	315	753	631	765	363	487	552	482	411	496	680	502	388	571	355	878	768	510	304	690	702	820	319	833	547	
534	855	662	495	640	647	823	643	498	645	789	656	862	640	0	693	358	711	744	614	825	498	457	505	383	598	780	765	872	818	382	739	342	827	708	365	416	465	476	483	309	
749	306	709	607	711	500	861	391	727	444	498	498	720	583	693	0	801	822	484	841	575	376	677	340	379	644	405	689	438	837	690	580	538	889	509	884	815	651	546	632	820	
326	628	505	854	429	309	879	880	577	480	503	882	840	315	358	801	0	486	315	655	846	328	422	706	864	324	406	615	748	740	834	406	446	422	867	355	346	434	742	739	319	
563	535	707	696	457	714	451	564	699	829	704	373	482	753	711	822	486	0	672	571	338	692	697	368	631	598	403	761	347	844	701	867	348	308	891	564	369	893	679	739	513	
371	743	810	565	750	753	513	313	521	482	706	871	814	631	744	484	315	672	0	638	739	777	347	343	601	526	540	557	402	626	859	858	701	557	632	359	503	542	431	585	685	
547	521	737	761	496	446	895	352	338	451	888	356	407	765	614	841	655	571	638	0	545	835	320	411	636	475	432	523	850	802	327	615	739	740	717	439	685	815	761	690	823	
588	365	716	603	582	427	399	333	736	782	885	523	494	363	825	575	846	338	739	545	0	402	694	667	774	766	863	594	834	641	695	645	416	690	711	511	315	836	881	720	397	
319	633	765	530	402	483	862	632	402	338	579	345	713	487	498	376	328	692	777	835	402	0	506	654	818	493	484	649	668	371	568	577	496	492	540	467	759	813	786	699	383	
706	399	666	650	561	489	615	534	326	366	715	881	456	552	457	677	422	697	347	320	694	506	0	892	394	550	562	742	673	340	876	386	445	887	868	382	672	405	699	510	307	
737	403	345	791	676	887	386	483	602	809	348	521	565	482	505	340	706	368	343	411	667	654	892	0	602	324	659	503	762	510	470	683	623	597	363	551	830	382	773	701	403	
572	586	595	451	848	673	768	353	660	620	408	734	493	411	383	379	864	631	601	636	774	818	394	602	0	467	840	410	512	313	666	754	895	586	638	810	699	643	726	814	588	
849	304	778	782	496	515	795	755	486	769	476	821	736	496	598	644	324	598	526	475	766	493	550	324	467	0	759	367	600	491	800	774	850	320	677	536	725	349	348	446	699	
494	821	735	718	841	338	826	495	764	699	462	331	615	680	780	405	406	403	540	432	863	484	562	659	840	759	0	563	699	382	639	675	738	338	311	801	868	707	836	843	720	
619	467	744	721	839	646	852	627	755	616	819	503	883	502	765	689	615	761	557	523	594	649	742	503	410	367	563	0	773	453	399	377	462	752	505	761	827	767	435	745	581	
630	478	858	698	622	483	355	557	753	554	575	775	458	388	872	438	748	347	402	850	834	668	673	762	512	600	699	773	0	561	660	550	603	841	751	606	619	893	789	312	687	
692	704	320	381	669	789	343	318	593	450	885	729	479	571	818	837	740	844	626	802	641	371	340	510	313	491	382	453	561	0	461	779	575	777	452	749	803	791	422	805	894	
668	755	788	461	527	592	824	754	747	542	738	683	482	355	382	690	834	701	859	327	695	568	876	470	666	800	639	399	660	461	0	371	855	736	782	410	341	579	509	646	795	
485	414	514	804	540	359	706	785	611	426	749	494	764	878	739	580	406	867	858	615	645	577	386	683	754	774	675	377	550	779	371	0	649	392	446	430	571	791	647	881	331	
709	414	883	303	876	782	324	723	325	378	578	307	658	768	342	538	446	348	701	739	416	496	445	623	895	850	738	462	603	575	855	649	0	615	379	708	435	505	577	740	553	
543	603	721	632	700	797	509	783	706	444	496	393	443	510	827	889	422	308	557	740	690	492	887	597	586	320	338	752	841	777	736	392	615	0	335	563	620	487	542	566	487	
496	726	681	333	610	366	724	305	780	821	595	416	353	304	708	509	867	891	632	717	711	540	868	363	638	677	311	505	751	452	782	446	379	335	0	868	597	854	596	857	412	
570	686	846	743	631	819	358	821	368	307	305	634	546	690	365	884	355	564	359	439	511	467	382	551	810	536	801	761	606	749	410	430	708	563	868	0	840	303	822	664	642	
849	436	591	521	571	439	397	543	769	869	765	637	462	702	416	815	346	369	503	685	315	759	672	830	699	725	868	827	619	803	341	571	435	620	597	840	0	315	868	611	735	
381	789	442	850	759	820	462	899	795	615	341	790	574	820	465	651	434	893	542	815	836	813	405	382	643	349	707	767	893	791	579	791	505	487	854	303	315	0	353	678	845	
684	628	621	828	775	544	402	496	676	619	595	509	502	319	476	546	742	679	431	761	881	786	699	773	726	348	836	435	789	422	509	647	577	542	596	822	868	353	0	897	450	
560	795	421	626	619	370	560	531	885	692	754	648	614	833	483	632	739	739	585	690	720	699	510	701	814	446	843	745	312	805	646	881	740	566	857	664	611	678	897	0	489	
583	383	819	634	657	548	495	800	763	898	565	395	319	547	309	820	319	513	685	823	397	383	307	403	588	699	720	581	687	894	795	331	553	487	412	642	735	845	450	489	0	
etats
Id_Station	Poids W	Min (P)	WSPT	Priorité	
1	5	315	315,00	35	
2	1	302	302,00	27	
3	4	326	46,57	7	
4	4	316	52,67	10	
5	1	310	310,00	30	
6	7	316	35,11	2	
7	5	307	76,75	15	
8	8	317	317,00	37	
9	4	305	305,00	28	
10	5	312	312,00	33	
11	4	318	159,00	26	
12	6	307	34,11	1	
13	7	329	109,67	23	
14	8	305	152,50	25	
15	8	315	315,00	36	
16	2	320	320,00	38	
17	3	306	306,00	29	
18	8	429	61,29	13	
19	9	306	43,71	6	
20	1	311	311,00	31	
21	5	305	43,57	5	
22	8	313	313,00	34	
23	2	325	81,25	17	
24	2	316	105,33	22	
25	4	304	101,33	20	
26	6	302	100,67	18	
27	9	311	311,00	32	
28	3	318	53,00	11	
29	2	324	81,00	16	
30	2	300	60,00	12	
31	2	304	50,67	9	
32	9	333	333,00	40	
33	2	328	46,86	8	
34	4	303	101,00	19	
35	9	300	75,00	14	
36	5	303	37,88	3	
37	2	328	328,00	39	
38	7	306	38,25	4	
39	7	305	101,67	21	
40	2	302	151,00	24	

