distances
0	789	864	824	392	699	822	604	435	464	459	579	633	627	397	669	391	879	720	580	539	598	357	771	348	736	422	537	316	492	694	506	320	890	533	371	793	451	681	536	364	
789	0	767	583	717	523	865	346	634	895	405	396	453	504	560	399	306	873	842	586	304	837	456	461	833	635	558	326	432	337	596	449	430	354	698	532	897	866	656	886	849	
864	767	0	643	308	330	549	731	581	730	819	315	324	352	575	554	868	345	771	620	870	646	834	302	772	482	800	633	321	312	537	456	692	567	636	432	849	379	335	331	760	
824	583	643	0	496	340	308	302	898	681	661	351	821	667	645	894	326	758	873	320	883	582	374	823	681	826	510	561	440	515	327	454	576	805	849	627	778	374	397	758	701	
392	717	308	496	0	450	662	816	891	704	755	345	855	366	898	737	675	493	891	329	591	851	370	853	773	773	674	376	335	369	360	495	486	882	369	510	507	831	356	642	711	
699	523	330	340	450	0	767	508	573	787	660	784	613	772	313	492	536	351	477	591	882	752	748	609	552	617	376	515	571	529	865	550	841	446	743	518	619	545	306	723	321	
822	865	549	308	662	767	0	367	882	384	521	584	436	823	571	697	699	515	338	585	549	693	776	776	750	679	443	755	463	564	887	538	556	875	568	502	364	836	491	543	454	
604	346	731	302	816	508	367	0	824	347	527	545	624	589	570	808	372	675	542	767	771	518	899	345	546	836	817	367	435	803	595	432	828	715	500	629	361	577	689	578	758	
435	634	581	898	891	573	882	824	0	589	805	781	832	853	627	522	613	525	660	529	670	541	418	492	552	729	386	492	750	543	899	455	542	587	629	334	841	308	474	452	667	
464	895	730	681	704	787	384	347	589	0	816	499	447	766	506	462	639	405	736	478	652	590	571	618	597	795	842	308	575	852	711	446	431	828	717	345	419	638	871	363	398	
459	405	819	661	755	660	521	527	805	816	0	894	480	324	418	689	467	851	877	780	472	360	704	351	641	764	786	854	358	872	439	860	690	869	462	554	426	441	349	812	466	
579	396	315	351	345	784	584	545	781	499	894	0	827	484	688	439	850	886	329	582	751	340	457	768	398	513	530	366	647	326	741	316	301	865	393	715	596	498	303	577	365	
633	453	324	821	855	613	436	624	832	447	480	827	0	334	824	730	408	610	434	642	678	332	728	679	462	773	763	738	774	479	802	595	454	573	311	808	727	723	362	413	665	
627	504	352	667	366	772	823	589	853	766	324	484	334	0	801	637	724	459	700	558	638	715	805	738	433	782	608	640	486	587	427	582	533	377	820	532	406	456	859	724	760	
397	560	575	645	898	313	571	570	627	506	418	688	824	801	0	673	860	615	512	380	634	447	763	506	634	591	374	491	314	607	550	332	606	831	621	575	418	638	407	816	387	
669	399	554	894	737	492	697	808	522	462	689	439	730	637	673	0	304	557	551	713	736	520	868	819	606	687	739	869	818	811	438	367	424	449	850	421	474	630	411	785	772	
391	306	868	326	675	536	699	372	613	639	467	850	408	724	860	304	0	427	697	566	515	700	385	411	676	460	607	611	588	726	822	554	889	655	417	312	313	426	772	752	566	
879	873	345	758	493	351	515	675	525	405	851	886	610	459	615	557	427	0	889	698	875	533	680	599	335	488	526	426	400	518	447	576	650	882	659	337	699	866	676	370	825	
720	842	771	873	891	477	338	542	660	736	877	329	434	700	512	551	697	889	0	402	413	514	550	379	366	634	815	409	436	882	660	699	310	690	692	754	721	770	806	378	462	
580	586	620	320	329	591	585	767	529	478	780	582	642	558	380	713	566	698	402	0	553	513	627	412	304	899	790	581	573	609	712	318	351	783	423	827	770	803	519	640	342	
539	304	870	883	591	882	549	771	670	652	472	751	678	638	634	736	515	875	413	553	0	713	865	399	685	381	676	711	773	465	598	643	781	606	380	619	479	394	596	641	431	
598	837	646	582	851	752	693	518	541	590	360	340	332	715	447	520	700	533	514	513	713	0	743	418	500	394	887	448	523	323	486	434	775	314	491	613	894	688	482	379	845	
357	456	834	374	370	748	776	899	418	571	704	457	728	805	763	868	385	680	550	627	865	743	0	831	665	332	730	699	568	371	585	640	712	440	388	622	541	798	452	888	314	
771	461	302	823	853	609	776	345	492	618	351	768	679	738	506	819	411	599	379	412	399	418	831	0	492	563	531	824	586	710	328	303	404	839	477	555	465	781	693	564	489	
348	833	772	681	773	552	750	546	552	597	641	398	462	433	634	606	676	335	366	304	685	500	665	492	0	893	725	583	448	527	491	390	394	579	495	755	508	584	579	617	415	
736	635	482	826	773	617	679	836	729	795	764	513	773	782	591	687	460	488	634	899	381	394	332	563	893	0	887	773	688	614	404	601	688	332	540	531	512	394	432	325	822	
422	558	800	510	674	376	443	817	386	842	786	530	763	608	374	739	607	526	815	790	676	887	730	531	725	887	0	725	810	807	401	591	332	334	639	426	772	780	412	585	326	
537	326	633	561	376	515	755	367	492	308	854	366	738	640	491	869	611	426	409	581	711	448	699	824	583	773	725	0	343	560	816	425	828	827	884	359	745	502	633	602	318	
316	432	321	440	335	571	463	435	750	575	358	647	774	486	314	818	588	400	436	573	773	523	568	586	448	688	810	343	0	853	612	737	516	384	646	336	861	564	737	849	487	
492	337	312	515	369	529	564	803	543	852	872	326	479	587	607	811	726	518	882	609	465	323	371	710	527	614	807	560	853	0	549	434	331	760	851	676	545	867	304	391	533	
694	596	537	327	360	865	887	595	899	711	439	741	802	427	550	438	822	447	660	712	598	486	585	328	491	404	401	816	612	549	0	852	639	876	433	884	870	816	425	653	366	
506	449	456	454	495	550	538	432	455	446	860	316	595	582	332	367	554	576	699	318	643	434	640	303	390	601	591	425	737	434	852	0	350	700	429	715	689	551	792	836	615	
320	430	692	576	486	841	556	828	542	431	690	301	454	533	606	424	889	650	310	351	781	775	712	404	394	688	332	828	516	331	639	350	0	649	605	863	325	602	454	303	754	
890	354	567	805	882	446	875	715	587	828	869	865	573	377	831	449	655	882	690	783	606	314	440	839	579	332	334	827	384	760	876	700	649	0	787	608	362	895	429	434	538	
533	698	636	849	369	743	568	500	629	717	462	393	311	820	621	850	417	659	692	423	380	491	388	477	495	540	639	884	646	851	433	429	605	787	0	666	576	449	516	853	326	
371	532	432	627	510	518	502	629	334	345	554	715	808	532	575	421	312	337	754	827	619	613	622	555	755	531	426	359	336	676	884	715	863	608	666	0	347	602	619	439	672	
793	897	849	778	507	619	364	361	841	419	426	596	727	406	418	474	313	699	721	770	479	894	541	465	508	512	772	745	861	545	870	689	325	362	576	347	0	664	424	464	529	
451	866	379	374	831	545	836	577	308	638	441	498	723	456	638	630	426	866	770	803	394	688	798	781	584	394	780	502	564	867	816	551	602	895	449	602	664	0	853	609	376	
681	656	335	397	356	306	491	689	474	871	349	303	362	859	407	411	772	676	806	519	596	482	452	693	579	432	412	633	737	304	425	792	454	429	516	619	424	853	0	528	718	
536	886	331	758	642	723	543	578	452	363	812	577	413	724	816	785	752	370	378	640	641	379	888	564	617	325	585	602	849	391	653	836	303	434	853	439	464	609	528	0	333	
364	849	760	701	711	321	454	758	667	398	466	365	665	760	387	772	566	825	462	342	431	845	314	489	415	822	326	318	487	533	366	615	754	538	326	672	529	376	718	333	0	
etats
Id_Station	Poids W	Min (P)	WSPT	Priorité	
1	7	304	60,80	16	
2	1	320	320,00	40	
3	4	303	75,75	21	
4	7	306	76,50	24	
5	8	309	309,00	38	
6	1	324	46,29	13	
7	7	305	61,00	17	
8	1	325	40,63	8	
9	8	306	76,50	25	
10	2	305	61,00	18	
11	1	307	76,75	26	
12	3	319	53,17	15	
13	3	304	43,43	10	
14	1	309	38,63	6	
15	7	306	38,25	4	
16	1	309	154,50	32	
17	1	308	102,67	27	
18	1	313	39,13	7	
19	1	320	35,56	3	
20	4	315	315,00	39	
21	8	319	63,80	20	
22	2	307	38,38	5	
23	9	324	162,00	35	
24	1	313	156,50	33	
25	3	304	76,00	22	
26	7	311	51,83	14	
27	4	367	40,78	9	
28	5	312	104,00	28	
29	8	313	156,50	34	
30	6	327	163,50	36	
31	3	331	165,50	37	
32	8	303	33,67	1	
33	3	308	154,00	31	
34	6	304	76,00	23	
35	1	303	33,67	2	
36	1	315	63,00	19	
37	6	303	151,50	29	
38	1	319	45,57	12	
39	8	312	44,57	11	
40	6	307	153,50	30	
