distances
0	864	859	590	622	478	711	463	809	706	408	441	700	400	729	377	335	676	441	375	305	606	479	473	541	401	458	874	848	397	801	403	666	303	397	873	735	512	697	479	563	
864	0	702	327	586	348	701	664	767	766	726	527	609	766	750	675	828	720	411	319	856	754	732	348	507	723	360	660	765	302	810	340	618	778	808	675	459	461	458	546	412	
859	702	0	663	836	411	643	822	692	620	608	693	585	314	722	482	447	769	443	322	485	749	869	759	692	843	847	438	413	652	689	346	320	733	687	689	850	823	884	306	591	
590	327	663	0	669	535	394	490	839	717	702	756	800	563	869	891	411	674	371	369	752	489	369	586	356	723	845	682	408	632	580	535	643	484	796	591	517	604	410	812	691	
622	586	836	669	0	563	325	305	619	637	692	689	659	585	666	626	817	373	555	768	357	613	646	420	557	412	784	645	481	859	892	874	609	458	785	474	307	675	303	603	372	
478	348	411	535	563	0	407	601	387	895	446	536	777	447	672	476	657	427	835	339	548	302	300	628	872	429	786	881	403	807	368	541	873	855	371	788	755	581	616	559	564	
711	701	643	394	325	407	0	628	848	314	674	724	639	523	470	840	782	758	739	489	459	334	372	671	554	302	865	813	389	536	546	730	763	844	580	861	718	885	661	772	827	
463	664	822	490	305	601	628	0	615	674	395	812	584	646	868	554	555	347	327	391	549	468	401	311	467	789	513	870	321	368	653	414	746	325	799	562	524	879	484	653	589	
809	767	692	839	619	387	848	615	0	561	648	861	476	848	834	843	506	487	532	818	832	386	898	665	678	784	752	592	304	312	702	823	456	671	377	472	762	469	684	501	371	
706	766	620	717	637	895	314	674	561	0	423	785	459	819	631	898	720	699	562	510	467	790	718	747	659	378	664	494	782	506	583	698	680	754	524	887	743	452	546	774	324	
408	726	608	702	692	446	674	395	648	423	0	365	712	642	777	730	342	834	785	343	414	603	799	621	844	837	689	737	469	781	503	734	300	339	523	839	695	706	365	762	846	
441	527	693	756	689	536	724	812	861	785	365	0	790	822	483	782	876	387	397	560	422	467	886	861	794	592	572	650	880	597	313	416	549	539	754	598	450	412	498	524	709	
700	609	585	800	659	777	639	584	476	459	712	790	0	384	619	829	338	580	403	468	759	666	704	416	622	403	796	634	646	439	693	562	500	851	853	326	300	895	455	842	836	
400	766	314	563	585	447	523	646	848	819	642	822	384	0	763	571	810	863	528	391	814	796	334	723	452	641	443	518	577	354	507	462	657	608	858	729	479	484	449	515	835	
729	750	722	869	666	672	470	868	834	631	777	483	619	763	0	458	438	497	328	620	753	711	565	761	432	635	408	375	439	713	403	514	317	807	876	867	421	850	859	594	495	
377	675	482	891	626	476	840	554	843	898	730	782	829	571	458	0	550	625	316	735	497	842	589	371	797	622	714	731	409	309	404	764	501	720	656	806	652	340	411	814	632	
335	828	447	411	817	657	782	555	506	720	342	876	338	810	438	550	0	687	476	589	472	387	309	413	810	528	306	709	492	352	451	604	339	536	557	461	588	570	883	876	830	
676	720	769	674	373	427	758	347	487	699	834	387	580	863	497	625	687	0	450	734	708	622	667	374	464	545	506	359	600	624	456	783	337	358	362	420	761	512	362	483	795	
441	411	443	371	555	835	739	327	532	562	785	397	403	528	328	316	476	450	0	393	316	321	840	741	629	434	678	573	406	579	484	776	672	672	536	432	684	361	479	844	881	
375	319	322	369	768	339	489	391	818	510	343	560	468	391	620	735	589	734	393	0	625	487	532	378	768	679	800	834	715	834	708	592	765	895	654	801	508	401	505	315	847	
305	856	485	752	357	548	459	549	832	467	414	422	759	814	753	497	472	708	316	625	0	546	632	434	897	818	710	546	829	892	786	536	803	609	352	652	522	415	700	447	421	
606	754	749	489	613	302	334	468	386	790	603	467	666	796	711	842	387	622	321	487	546	0	744	412	587	316	826	831	856	312	741	342	892	426	609	814	750	697	860	801	517	
479	732	869	369	646	300	372	401	898	718	799	886	704	334	565	589	309	667	840	532	632	744	0	837	315	416	575	544	548	598	766	798	514	782	657	753	403	326	560	320	726	
473	348	759	586	420	628	671	311	665	747	621	861	416	723	761	371	413	374	741	378	434	412	837	0	355	712	324	402	773	526	362	343	859	363	490	356	464	806	644	729	628	
541	507	692	356	557	872	554	467	678	659	844	794	622	452	432	797	810	464	629	768	897	587	315	355	0	422	432	810	403	617	659	692	597	788	878	823	653	879	605	428	468	
401	723	843	723	412	429	302	789	784	378	837	592	403	641	635	622	528	545	434	679	818	316	416	712	422	0	432	761	401	502	523	894	666	415	762	494	811	447	731	583	455	
458	360	847	845	784	786	865	513	752	664	689	572	796	443	408	714	306	506	678	800	710	826	575	324	432	432	0	588	546	587	618	362	518	721	540	660	620	591	633	630	431	
874	660	438	682	645	881	813	870	592	494	737	650	634	518	375	731	709	359	573	834	546	831	544	402	810	761	588	0	660	592	828	379	333	556	638	475	670	756	627	411	782	
848	765	413	408	481	403	389	321	304	782	469	880	646	577	439	409	492	600	406	715	829	856	548	773	403	401	546	660	0	811	459	445	620	824	835	487	487	335	766	398	859	
397	302	652	632	859	807	536	368	312	506	781	597	439	354	713	309	352	624	579	834	892	312	598	526	617	502	587	592	811	0	740	867	831	350	641	383	792	481	825	495	625	
801	810	689	580	892	368	546	653	702	583	503	313	693	507	403	404	451	456	484	708	786	741	766	362	659	523	618	828	459	740	0	356	699	859	781	791	722	825	319	458	754	
403	340	346	535	874	541	730	414	823	698	734	416	562	462	514	764	604	783	776	592	536	342	798	343	692	894	362	379	445	867	356	0	369	430	871	502	318	583	851	492	629	
666	618	320	643	609	873	763	746	456	680	300	549	500	657	317	501	339	337	672	765	803	892	514	859	597	666	518	333	620	831	699	369	0	313	621	750	741	624	368	447	882	
303	778	733	484	458	855	844	325	671	754	339	539	851	608	807	720	536	358	672	895	609	426	782	363	788	415	721	556	824	350	859	430	313	0	565	462	809	359	817	741	476	
397	808	687	796	785	371	580	799	377	524	523	754	853	858	876	656	557	362	536	654	352	609	657	490	878	762	540	638	835	641	781	871	621	565	0	608	780	433	525	825	800	
873	675	689	591	474	788	861	562	472	887	839	598	326	729	867	806	461	420	432	801	652	814	753	356	823	494	660	475	487	383	791	502	750	462	608	0	714	357	354	743	309	
735	459	850	517	307	755	718	524	762	743	695	450	300	479	421	652	588	761	684	508	522	750	403	464	653	811	620	670	487	792	722	318	741	809	780	714	0	433	528	443	850	
512	461	823	604	675	581	885	879	469	452	706	412	895	484	850	340	570	512	361	401	415	697	326	806	879	447	591	756	335	481	825	583	624	359	433	357	433	0	830	741	703	
697	458	884	410	303	616	661	484	684	546	365	498	455	449	859	411	883	362	479	505	700	860	560	644	605	731	633	627	766	825	319	851	368	817	525	354	528	830	0	322	522	
479	546	306	812	603	559	772	653	501	774	762	524	842	515	594	814	876	483	844	315	447	801	320	729	428	583	630	411	398	495	458	492	447	741	825	743	443	741	322	0	668	
563	412	591	691	372	564	827	589	371	324	846	709	836	835	495	632	830	795	881	847	421	517	726	628	468	455	431	782	859	625	754	629	882	476	800	309	850	703	522	668	0	
etats
Id_Station	Poids W	Min (P)	WSPT	Priorité	
1	1	316	79,00	23	
2	2	300	75,00	16	
3	9	303	75,75	18	
4	5	303	303,00	34	
5	9	300	75,00	17	
6	5	323	107,67	28	
7	1	334	41,75	4	
8	4	323	323,00	39	
9	6	316	316,00	38	
10	6	305	50,83	11	
11	2	300	42,86	5	
12	1	320	106,67	27	
13	8	320	64,00	15	
14	5	319	159,50	29	
15	8	313	78,25	22	
16	4	330	47,14	9	
17	4	305	76,25	21	
18	6	300	33,33	1	
19	3	320	160,00	30	
20	8	304	38,00	3	
21	4	323	80,75	24	
22	4	300	300,00	31	
23	2	303	75,75	19	
24	9	300	300,00	32	
25	2	306	51,00	12	
26	9	310	103,33	26	
27	1	310	310,00	37	
28	5	300	300,00	33	
29	6	304	304,00	35	
30	6	305	305,00	36	
31	3	306	51,00	13	
32	8	310	44,29	7	
33	2	330	330,00	40	
34	4	340	56,67	14	
35	2	334	83,50	25	
36	9	300	33,33	2	
37	5	325	46,43	8	
38	4	304	76,00	20	
39	4	307	43,86	6	
40	9	303	50,50	10	

