distances
0	544	775	811	865	788	852	492	631	357	565	569	623	811	481	456	428	409	588	651	444	706	441	651	589	585	778	705	848	860	494	636	579	784	701	541	484	661	687	415	508	
544	0	524	748	318	315	845	577	754	721	628	498	351	562	641	769	472	706	708	515	417	715	670	899	783	660	504	334	618	737	543	806	579	701	490	627	437	723	850	795	419	
775	524	0	681	594	714	644	711	840	769	325	657	816	359	851	754	890	499	624	771	794	776	527	684	762	816	302	676	583	339	387	719	341	732	635	885	663	753	635	572	644	
811	748	681	0	419	497	479	424	513	532	747	592	845	809	435	541	537	613	599	884	536	663	606	885	798	543	326	723	785	584	549	681	470	620	845	795	699	539	535	893	739	
865	318	594	419	0	715	724	585	387	795	591	382	539	878	827	316	604	569	701	588	773	364	522	747	767	513	523	562	322	764	797	712	728	722	845	794	674	639	561	332	487	
788	315	714	497	715	0	870	745	356	820	469	577	804	348	754	805	447	761	602	863	579	846	665	384	642	666	320	713	596	348	634	310	514	666	873	733	739	864	825	323	412	
852	845	644	479	724	870	0	705	380	366	868	824	661	764	878	787	405	893	828	549	316	554	612	825	431	328	561	610	462	558	319	694	743	620	354	858	781	409	444	619	761	
492	577	711	424	585	745	705	0	532	747	312	737	625	713	882	405	514	408	598	742	311	637	823	518	411	713	331	402	876	726	645	671	854	606	719	762	736	352	658	738	307	
631	754	840	513	387	356	380	532	0	770	464	375	594	672	550	429	890	543	790	551	422	847	317	688	789	431	838	471	394	358	676	773	585	734	721	459	452	469	368	684	466	
357	721	769	532	795	820	366	747	770	0	731	565	427	394	305	770	528	803	465	490	353	788	624	426	701	360	619	311	667	423	691	387	811	328	643	557	530	504	824	787	791	
565	628	325	747	591	469	868	312	464	731	0	852	392	329	648	878	577	658	429	486	600	844	434	455	653	595	461	402	388	439	694	704	850	518	841	412	861	530	357	717	336	
569	498	657	592	382	577	824	737	375	565	852	0	676	790	438	753	834	554	466	736	415	799	485	667	482	331	413	459	318	324	427	681	504	873	616	534	437	867	342	701	621	
623	351	816	845	539	804	661	625	594	427	392	676	0	494	412	626	831	855	721	357	651	386	738	499	577	349	407	792	518	830	307	450	333	443	524	394	703	767	777	672	880	
811	562	359	809	878	348	764	713	672	394	329	790	494	0	739	555	543	566	445	363	465	713	821	378	808	349	547	678	378	880	595	706	609	782	791	827	869	681	348	355	770	
481	641	851	435	827	754	878	882	550	305	648	438	412	739	0	315	326	870	639	378	349	677	703	689	601	585	529	671	620	519	616	890	487	488	808	862	429	606	615	745	511	
456	769	754	541	316	805	787	405	429	770	878	753	626	555	315	0	611	374	456	383	401	770	402	325	316	707	431	443	435	513	603	704	700	794	318	845	703	707	428	426	623	
428	472	890	537	604	447	405	514	890	528	577	834	831	543	326	611	0	679	853	545	799	320	699	674	761	571	350	464	393	661	445	483	587	843	569	606	629	636	538	577	842	
409	706	499	613	569	761	893	408	543	803	658	554	855	566	870	374	679	0	801	306	863	642	583	392	470	361	337	432	412	680	439	594	346	434	761	899	734	631	320	461	361	
588	708	624	599	701	602	828	598	790	465	429	466	721	445	639	456	853	801	0	528	429	896	751	692	602	751	555	687	781	899	775	523	583	666	539	823	546	832	480	720	543	
651	515	771	884	588	863	549	742	551	490	486	736	357	363	378	383	545	306	528	0	721	375	498	624	585	889	529	328	433	701	607	833	637	741	583	527	588	670	463	770	584	
444	417	794	536	773	579	316	311	422	353	600	415	651	465	349	401	799	863	429	721	0	504	691	447	527	718	575	360	409	744	610	683	583	563	778	624	506	823	736	837	832	
706	715	776	663	364	846	554	637	847	788	844	799	386	713	677	770	320	642	896	375	504	0	847	695	408	444	475	662	378	865	639	871	757	390	769	869	501	328	402	305	539	
441	670	527	606	522	665	612	823	317	624	434	485	738	821	703	402	699	583	751	498	691	847	0	520	658	737	445	580	777	837	462	669	631	784	344	648	313	606	771	612	630	
651	899	684	885	747	384	825	518	688	426	455	667	499	378	689	325	674	392	692	624	447	695	520	0	662	600	744	327	831	768	693	424	662	779	401	867	461	601	588	326	740	
589	783	762	798	767	642	431	411	789	701	653	482	577	808	601	316	761	470	602	585	527	408	658	662	0	529	748	343	458	476	782	489	611	457	764	785	463	873	569	800	608	
585	660	816	543	513	666	328	713	431	360	595	331	349	349	585	707	571	361	751	889	718	444	737	600	529	0	660	778	604	566	397	304	785	381	834	666	789	509	441	699	729	
778	504	302	326	523	320	561	331	838	619	461	413	407	547	529	431	350	337	555	529	575	475	445	744	748	660	0	433	505	758	677	440	361	824	337	584	888	429	693	803	624	
705	334	676	723	562	713	610	402	471	311	402	459	792	678	671	443	464	432	687	328	360	662	580	327	343	778	433	0	600	700	401	613	609	492	846	574	804	503	549	837	318	
848	618	583	785	322	596	462	876	394	667	388	318	518	378	620	435	393	412	781	433	409	378	777	831	458	604	505	600	0	876	401	754	516	334	357	767	672	849	614	879	452	
860	737	339	584	764	348	558	726	358	423	439	324	830	880	519	513	661	680	899	701	744	865	837	768	476	566	758	700	876	0	458	872	431	619	739	872	845	546	339	336	773	
494	543	387	549	797	634	319	645	676	691	694	427	307	595	616	603	445	439	775	607	610	639	462	693	782	397	677	401	401	458	0	726	705	635	737	300	589	627	878	789	302	
636	806	719	681	712	310	694	671	773	387	704	681	450	706	890	704	483	594	523	833	683	871	669	424	489	304	440	613	754	872	726	0	674	756	685	843	795	715	465	400	394	
579	579	341	470	728	514	743	854	585	811	850	504	333	609	487	700	587	346	583	637	583	757	631	662	611	785	361	609	516	431	705	674	0	438	896	397	616	619	573	579	832	
784	701	732	620	722	666	620	606	734	328	518	873	443	782	488	794	843	434	666	741	563	390	784	779	457	381	824	492	334	619	635	756	438	0	383	370	663	369	515	680	668	
701	490	635	845	845	873	354	719	721	643	841	616	524	791	808	318	569	761	539	583	778	769	344	401	764	834	337	846	357	739	737	685	896	383	0	795	303	358	416	624	467	
541	627	885	795	794	733	858	762	459	557	412	534	394	827	862	845	606	899	823	527	624	869	648	867	785	666	584	574	767	872	300	843	397	370	795	0	887	491	465	498	805	
484	437	663	699	674	739	781	736	452	530	861	437	703	869	429	703	629	734	546	588	506	501	313	461	463	789	888	804	672	845	589	795	616	663	303	887	0	509	306	512	306	
661	723	753	539	639	864	409	352	469	504	530	867	767	681	606	707	636	631	832	670	823	328	606	601	873	509	429	503	849	546	627	715	619	369	358	491	509	0	563	881	622	
687	850	635	535	561	825	444	658	368	824	357	342	777	348	615	428	538	320	480	463	736	402	771	588	569	441	693	549	614	339	878	465	573	515	416	465	306	563	0	404	649	
415	795	572	893	332	323	619	738	684	787	717	701	672	355	745	426	577	461	720	770	837	305	612	326	800	699	803	837	879	336	789	400	579	680	624	498	512	881	404	0	679	
508	419	644	739	487	412	761	307	466	791	336	621	880	770	511	623	842	361	543	584	832	539	630	740	608	729	624	318	452	773	302	394	832	668	467	805	306	622	649	679	0	
etats
Id_Station	Poids W	Min (P)	WSPT	Priorité	
1	1				
2	1				
3	7				
4	6				
5	1				
6	9				
7	4				
8	1				
9	1				
10	1				
11	2				
12	9				
13	3				
14	2				
15	1				
16	1				
17	1				
18	7				
19	7				
20	1				
21	7				
22	1				
23	4				
24	3				
25	3				
26	3				
27	1				
28	6				
29	4				
30	5				
31	6				
32	1				
33	7				
34	3				
35	4				
36	8				
37	1				
38	8				
39	3				
40	2				

