distances
0	555	458	672	822	461	399	863	630	735	835	706	871	425	825	525	602	444	778	860	563	884	717	611	485	704	321	794	832	694	397	406	437	404	685	653	408	706	571	818	730	
555	0	312	622	519	314	567	437	844	896	379	470	342	522	680	613	356	597	380	393	507	476	765	795	683	670	356	795	364	613	506	604	717	745	470	469	744	474	503	465	307	
458	312	0	326	483	473	305	557	737	759	778	853	604	443	673	792	799	891	662	816	715	648	887	642	553	738	759	698	744	639	881	727	859	866	687	303	561	584	557	319	457	
672	622	326	0	843	818	612	547	499	842	540	525	456	722	787	454	476	622	400	336	537	779	890	863	727	483	380	749	635	307	365	731	355	702	452	366	582	450	680	780	327	
822	519	483	843	0	528	529	627	404	443	656	799	353	724	594	449	340	820	529	491	481	361	857	365	335	837	598	726	774	330	493	430	752	555	624	732	889	781	489	570	829	
461	314	473	818	528	0	448	616	490	482	861	573	698	685	511	854	658	431	637	569	619	778	472	367	310	849	795	782	497	548	446	650	436	488	370	368	894	499	864	762	838	
399	567	305	612	529	448	0	678	666	804	699	810	752	764	898	516	407	521	888	897	419	712	592	341	713	677	712	658	797	560	768	431	755	635	505	562	891	612	792	708	740	
863	437	557	547	627	616	678	0	383	402	471	687	325	583	310	633	454	875	839	457	365	356	646	794	644	388	754	877	692	842	649	585	856	318	794	468	887	389	376	620	741	
630	844	737	499	404	490	666	383	0	631	431	536	560	899	477	709	480	618	770	667	610	651	586	329	478	326	787	759	866	870	369	495	577	384	409	815	616	450	539	646	644	
735	896	759	842	443	482	804	402	631	0	809	733	725	450	714	763	308	304	781	517	532	802	562	528	870	718	416	864	451	683	799	819	626	608	531	335	575	457	493	476	534	
835	379	778	540	656	861	699	471	431	809	0	896	305	492	507	808	687	735	767	389	330	742	706	599	683	866	484	368	609	599	765	522	857	663	648	304	678	643	844	324	540	
706	470	853	525	799	573	810	687	536	733	896	0	515	591	683	480	658	793	620	521	525	491	777	431	341	510	495	761	537	575	782	392	335	638	767	639	871	539	847	483	628	
871	342	604	456	353	698	752	325	560	725	305	515	0	608	796	534	896	609	446	807	377	490	590	386	855	785	724	709	408	443	473	702	843	705	806	759	535	520	674	659	496	
425	522	443	722	724	685	764	583	899	450	492	591	608	0	545	608	663	524	579	794	863	637	410	825	407	640	542	425	705	325	396	447	846	556	518	453	736	479	787	522	580	
825	680	673	787	594	511	898	310	477	714	507	683	796	545	0	847	502	446	807	463	654	408	495	881	634	705	454	897	470	499	856	658	679	370	341	659	752	380	408	305	874	
525	613	792	454	449	854	516	633	709	763	808	480	534	608	847	0	698	578	887	505	521	719	687	560	781	705	517	626	472	363	715	783	550	705	750	620	750	661	827	895	492	
602	356	799	476	340	658	407	454	480	308	687	658	896	663	502	698	0	554	711	632	589	312	316	827	318	367	408	493	722	817	770	497	685	768	571	583	305	509	867	435	696	
444	597	891	622	820	431	521	875	618	304	735	793	609	524	446	578	554	0	854	517	469	675	861	688	661	730	837	460	890	394	346	680	443	466	889	358	547	710	541	614	581	
778	380	662	400	529	637	888	839	770	781	767	620	446	579	807	887	711	854	0	483	346	443	800	535	374	833	822	701	863	399	349	517	314	329	872	443	653	566	372	417	798	
860	393	816	336	491	569	897	457	667	517	389	521	807	794	463	505	632	517	483	0	446	543	381	560	726	587	666	687	443	388	556	700	757	770	380	479	572	460	882	884	565	
563	507	715	537	481	619	419	365	610	532	330	525	377	863	654	521	589	469	346	446	0	441	379	714	321	816	722	387	394	678	700	589	607	661	379	861	366	879	849	862	700	
884	476	648	779	361	778	712	356	651	802	742	491	490	637	408	719	312	675	443	543	441	0	484	618	459	891	815	623	402	671	542	413	565	664	665	330	464	899	890	816	373	
717	765	887	890	857	472	592	646	586	562	706	777	590	410	495	687	316	861	800	381	379	484	0	522	752	409	610	672	652	798	336	750	384	681	692	331	383	347	444	837	420	
611	795	642	863	365	367	341	794	329	528	599	431	386	825	881	560	827	688	535	560	714	618	522	0	343	640	511	880	707	773	477	710	440	535	879	635	815	780	442	586	861	
485	683	553	727	335	310	713	644	478	870	683	341	855	407	634	781	318	661	374	726	321	459	752	343	0	420	611	799	492	699	497	671	302	668	546	881	302	353	331	632	382	
704	670	738	483	837	849	677	388	326	718	866	510	785	640	705	705	367	730	833	587	816	891	409	640	420	0	666	471	889	543	642	562	690	658	706	351	741	422	767	757	416	
321	356	759	380	598	795	712	754	787	416	484	495	724	542	454	517	408	837	822	666	722	815	610	511	611	666	0	333	857	521	331	605	821	541	528	403	446	741	547	619	614	
794	795	698	749	726	782	658	877	759	864	368	761	709	425	897	626	493	460	701	687	387	623	672	880	799	471	333	0	726	348	819	365	488	485	309	731	611	479	564	864	599	
832	364	744	635	774	497	797	692	866	451	609	537	408	705	470	472	722	890	863	443	394	402	652	707	492	889	857	726	0	505	876	870	813	479	722	602	617	668	426	406	573	
694	613	639	307	330	548	560	842	870	683	599	575	443	325	499	363	817	394	399	388	678	671	798	773	699	543	521	348	505	0	568	534	813	448	658	498	870	755	407	733	429	
397	506	881	365	493	446	768	649	369	799	765	782	473	396	856	715	770	346	349	556	700	542	336	477	497	642	331	819	876	568	0	840	845	527	309	670	857	575	510	395	353	
406	604	727	731	430	650	431	585	495	819	522	392	702	447	658	783	497	680	517	700	589	413	750	710	671	562	605	365	870	534	840	0	328	661	877	529	878	437	351	675	651	
437	717	859	355	752	436	755	856	577	626	857	335	843	846	679	550	685	443	314	757	607	565	384	440	302	690	821	488	813	813	845	328	0	448	744	595	540	415	609	641	789	
404	745	866	702	555	488	635	318	384	608	663	638	705	556	370	705	768	466	329	770	661	664	681	535	668	658	541	485	479	448	527	661	448	0	379	676	784	537	831	678	581	
685	470	687	452	624	370	505	794	409	531	648	767	806	518	341	750	571	889	872	380	379	665	692	879	546	706	528	309	722	658	309	877	744	379	0	348	634	421	395	790	895	
653	469	303	366	732	368	562	468	815	335	304	639	759	453	659	620	583	358	443	479	861	330	331	635	881	351	403	731	602	498	670	529	595	676	348	0	575	395	851	503	667	
408	744	561	582	889	894	891	887	616	575	678	871	535	736	752	750	305	547	653	572	366	464	383	815	302	741	446	611	617	870	857	878	540	784	634	575	0	543	406	393	679	
706	474	584	450	781	499	612	389	450	457	643	539	520	479	380	661	509	710	566	460	879	899	347	780	353	422	741	479	668	755	575	437	415	537	421	395	543	0	690	691	406	
571	503	557	680	489	864	792	376	539	493	844	847	674	787	408	827	867	541	372	882	849	890	444	442	331	767	547	564	426	407	510	351	609	831	395	851	406	690	0	763	308	
818	465	319	780	570	762	708	620	646	476	324	483	659	522	305	895	435	614	417	884	862	816	837	586	632	757	619	864	406	733	395	675	641	678	790	503	393	691	763	0	378	
730	307	457	327	829	838	740	741	644	534	540	628	496	580	874	492	696	581	798	565	700	373	420	861	382	416	614	599	573	429	353	651	789	581	895	667	679	406	308	378	0	
etats
Id_Station	Poids W	Min (P)	WSPT	Priorité	
1	4	340	48,57	16	
2	1	360	360,00	40	
3	5	302	302,00	34	
4	5	318	63,60	23	
5	7	302	302,00	35	
6	7	301	43,00	12	
7	6	307	61,40	22	
8	4	302	33,56	2	
9	9	315	52,50	18	
10	8	360	51,43	17	
11	9	301	301,00	33	
12	3	309	34,33	5	
13	2	301	150,50	29	
14	2	314	78,50	24	
15	7	305	305,00	37	
16	1	324	46,29	15	
17	1	309	34,33	6	
18	1	305	305,00	38	
19	1	302	302,00	36	
20	8	305	38,13	8	
21	2	305	38,13	9	
22	6	300	60,00	21	
23	5	314	34,89	7	
24	4	312	104,00	27	
25	1	302	33,56	3	
26	7	336	56,00	20	
27	5	308	102,67	26	
28	2	314	104,67	28	
29	5	300	300,00	32	
30	4	305	38,13	10	
31	4	330	330,00	39	
32	3	301	33,44	1	
33	2	328	41,00	11	
34	3	314	44,86	14	
35	7	325	81,25	25	
36	4	305	33,89	4	
37	9	324	54,00	19	
38	4	303	151,50	30	
39	4	320	160,00	31	
40	1	302	43,14	13	
