distances
0	522	534	889	613	646	660	375	302	803	676	710	603	759	390	356	571	389	439	698	856	837	779	693	484	445	774	585	725	799	872	587	839	411	861	528	454	596	647	569	326	
522	0	360	773	739	883	663	467	429	581	378	876	412	701	542	626	858	474	766	566	340	564	555	375	605	356	887	710	416	557	602	483	397	899	597	568	668	718	789	610	800	
534	360	0	793	415	720	491	870	391	877	892	614	550	691	429	717	622	628	449	500	783	717	575	723	649	520	457	546	549	607	636	573	769	454	742	772	811	683	429	763	637	
889	773	793	0	714	328	302	754	324	579	753	745	606	406	448	461	650	788	305	865	856	498	588	491	312	384	577	308	819	803	458	592	601	826	459	522	700	874	742	392	778	
613	739	415	714	0	802	363	587	538	764	876	414	546	604	670	539	551	616	693	686	712	877	682	708	808	322	829	543	318	415	542	680	425	697	326	797	451	352	604	865	526	
646	883	720	328	802	0	813	323	781	315	696	744	527	436	629	625	324	544	325	582	865	647	604	892	512	770	519	476	572	393	892	862	636	360	420	734	540	782	499	786	302	
660	663	491	302	363	813	0	676	306	317	376	795	419	334	834	388	572	456	450	326	573	419	745	380	796	876	503	855	355	752	748	817	301	548	861	467	749	410	825	386	883	
375	467	870	754	587	323	676	0	759	345	505	333	854	367	455	308	751	422	536	732	602	591	671	314	884	307	398	492	434	594	365	411	566	623	328	325	406	353	699	688	622	
302	429	391	324	538	781	306	759	0	801	432	729	347	769	412	305	346	845	403	460	346	825	883	851	818	419	657	400	551	343	383	402	832	646	416	702	518	490	303	344	880	
803	581	877	579	764	315	317	345	801	0	378	369	883	682	624	382	702	495	845	781	601	847	826	545	503	758	463	852	399	616	890	343	390	838	342	335	644	852	834	762	877	
676	378	892	753	876	696	376	505	432	378	0	473	793	369	492	543	825	723	360	767	635	721	402	390	678	450	511	423	846	487	846	768	584	550	672	723	570	629	859	658	483	
710	876	614	745	414	744	795	333	729	369	473	0	685	301	617	435	723	835	793	875	716	549	479	522	321	886	485	823	569	531	802	555	404	768	382	589	433	861	413	511	552	
603	412	550	606	546	527	419	854	347	883	793	685	0	870	483	824	614	309	311	523	560	580	661	699	436	596	490	396	370	890	845	330	525	712	386	791	587	645	400	320	557	
759	701	691	406	604	436	334	367	769	682	369	301	870	0	513	316	401	655	756	713	364	648	402	574	539	578	550	786	336	629	745	534	798	369	610	869	531	444	420	823	882	
390	542	429	448	670	629	834	455	412	624	492	617	483	513	0	342	527	633	626	527	595	833	864	843	498	566	863	788	854	586	345	757	384	714	314	718	547	612	522	843	654	
356	626	717	461	539	625	388	308	305	382	543	435	824	316	342	0	538	573	757	429	752	309	638	441	616	311	833	632	520	649	411	501	643	540	342	503	802	638	552	667	807	
571	858	622	650	551	324	572	751	346	702	825	723	614	401	527	538	0	792	654	717	889	871	457	691	479	347	869	781	558	398	691	677	708	650	685	433	801	870	558	545	626	
389	474	628	788	616	544	456	422	845	495	723	835	309	655	633	573	792	0	654	787	419	465	598	843	503	534	443	555	314	521	349	476	457	643	771	891	648	590	775	353	532	
439	766	449	305	693	325	450	536	403	845	360	793	311	756	626	757	654	654	0	805	376	428	540	613	342	791	709	481	540	724	772	355	553	695	845	446	653	520	437	860	419	
698	566	500	865	686	582	326	732	460	781	767	875	523	713	527	429	717	787	805	0	450	880	520	779	347	302	336	386	822	544	456	370	338	463	454	338	822	644	729	595	687	
856	340	783	856	712	865	573	602	346	601	635	716	560	364	595	752	889	419	376	450	0	579	305	634	320	847	657	788	452	462	845	476	377	668	351	382	624	765	715	546	385	
837	564	717	498	877	647	419	591	825	847	721	549	580	648	833	309	871	465	428	880	579	0	897	612	877	482	562	487	632	615	305	356	754	842	524	458	852	824	547	754	895	
779	555	575	588	682	604	745	671	883	826	402	479	661	402	864	638	457	598	540	520	305	897	0	451	769	433	797	440	832	300	648	449	317	502	777	434	570	807	623	405	646	
693	375	723	491	708	892	380	314	851	545	390	522	699	574	843	441	691	843	613	779	634	612	451	0	816	359	754	324	829	390	364	859	696	328	438	383	686	511	790	707	343	
484	605	649	312	808	512	796	884	818	503	678	321	436	539	498	616	479	503	342	347	320	877	769	816	0	527	884	558	816	499	490	769	472	772	421	654	625	612	810	897	715	
445	356	520	384	322	770	876	307	419	758	450	886	596	578	566	311	347	534	791	302	847	482	433	359	527	0	864	338	507	835	476	583	614	869	336	488	526	517	516	443	709	
774	887	457	577	829	519	503	398	657	463	511	485	490	550	863	833	869	443	709	336	657	562	797	754	884	864	0	643	396	681	829	680	867	672	572	371	801	724	584	404	874	
585	710	546	308	543	476	855	492	400	852	423	823	396	786	788	632	781	555	481	386	788	487	440	324	558	338	643	0	436	477	467	436	896	713	768	779	580	376	316	544	753	
725	416	549	819	318	572	355	434	551	399	846	569	370	336	854	520	558	314	540	822	452	632	832	829	816	507	396	436	0	829	638	679	583	601	400	640	375	324	563	654	545	
799	557	607	803	415	393	752	594	343	616	487	531	890	629	586	649	398	521	724	544	462	615	300	390	499	835	681	477	829	0	410	623	850	727	652	388	613	558	728	674	547	
872	602	636	458	542	892	748	365	383	890	846	802	845	745	345	411	691	349	772	456	845	305	648	364	490	476	829	467	638	410	0	554	744	801	352	765	375	706	484	402	489	
587	483	573	592	680	862	817	411	402	343	768	555	330	534	757	501	677	476	355	370	476	356	449	859	769	583	680	436	679	623	554	0	576	526	369	791	391	425	806	460	623	
839	397	769	601	425	636	301	566	832	390	584	404	525	798	384	643	708	457	553	338	377	754	317	696	472	614	867	896	583	850	744	576	0	858	436	770	566	777	397	878	875	
411	899	454	826	697	360	548	623	646	838	550	768	712	369	714	540	650	643	695	463	668	842	502	328	772	869	672	713	601	727	801	526	858	0	365	801	348	534	482	875	859	
861	597	742	459	326	420	861	328	416	342	672	382	386	610	314	342	685	771	845	454	351	524	777	438	421	336	572	768	400	652	352	369	436	365	0	803	662	354	325	737	778	
528	568	772	522	797	734	467	325	702	335	723	589	791	869	718	503	433	891	446	338	382	458	434	383	654	488	371	779	640	388	765	791	770	801	803	0	375	537	450	614	634	
454	668	811	700	451	540	749	406	518	644	570	433	587	531	547	802	801	648	653	822	624	852	570	686	625	526	801	580	375	613	375	391	566	348	662	375	0	675	559	482	305	
596	718	683	874	352	782	410	353	490	852	629	861	645	444	612	638	870	590	520	644	765	824	807	511	612	517	724	376	324	558	706	425	777	534	354	537	675	0	749	542	713	
647	789	429	742	604	499	825	699	303	834	859	413	400	420	522	552	558	775	437	729	715	547	623	790	810	516	584	316	563	728	484	806	397	482	325	450	559	749	0	398	773	
569	610	763	392	865	786	386	688	344	762	658	511	320	823	843	667	545	353	860	595	546	754	405	707	897	443	404	544	654	674	402	460	878	875	737	614	482	542	398	0	445	
326	800	637	778	526	302	883	622	880	877	483	552	557	882	654	807	626	532	419	687	385	895	646	343	715	709	874	753	545	547	489	623	875	859	778	634	305	713	773	445	0	
etats
Id_Station	Poids W	Min (P)	WSPT	Priorité	
1	7	317	45,29	11	
2	1	306	51,00	13	
3	1	331	110,33	25	
4	5	303	151,50	27	
5	1	303	303,00	34	
6	7	305	61,00	16	
7	5	306	34,00	2	
8	9	313	39,13	8	
9	6	303	303,00	35	
10	7	316	52,67	14	
11	1	306	153,00	28	
12	9	322	161,00	30	
13	2	305	43,57	9	
14	4	304	50,67	12	
15	1	306	34,00	3	
16	7	307	61,40	17	
17	9	324	162,00	32	
18	1	317	317,00	37	
19	1	322	161,00	31	
20	8	335	335,00	39	
21	8	302	100,67	22	
22	5	302	151,00	26	
23	9	304	304,00	36	
24	3	320	106,67	24	
25	9	350	38,89	7	
26	6	347	86,75	21	
27	3	303	60,60	15	
28	3	326	65,20	19	
29	1	355	355,00	40	
30	8	314	104,67	23	
31	1	300	300,00	33	
32	9	307	76,75	20	
33	8	306	38,25	5	
34	7	322	35,78	4	
35	4	308	44,00	10	
36	9	300	33,33	1	
37	6	319	319,00	38	
38	2	311	38,88	6	
39	2	310	62,00	18	
40	7	310	155,00	29	
