distances
0	639	684	716	451	529	885	680	328	347	679	461	565	814	617	366	880	865	798	443	697	878	574	777	640	731	858	350	730	635	700	694	666	639	814	406	452	667	513	679	802	378	399	586	376	892	379	566	441	369	829	663	759	758	855	307	568	349	613	851	480	
639	0	607	705	677	350	712	330	769	884	553	896	458	882	623	463	699	619	320	520	492	680	506	723	548	852	712	724	528	741	584	729	724	886	743	602	465	633	472	335	677	777	460	444	851	700	577	701	553	331	413	527	362	736	603	426	451	325	726	304	772	
684	607	0	880	717	349	881	569	882	543	495	318	696	836	396	634	567	306	632	818	689	437	316	464	735	739	335	583	525	830	566	559	736	619	737	672	407	850	693	488	622	800	798	347	845	775	722	772	583	326	338	548	354	624	879	704	749	874	504	468	419	
716	705	880	0	780	388	701	324	453	738	825	867	582	756	772	711	836	874	754	774	605	384	434	353	892	597	836	819	887	755	797	424	709	769	359	754	852	585	313	328	748	899	496	875	666	352	854	419	874	809	607	371	436	351	797	559	652	722	368	807	377	
451	677	717	780	0	792	434	797	584	743	832	351	886	318	719	810	351	723	620	544	886	848	440	571	545	765	668	354	328	328	754	628	746	532	680	753	333	687	798	627	436	365	350	327	717	808	768	704	383	721	309	518	447	798	330	305	810	778	378	825	673	
529	350	349	388	792	0	349	881	369	674	640	448	688	654	762	731	602	310	345	833	880	374	759	596	532	382	556	546	790	373	799	809	306	627	761	510	422	412	471	640	532	792	440	872	339	536	575	781	706	743	462	346	742	392	704	461	472	332	463	634	408	
885	712	881	701	434	349	0	437	563	303	427	891	600	684	765	760	572	632	421	571	814	737	535	861	725	417	418	609	872	520	672	547	686	607	762	351	405	492	618	518	627	599	864	736	731	303	501	505	817	633	657	566	559	807	769	311	486	740	591	757	524	
680	330	569	324	797	881	437	0	758	607	471	585	473	565	490	438	418	555	432	431	401	735	410	527	325	371	323	308	845	780	315	853	338	438	468	630	434	632	669	892	814	487	567	381	788	422	409	450	577	565	444	872	671	748	327	632	775	882	731	863	706	
328	769	882	453	584	369	563	758	0	340	530	872	389	879	485	619	812	393	849	441	603	520	881	673	753	477	689	443	696	383	496	331	731	751	442	309	658	711	786	754	327	595	737	340	743	448	679	851	337	691	463	662	626	851	617	461	582	476	424	410	773	
347	884	543	738	743	674	303	607	340	0	698	789	744	565	517	859	685	551	830	532	453	602	884	344	306	732	598	436	638	719	569	477	416	583	636	616	540	459	519	684	815	430	469	453	820	347	509	390	819	687	800	454	886	550	503	301	798	425	871	441	377	
679	553	495	825	832	640	427	471	530	698	0	414	530	491	883	502	387	605	837	898	820	311	693	622	581	516	463	618	374	594	892	788	715	830	470	895	478	334	883	681	348	574	609	817	676	414	593	384	780	593	340	883	877	342	307	760	610	621	486	795	847	
461	896	318	867	351	448	891	585	872	789	414	0	865	562	410	753	589	515	562	600	811	528	374	426	360	727	882	591	613	658	561	805	681	706	361	857	434	687	430	666	591	674	877	859	814	651	320	553	803	875	599	464	552	786	526	461	537	827	339	632	635	
565	458	696	582	886	688	600	473	389	744	530	865	0	467	793	786	650	533	830	552	500	516	540	577	876	855	365	714	407	515	822	822	408	737	365	679	861	777	399	716	555	616	338	656	622	384	805	404	509	370	893	428	655	502	356	765	852	509	736	728	375	
814	882	836	756	318	654	684	565	879	565	491	562	467	0	771	541	624	530	486	793	763	803	437	766	709	575	329	883	509	854	653	792	384	410	714	381	509	478	416	406	606	742	574	552	760	689	692	573	569	400	399	491	639	733	799	383	376	701	355	737	739	
617	623	396	772	719	762	765	490	485	517	883	410	793	771	0	498	787	668	512	628	731	458	875	356	314	460	616	603	803	631	555	800	503	793	601	322	526	332	503	801	539	839	798	713	896	720	492	509	369	462	425	318	302	416	742	888	487	379	386	310	456	
366	463	634	711	810	731	760	438	619	859	502	753	786	541	498	0	852	558	313	483	504	805	531	382	734	772	484	640	713	582	609	511	520	805	507	305	620	731	799	754	756	600	573	895	886	661	528	650	888	582	419	459	710	496	836	837	302	472	457	830	620	
880	699	567	836	351	602	572	418	812	685	387	589	650	624	787	852	0	666	754	403	784	591	526	561	470	595	749	328	533	765	625	636	389	428	697	810	656	638	486	524	774	642	409	601	731	894	549	364	470	555	874	384	518	890	788	387	685	854	614	349	583	
865	619	306	874	723	310	632	555	393	551	605	515	533	530	668	558	666	0	480	421	661	508	870	837	443	884	435	766	415	518	353	511	668	522	761	412	465	497	638	422	337	869	883	426	757	838	740	459	496	647	709	574	481	845	600	310	473	772	817	869	427	
798	320	632	754	620	345	421	432	849	830	837	562	830	486	512	313	754	480	0	591	653	410	769	863	450	335	740	838	337	380	716	528	813	419	450	300	384	700	305	441	784	893	763	480	811	697	882	500	859	346	767	360	817	417	544	569	566	895	727	788	734	
443	520	818	774	544	833	571	431	441	532	898	600	552	793	628	483	403	421	591	0	750	825	824	530	893	549	370	823	657	875	354	326	505	437	676	856	852	848	461	773	354	421	826	544	711	526	813	399	847	649	566	741	882	463	661	534	859	724	383	303	432	
697	492	689	605	886	880	814	401	603	453	820	811	500	763	731	504	784	661	653	750	0	592	670	535	546	467	891	507	661	655	655	521	549	397	482	395	823	455	502	594	465	737	682	831	439	572	702	608	598	730	798	692	622	764	378	827	745	878	592	847	450	
878	680	437	384	848	374	737	735	520	602	311	528	516	803	458	805	591	508	410	825	592	0	777	600	867	429	809	649	683	838	852	805	718	852	412	446	353	816	792	709	592	478	799	491	852	819	786	586	849	492	516	706	603	857	574	502	368	841	323	522	461	
574	506	316	434	440	759	535	410	881	884	693	374	540	437	875	531	526	870	769	824	670	777	0	316	467	345	333	616	643	318	504	569	652	422	571	725	623	805	488	845	766	464	758	548	772	873	792	444	834	716	448	318	398	574	327	323	372	524	449	742	710	
777	723	464	353	571	596	861	527	673	344	622	426	577	766	356	382	561	837	863	530	535	600	316	0	449	300	322	777	877	721	676	416	359	428	395	458	841	359	465	767	716	362	503	328	674	749	488	341	488	806	416	848	554	502	880	829	545	890	524	796	585	
640	548	735	892	545	532	725	325	753	306	581	360	876	709	314	734	470	443	450	893	546	867	467	449	0	792	614	581	464	364	720	777	602	505	372	742	850	786	353	823	870	725	718	470	348	483	429	330	796	685	600	570	840	532	824	641	574	878	669	611	808	
731	852	739	597	765	382	417	371	477	732	516	727	855	575	460	772	595	884	335	549	467	429	345	300	792	0	663	339	733	549	500	694	642	477	843	635	535	782	514	559	663	505	730	614	813	708	376	740	586	420	716	663	491	422	720	611	300	891	643	488	402	
858	712	335	836	668	556	418	323	689	598	463	882	365	329	616	484	749	435	740	370	891	809	333	322	614	663	0	890	879	585	372	835	835	729	514	827	315	468	736	603	441	489	400	441	661	839	491	699	400	522	494	465	368	633	707	577	340	380	821	449	529	
350	724	583	819	354	546	609	308	443	436	618	591	714	883	603	640	328	766	838	823	507	649	616	777	581	339	890	0	766	344	675	725	858	742	659	745	519	792	757	319	819	413	359	556	388	515	635	783	808	732	801	451	709	878	598	450	371	873	368	836	313	
730	528	525	887	328	790	872	845	696	638	374	613	407	509	803	713	533	415	337	657	661	683	643	877	464	733	879	766	0	477	622	396	365	892	620	892	881	832	541	809	325	732	829	646	770	701	862	327	885	765	699	486	465	891	700	887	755	378	783	662	339	
635	741	830	755	328	373	520	780	383	719	594	658	515	854	631	582	765	518	380	875	655	838	318	721	364	549	585	344	477	0	409	773	637	824	855	732	804	574	465	840	331	631	501	613	389	433	625	734	825	307	634	521	367	353	407	633	722	378	847	740	898	
700	584	566	797	754	799	672	315	496	569	892	561	822	653	555	609	625	353	716	354	655	852	504	676	720	500	372	675	622	409	0	676	701	876	846	713	594	543	671	554	609	799	690	381	610	662	667	648	738	693	661	795	399	551	653	752	367	535	553	516	861	
694	729	559	424	628	809	547	853	331	477	788	805	822	792	800	511	636	511	528	326	521	805	569	416	777	694	835	725	396	773	676	0	605	372	534	728	853	325	413	615	628	702	826	593	555	481	488	636	369	403	609	597	442	816	455	883	538	359	678	432	538	
666	724	736	709	746	306	686	338	731	416	715	681	408	384	503	520	389	668	813	505	549	718	652	359	602	642	835	858	365	637	701	605	0	368	517	389	640	849	312	693	830	505	420	688	481	721	311	542	702	747	886	665	613	672	395	467	780	770	861	777	686	
639	886	619	769	532	627	607	438	751	583	830	706	737	410	793	805	428	522	419	437	397	852	422	428	505	477	729	742	892	824	876	372	368	0	763	376	709	558	795	441	379	612	509	827	861	816	673	828	869	373	535	754	783	871	435	344	745	304	710	411	420	
814	743	737	359	680	761	762	468	442	636	470	361	365	714	601	507	697	761	450	676	482	412	571	395	372	843	514	659	620	855	846	534	517	763	0	801	477	563	431	671	400	433	372	433	379	624	381	690	340	377	346	708	655	533	518	570	470	446	772	391	323	
406	602	672	754	753	510	351	630	309	616	895	857	679	381	322	305	810	412	300	856	395	446	725	458	742	635	827	745	892	732	713	728	389	376	801	0	357	443	836	398	386	625	528	412	406	444	350	393	435	343	376	400	483	672	458	327	521	813	792	516	454	
452	465	407	852	333	422	405	434	658	540	478	434	861	509	526	620	656	465	384	852	823	353	623	841	850	535	315	519	881	804	594	853	640	709	477	357	0	621	881	508	765	786	363	505	884	635	527	606	349	803	750	882	394	474	400	815	453	693	484	765	795	
667	633	850	585	687	412	492	632	711	459	334	687	777	478	332	731	638	497	700	848	455	816	805	359	786	782	468	792	832	574	543	325	849	558	563	443	621	0	848	372	831	345	337	789	650	878	868	501	726	378	677	592	548	425	728	844	390	685	341	397	739	
513	472	693	313	798	471	618	669	786	519	883	430	399	416	503	799	486	638	305	461	502	792	488	465	353	514	736	757	541	465	671	413	312	795	431	836	881	848	0	763	827	486	770	353	897	322	667	535	587	611	709	410	410	761	536	427	588	856	659	514	778	
679	335	488	328	627	640	518	892	754	684	681	666	716	406	801	754	524	422	441	773	594	709	845	767	823	559	603	319	809	840	554	615	693	441	671	398	508	372	763	0	603	557	780	686	489	660	887	628	441	682	451	626	822	358	846	723	796	674	439	444	352	
802	677	622	748	436	532	627	814	327	815	348	591	555	606	539	756	774	337	784	354	465	592	766	716	870	663	441	819	325	331	609	628	830	379	400	386	765	831	827	603	0	868	484	628	341	328	677	519	367	474	370	325	700	688	400	728	758	758	581	322	501	
378	777	800	899	365	792	599	487	595	430	574	674	616	742	839	600	642	869	893	421	737	478	464	362	725	505	489	413	732	631	799	702	505	612	433	625	786	345	486	557	868	0	796	669	898	442	599	750	877	875	463	721	665	604	623	526	311	619	744	640	848	
399	460	798	496	350	440	864	567	737	469	609	877	338	574	798	573	409	883	763	826	682	799	758	503	718	730	400	359	829	501	690	826	420	509	372	528	363	337	770	780	484	796	0	776	429	408	372	446	695	308	421	461	761	463	577	777	333	670	358	352	487	
586	444	347	875	327	872	736	381	340	453	817	859	656	552	713	895	601	426	480	544	831	491	548	328	470	614	441	556	646	613	381	593	688	827	433	412	505	789	353	686	628	669	776	0	718	874	550	808	761	821	728	326	498	705	558	525	659	470	639	628	394	
376	851	845	666	717	339	731	788	743	820	676	814	622	760	896	886	731	757	811	711	439	852	772	674	348	813	661	388	770	389	610	555	481	861	379	406	884	650	897	489	341	898	429	718	0	897	865	592	608	479	608	757	448	411	679	380	571	422	850	652	834	
892	700	775	352	808	536	303	422	448	347	414	651	384	689	720	661	894	838	697	526	572	819	873	749	483	708	839	515	701	433	662	481	721	816	624	444	635	878	322	660	328	442	408	874	897	0	741	526	560	731	671	443	409	439	539	350	463	506	766	431	333	
379	577	722	854	768	575	501	409	679	509	593	320	805	692	492	528	549	740	882	813	702	786	792	488	429	376	491	635	862	625	667	488	311	673	381	350	527	868	667	887	677	599	372	550	865	741	0	613	838	470	898	762	524	638	714	698	626	480	720	790	309	
566	701	772	419	704	781	505	450	851	390	384	553	404	573	509	650	364	459	500	399	608	586	444	341	330	740	699	783	327	734	648	636	542	828	690	393	606	501	535	628	519	750	446	808	592	526	613	0	381	358	888	463	818	873	716	340	373	617	304	481	888	
441	553	583	874	383	706	817	577	337	819	780	803	509	569	369	888	470	496	859	847	598	849	834	488	796	586	400	808	885	825	738	369	702	869	340	435	349	726	587	441	367	877	695	761	608	560	838	381	0	867	628	542	568	528	680	431	464	357	840	848	435	
369	331	326	809	721	743	633	565	691	687	593	875	370	400	462	582	555	647	346	649	730	492	716	806	685	420	522	732	765	307	693	403	747	373	377	343	803	378	611	682	474	875	308	821	479	731	470	358	867	0	751	800	507	589	456	863	888	472	695	799	575	
829	413	338	607	309	462	657	444	463	800	340	599	893	399	425	419	874	709	767	566	798	516	448	416	600	716	494	801	699	634	661	609	886	535	346	376	750	677	709	451	370	463	421	728	608	671	898	888	628	751	0	556	712	700	722	822	713	687	694	626	309	
663	527	548	371	518	346	566	872	662	454	883	464	428	491	318	459	384	574	360	741	692	706	318	848	570	663	465	451	486	521	795	597	665	754	708	400	882	592	410	626	325	721	461	326	757	443	762	463	542	800	556	0	349	390	813	804	615	395	482	652	815	
759	362	354	436	447	742	559	671	626	886	877	552	655	639	302	710	518	481	817	882	622	603	398	554	840	491	368	709	465	367	399	442	613	783	655	483	394	548	410	822	700	665	761	498	448	409	524	818	568	507	712	349	0	703	646	610	334	708	690	729	651	
758	736	624	351	798	392	807	748	851	550	342	786	502	733	416	496	890	845	417	463	764	857	574	502	532	422	633	878	891	353	551	816	672	871	533	672	474	425	761	358	688	604	463	705	411	439	638	873	528	589	700	390	703	0	826	316	340	854	792	714	885	
855	603	879	797	330	704	769	327	617	503	307	526	356	799	742	836	788	600	544	661	378	574	327	880	824	720	707	598	700	407	653	455	395	435	518	458	400	728	536	846	400	623	577	558	679	539	714	716	680	456	722	813	646	826	0	488	520	319	494	728	401	
307	426	704	559	305	461	311	632	461	301	760	461	765	383	888	837	387	310	569	534	827	502	323	829	641	611	577	450	887	633	752	883	467	344	570	327	815	844	427	723	728	526	777	525	380	350	698	340	431	863	822	804	610	316	488	0	445	615	471	485	304	
568	451	749	652	810	472	486	775	582	798	610	537	852	376	487	302	685	473	566	859	745	368	372	545	574	300	340	371	755	722	367	538	780	745	470	521	453	390	588	796	758	311	333	659	571	463	626	373	464	888	713	615	334	340	520	445	0	566	449	873	524	
349	325	874	722	778	332	740	882	476	425	621	827	509	701	379	472	854	772	895	724	878	841	524	890	878	891	380	873	378	378	535	359	770	304	446	813	693	685	856	674	758	619	670	470	422	506	480	617	357	472	687	395	708	854	319	615	566	0	828	321	886	
613	726	504	368	378	463	591	731	424	871	486	339	736	355	386	457	614	817	727	383	592	323	449	524	669	643	821	368	783	847	553	678	861	710	772	792	484	341	659	439	581	744	358	639	850	766	720	304	840	695	694	482	690	792	494	471	449	828	0	577	404	
851	304	468	807	825	634	757	863	410	441	795	632	728	737	310	830	349	869	788	303	847	522	742	796	611	488	449	836	662	740	516	432	777	411	391	516	765	397	514	444	322	640	352	628	652	431	790	481	848	799	626	652	729	714	728	485	873	321	577	0	540	
480	772	419	377	673	408	524	706	773	377	847	635	375	739	456	620	583	427	734	432	450	461	710	585	808	402	529	313	339	898	861	538	686	420	323	454	795	739	778	352	501	848	487	394	834	333	309	888	435	575	309	815	651	885	401	304	524	886	404	540	0	
etats
Id_Station	Poids W	Min (P)	WSPT	Priorité	
1	6	302	60,40	24	
2	3	305	61,00	28	
3	2	314	314,00	58	
4	5	364	91,00	34	
5	9	301	75,25	30	
6	7	304	152,00	38	
7	7	301	50,17	19	
8	1	301	150,50	36	
9	4	305	152,50	40	
10	1	309	38,63	10	
11	1	311	51,83	22	
12	3	305	38,13	6	
13	9	306	153,00	42	
14	1	309	38,63	11	
15	2	304	38,00	5	
16	2	301	301,00	45	
17	7	307	307,00	51	
18	7	316	316,00	60	
19	2	307	307,00	52	
20	9	329	36,56	4	
21	1	305	38,13	7	
22	2	303	60,60	25	
23	1	307	38,38	9	
24	9	310	38,75	12	
25	1	323	161,50	44	
26	1	328	46,86	18	
27	2	304	152,00	39	
28	3	314	104,67	35	
29	1	301	150,50	37	
30	7	303	33,67	1	
31	3	313	39,13	14	
32	3	304	33,78	2	
33	7	305	152,50	41	
34	1	313	313,00	57	
35	4	302	302,00	48	
36	9	306	153,00	43	
37	2	332	83,00	33	
38	2	301	301,00	46	
39	4	304	76,00	31	
40	1	311	51,83	23	
41	3	301	43,00	16	
42	2	312	39,00	13	
43	4	305	33,89	3	
44	1	305	305,00	50	
45	8	324	40,50	15	
46	6	310	310,00	54	
47	1	309	309,00	53	
48	8	312	312,00	56	
49	4	321	80,25	32	
50	8	306	38,25	8	
51	1	311	311,00	55	
52	3	315	315,00	59	
53	7	301	301,00	47	
54	6	303	50,50	21	
55	1	303	60,60	26	
56	6	308	44,00	17	
57	8	302	302,00	49	
58	2	304	60,80	27	
59	9	308	61,60	29	
60	4	302	50,33	20	
