distances
0	680	519	713	332	664	342	409	752	482	823	381	669	639	346	387	703	520	834	362	713	681	863	425	443	485	389	552	490	337	584	645	412	884	397	545	691	478	649	347	627	611	387	633	786	371	731	329	622	479	537	344	878	627	823	303	752	308	697	759	803	
680	0	495	454	417	538	314	470	444	845	587	472	461	895	768	898	675	490	785	577	760	785	658	437	880	586	731	331	697	511	397	499	447	713	516	401	419	787	565	377	460	804	443	817	509	478	573	526	750	408	597	676	727	527	518	738	729	680	598	459	597	
519	495	0	654	673	605	606	708	675	442	839	684	553	313	786	759	839	794	765	895	744	534	343	486	528	816	818	361	324	594	360	433	741	418	564	679	520	706	408	699	578	319	304	894	869	576	325	585	456	435	346	464	372	330	780	751	647	432	779	375	603	
713	454	654	0	611	643	350	873	546	543	399	662	431	487	749	502	706	865	692	354	851	652	346	406	373	574	643	393	852	342	300	559	874	311	345	484	310	705	861	508	440	725	462	349	677	348	444	340	394	384	593	449	740	866	756	871	606	562	696	808	570	
332	417	673	611	0	829	731	582	449	385	848	853	405	529	457	627	536	774	780	416	429	473	375	610	866	742	625	881	315	710	329	676	827	562	394	838	640	724	710	469	429	440	595	480	676	361	874	461	757	672	399	492	363	799	798	519	713	709	863	669	724	
664	538	605	643	829	0	406	604	782	488	400	834	856	693	600	394	590	837	677	837	333	325	591	576	595	321	707	544	835	736	312	396	809	698	555	411	525	488	640	813	684	349	369	688	845	845	335	545	581	715	384	857	796	487	863	562	426	449	517	711	889	
342	314	606	350	731	406	0	677	467	566	820	459	796	411	662	358	400	568	759	592	800	774	319	658	687	305	471	740	812	864	842	884	626	432	599	817	360	593	831	533	582	338	748	313	517	709	581	403	658	789	655	791	581	859	660	673	590	344	343	366	657	
409	470	708	873	582	604	677	0	881	311	363	572	805	548	717	573	716	328	559	890	892	514	335	444	884	560	629	709	811	616	382	477	539	502	545	749	638	421	630	591	727	332	713	872	408	819	729	455	533	621	380	440	528	840	516	650	808	820	757	578	603	
752	444	675	546	449	782	467	881	0	314	616	551	754	509	792	542	603	807	436	384	352	625	727	664	313	477	543	759	697	808	439	321	391	418	537	412	511	534	878	887	571	349	301	761	869	581	832	656	504	492	377	888	833	545	673	619	468	698	394	360	447	
482	845	442	543	385	488	566	311	314	0	619	736	800	877	478	319	335	848	324	304	694	866	323	764	398	824	627	480	894	549	729	369	882	329	881	552	785	554	461	517	778	709	593	483	721	686	626	383	698	823	825	468	737	330	564	868	561	515	773	813	344	
823	587	839	399	848	400	820	363	616	619	0	523	597	418	538	756	696	542	676	392	483	519	666	333	481	570	797	515	561	567	745	567	850	472	492	838	346	506	820	547	688	347	695	680	315	689	576	453	636	323	784	523	739	581	492	702	413	322	708	537	842	
381	472	684	662	853	834	459	572	551	736	523	0	485	372	343	722	517	634	806	661	861	604	315	716	766	538	650	497	740	407	771	481	823	702	351	676	804	816	388	642	481	764	401	366	781	657	449	316	877	528	483	627	857	734	815	897	752	774	667	511	772	
669	461	553	431	405	856	796	805	754	800	597	485	0	818	508	505	533	349	612	407	512	550	434	585	309	643	783	548	813	365	519	450	622	779	568	329	405	574	780	386	603	828	401	577	612	504	461	886	403	312	820	600	895	616	328	750	500	774	847	834	406	
639	895	313	487	529	693	411	548	509	877	418	372	818	0	511	422	870	465	846	898	706	518	580	642	883	554	648	353	337	648	666	543	444	655	875	831	791	669	660	892	893	679	440	758	443	436	571	721	521	314	428	793	658	677	690	652	873	322	736	489	714	
346	768	786	749	457	600	662	717	792	478	538	343	508	511	0	405	335	330	599	430	619	489	514	536	428	613	832	680	668	647	503	589	634	786	436	654	534	715	524	882	533	746	776	526	334	350	792	668	516	559	661	820	819	327	846	648	700	829	707	401	634	
387	898	759	502	627	394	358	573	542	319	756	722	505	422	405	0	324	348	536	667	820	781	368	309	764	766	894	552	345	639	711	583	788	753	437	668	664	552	668	455	549	400	322	895	460	700	660	784	336	424	387	710	790	713	324	596	751	631	419	561	539	
703	675	839	706	536	590	400	716	603	335	696	517	533	870	335	324	0	893	531	480	834	487	633	524	613	757	876	584	343	861	543	737	874	499	622	796	787	538	652	570	885	848	579	378	542	519	527	608	783	566	754	510	827	889	464	429	539	817	611	810	315	
520	490	794	865	774	837	568	328	807	848	542	634	349	465	330	348	893	0	634	886	575	479	664	572	593	331	870	395	726	482	612	870	730	833	695	699	609	590	422	475	456	645	321	700	868	501	350	737	472	410	722	495	586	448	578	513	328	603	732	554	638	
834	785	765	692	780	677	759	559	436	324	676	806	612	846	599	536	531	634	0	449	855	329	332	696	383	876	757	551	816	420	692	640	858	689	338	527	347	692	691	459	315	702	872	397	497	785	338	609	571	491	409	895	455	571	601	397	428	882	845	827	407	
362	577	895	354	416	837	592	890	384	304	392	661	407	898	430	667	480	886	449	0	853	636	444	601	764	635	618	889	352	573	703	617	750	697	504	397	544	880	333	795	338	887	768	820	623	695	657	584	438	859	316	590	321	690	460	486	521	732	531	356	515	
713	760	744	851	429	333	800	892	352	694	483	861	512	706	619	820	834	575	855	853	0	490	728	814	746	705	368	464	371	458	675	453	683	828	836	775	665	834	764	530	359	455	736	584	732	328	407	468	354	721	358	592	429	760	385	735	750	383	379	361	559	
681	785	534	652	473	325	774	514	625	866	519	604	550	518	489	781	487	479	329	636	490	0	666	631	437	433	581	754	813	420	579	454	856	558	481	433	704	613	774	611	691	351	736	634	366	848	609	667	575	852	365	317	712	782	493	601	326	752	437	679	340	
863	658	343	346	375	591	319	335	727	323	666	315	434	580	514	368	633	664	332	444	728	666	0	809	723	462	421	710	340	478	316	854	577	486	839	534	669	560	858	422	369	538	561	876	657	888	568	756	333	683	758	523	653	674	395	766	791	755	844	480	589	
425	437	486	406	610	576	658	444	664	764	333	716	585	642	536	309	524	572	696	601	814	631	809	0	817	350	861	670	887	332	731	465	508	414	655	806	559	861	424	384	458	542	581	858	416	659	349	856	359	606	854	465	739	795	829	405	843	516	706	617	783	
443	880	528	373	866	595	687	884	313	398	481	766	309	883	428	764	613	593	383	764	746	437	723	817	0	831	303	338	570	367	638	528	326	727	546	530	347	832	331	712	698	413	489	343	403	446	736	806	300	895	524	342	365	379	635	755	770	621	305	545	379	
485	586	816	574	742	321	305	560	477	824	570	538	643	554	613	766	757	331	876	635	705	433	462	350	831	0	650	865	645	766	559	427	845	846	493	492	578	736	567	850	355	372	427	661	384	494	451	724	384	337	380	472	549	796	518	894	358	791	770	541	883	
389	731	818	643	625	707	471	629	543	627	797	650	783	648	832	894	876	870	757	618	368	581	421	861	303	650	0	638	807	438	783	376	385	337	737	788	765	578	727	710	614	763	512	538	582	549	617	551	547	887	403	691	693	311	656	825	365	308	837	475	876	
552	331	361	393	881	544	740	709	759	480	515	497	548	353	680	552	584	395	551	889	464	754	710	670	338	865	638	0	476	565	632	848	696	851	347	503	525	830	420	713	627	551	467	490	783	612	897	702	362	549	501	794	326	894	698	497	818	674	419	627	688	
490	697	324	852	315	835	812	811	697	894	561	740	813	337	668	345	343	726	816	352	371	813	340	887	570	645	807	476	0	781	677	333	319	559	752	726	504	704	834	471	830	500	831	325	437	436	586	858	478	465	441	614	753	642	778	400	897	416	615	557	850	
337	511	594	342	710	736	864	616	808	549	567	407	365	648	647	639	861	482	420	573	458	420	478	332	367	766	438	565	781	0	805	892	618	843	696	561	892	595	738	446	612	678	307	762	344	406	832	835	311	363	712	630	503	572	386	642	492	580	872	656	630	
584	397	360	300	329	312	842	382	439	729	745	771	519	666	503	711	543	612	692	703	675	579	316	731	638	559	783	632	677	805	0	648	310	435	313	613	638	470	363	535	694	755	736	350	558	747	430	309	560	360	306	707	655	651	829	413	728	709	678	391	692	
645	499	433	559	676	396	884	477	321	369	567	481	450	543	589	583	737	870	640	617	453	454	854	465	528	427	376	848	333	892	648	0	540	855	794	434	435	828	868	427	874	448	541	344	705	796	539	696	540	887	887	706	893	735	884	370	825	612	400	850	341	
412	447	741	874	827	809	626	539	391	882	850	823	622	444	634	788	874	730	858	750	683	856	577	508	326	845	385	696	319	618	310	540	0	591	717	694	888	606	817	588	364	553	447	357	560	366	344	422	810	511	636	762	574	622	568	567	394	766	747	700	567	
884	713	418	311	562	698	432	502	418	329	472	702	779	655	786	753	499	833	689	697	828	558	486	414	727	846	337	851	559	843	435	855	591	0	788	378	485	577	760	884	318	329	515	465	640	631	698	525	416	671	553	873	633	425	811	576	381	501	726	795	562	
397	516	564	345	394	555	599	545	537	881	492	351	568	875	436	437	622	695	338	504	836	481	839	655	546	493	737	347	752	696	313	794	717	788	0	411	643	416	436	439	364	658	618	647	534	682	518	638	604	714	886	643	828	619	863	607	669	546	728	734	661	
545	401	679	484	838	411	817	749	412	552	838	676	329	831	654	668	796	699	527	397	775	433	534	806	530	492	788	503	726	561	613	434	694	378	411	0	867	729	401	363	328	792	774	701	471	577	551	615	874	619	813	527	461	301	529	480	599	425	799	856	379	
691	419	520	310	640	525	360	638	511	785	346	804	405	791	534	664	787	609	347	544	665	704	669	559	347	578	765	525	504	892	638	435	888	485	643	867	0	842	340	834	311	806	814	578	801	779	416	727	340	758	765	807	844	529	425	345	597	723	313	703	352	
478	787	706	705	724	488	593	421	534	554	506	816	574	669	715	552	538	590	692	880	834	613	560	861	832	736	578	830	704	595	470	828	606	577	416	729	842	0	480	730	615	622	844	730	435	707	446	656	585	546	390	465	596	706	737	895	870	672	640	673	629	
649	565	408	861	710	640	831	630	878	461	820	388	780	660	524	668	652	422	691	333	764	774	858	424	331	567	727	420	834	738	363	868	817	760	436	401	340	480	0	726	557	487	450	756	800	626	735	622	404	612	577	543	616	433	823	791	698	511	337	601	896	
347	377	699	508	469	813	533	591	887	517	547	642	386	892	882	455	570	475	459	795	530	611	422	384	712	850	710	713	471	446	535	427	588	884	439	363	834	730	726	0	521	364	881	442	519	636	593	410	855	699	323	456	581	363	387	550	803	681	305	429	339	
627	460	578	440	429	684	582	727	571	778	688	481	603	893	533	549	885	456	315	338	359	691	369	458	698	355	614	627	830	612	694	874	364	318	364	328	311	615	557	521	0	527	420	568	394	330	794	420	669	870	559	572	626	509	674	655	522	391	309	732	800	
611	804	319	725	440	349	338	332	349	709	347	764	828	679	746	400	848	645	702	887	455	351	538	542	413	372	763	551	500	678	755	448	553	329	658	792	806	622	487	364	527	0	709	553	412	426	703	828	485	760	713	729	447	311	683	559	634	385	813	477	439	
387	443	304	462	595	369	748	713	301	593	695	401	401	440	776	322	579	321	872	768	736	736	561	581	489	427	512	467	831	307	736	541	447	515	618	774	814	844	450	881	420	709	0	800	305	485	727	725	599	325	629	606	384	833	845	805	816	456	546	395	388	
633	817	894	349	480	688	313	872	761	483	680	366	577	758	526	895	378	700	397	820	584	634	876	858	343	661	538	490	325	762	350	344	357	465	647	701	578	730	756	442	568	553	800	0	551	480	417	572	598	852	417	884	491	727	496	452	324	507	711	308	641	
786	509	869	677	676	845	517	408	869	721	315	781	612	443	334	460	542	868	497	623	732	366	657	416	403	384	582	783	437	344	558	705	560	640	534	471	801	435	800	519	394	412	305	551	0	341	594	716	616	750	670	321	374	708	528	758	354	564	758	880	309	
371	478	576	348	361	845	709	819	581	686	689	657	504	436	350	700	519	501	785	695	328	848	888	659	446	494	549	612	436	406	747	796	366	631	682	577	779	707	626	636	330	426	485	480	341	0	564	570	375	344	381	798	683	556	683	737	663	720	772	527	821	
731	573	325	444	874	335	581	729	832	626	576	449	461	571	792	660	527	350	338	657	407	609	568	349	736	451	617	897	586	832	430	539	344	698	518	551	416	446	735	593	794	703	727	417	594	564	0	883	542	772	706	416	488	565	845	303	457	387	839	489	518	
329	526	585	340	461	545	403	455	656	383	453	316	886	721	668	784	608	737	609	584	468	667	756	856	806	724	551	702	858	835	309	696	422	525	638	615	727	656	622	410	420	828	725	572	716	570	883	0	807	730	743	550	353	447	853	479	716	659	752	759	718	
622	750	456	394	757	581	658	533	504	698	636	877	403	521	516	336	783	472	571	438	354	575	333	359	300	384	547	362	478	311	560	540	810	416	604	874	340	585	404	855	669	485	599	598	616	375	542	807	0	355	765	726	676	896	620	474	407	382	571	341	653	
479	408	435	384	672	715	789	621	492	823	323	528	312	314	559	424	566	410	491	859	721	852	683	606	895	337	887	549	465	363	360	887	511	671	714	619	758	546	612	699	870	760	325	852	750	344	772	730	355	0	612	747	457	473	580	638	644	393	387	523	680	
537	597	346	593	399	384	655	380	377	825	784	483	820	428	661	387	754	722	409	316	358	365	758	854	524	380	403	501	441	712	306	887	636	553	886	813	765	390	577	323	559	713	629	417	670	381	706	743	765	612	0	883	873	643	681	534	379	455	367	518	554	
344	676	464	449	492	857	791	440	888	468	523	627	600	793	820	710	510	495	895	590	592	317	523	465	342	472	691	794	614	630	707	706	762	873	643	527	807	465	543	456	572	729	606	884	321	798	416	550	726	747	883	0	337	480	873	478	830	323	462	866	420	
878	727	372	740	363	796	581	528	833	737	739	857	895	658	819	790	827	586	455	321	429	712	653	739	365	549	693	326	753	503	655	893	574	633	828	461	844	596	616	581	626	447	384	491	374	683	488	353	676	457	873	337	0	803	680	680	794	303	643	317	434	
627	527	330	866	799	487	859	840	545	330	581	734	616	677	327	713	889	448	571	690	760	782	674	795	379	796	311	894	642	572	651	735	622	425	619	301	529	706	433	363	509	311	833	727	708	556	565	447	896	473	643	480	803	0	503	880	771	364	882	433	856	
823	518	780	756	798	863	660	516	673	564	492	815	328	690	846	324	464	578	601	460	385	493	395	829	635	518	656	698	778	386	829	884	568	811	863	529	425	737	823	387	674	683	845	496	528	683	845	853	620	580	681	873	680	503	0	767	616	770	613	551	716	
303	738	751	871	519	562	673	650	619	868	702	897	750	652	648	596	429	513	397	486	735	601	766	405	755	894	825	497	400	642	413	370	567	576	607	480	345	895	791	550	655	559	805	452	758	737	303	479	474	638	534	478	680	880	767	0	687	893	565	872	526	
752	729	647	606	713	426	590	808	468	561	413	752	500	873	700	751	539	328	428	521	750	326	791	843	770	358	365	818	897	492	728	825	394	381	669	599	597	870	698	803	522	634	816	324	354	663	457	716	407	644	379	830	794	771	616	687	0	388	544	732	662	
308	680	432	562	709	449	344	820	698	515	322	774	774	322	829	631	817	603	882	732	383	752	755	516	621	791	308	674	416	580	709	612	766	501	546	425	723	672	511	681	391	385	456	507	564	720	387	659	382	393	455	323	303	364	770	893	388	0	354	817	540	
697	598	779	696	863	517	343	757	394	773	708	667	847	736	707	419	611	732	845	531	379	437	844	706	305	770	837	419	615	872	678	400	747	726	728	799	313	640	337	305	309	813	546	711	758	772	839	752	571	387	367	462	643	882	613	565	544	354	0	706	598	
759	459	375	808	669	711	366	578	360	813	537	511	834	489	401	561	810	554	827	356	361	679	480	617	545	541	475	627	557	656	391	850	700	795	734	856	703	673	601	429	732	477	395	308	880	527	489	759	341	523	518	866	317	433	551	872	732	817	706	0	338	
803	597	603	570	724	889	657	603	447	344	842	772	406	714	634	539	315	638	407	515	559	340	589	783	379	883	876	688	850	630	692	341	567	562	661	379	352	629	896	339	800	439	388	641	309	821	518	718	653	680	554	420	434	856	716	526	662	540	598	338	0	
etats
Id_Station	Poids W	Min (P)	WSPT	Priorité	
1	9	315	157,50	49	
2	4	315	315,00	58	
3	3	309	38,63	11	
4	7	307	34,11	4	
5	5	327	46,71	22	
6	9	303	60,60	26	
7	3	304	50,67	23	
8	7	321	64,20	32	
9	5	315	63,00	31	
10	8	315	315,00	59	
11	6	319	106,33	42	
12	9	307	43,86	17	
13	7	316	45,14	21	
14	2	305	61,00	27	
15	2	300	300,00	50	
16	5	312	62,40	29	
17	5	311	62,20	28	
18	1	303	37,88	8	
19	4	304	101,33	41	
20	4	307	76,75	37	
21	2	306	76,50	35	
22	6	302	302,00	52	
23	2	307	43,86	18	
24	2	314	157,00	48	
25	8	304	152,00	45	
26	6	301	150,50	44	
27	8	305	43,57	14	
28	2	301	100,33	40	
29	8	309	309,00	56	
30	8	309	38,63	12	
31	1	324	108,00	43	
32	1	303	303,00	54	
33	1	305	305,00	55	
34	1	306	34,00	3	
35	9	301	37,63	6	
36	8	316	316,00	60	
37	5	302	302,00	53	
38	8	310	310,00	57	
39	8	329	65,80	33	
40	2	313	44,71	20	
41	7	302	37,75	7	
42	2	306	76,50	36	
43	3	305	33,89	2	
44	2	307	43,86	19	
45	9	310	38,75	13	
46	8	311	155,50	46	
47	9	328	54,67	25	
48	2	307	76,75	38	
49	1	305	43,57	15	
50	1	305	43,57	16	
51	2	303	33,67	1	
52	4	310	77,50	39	
53	1	309	51,50	24	
54	4	300	300,00	51	
55	6	312	62,40	30	
56	7	306	38,25	10	
57	8	311	155,50	47	
58	9	315	35,00	5	
59	1	301	75,25	34	
60	8	303	37,88	9	

