distances
0	537	619	491	725	351	322	619	542	695	853	313	455	851	504	758	457	727	521	532	363	832	812	779	598	554	723	879	302	582	598	757	530	326	779	709	603	814	790	471	738	879	338	438	643	463	734	622	721	650	788	708	415	674	743	748	887	423	438	535	763	
537	0	891	769	667	800	839	434	823	768	790	665	307	533	426	318	755	702	682	312	854	443	880	503	823	726	386	452	411	323	621	764	519	710	597	793	841	685	886	304	334	513	302	325	690	411	867	673	357	334	875	558	870	809	411	481	476	584	570	304	642	
619	891	0	523	458	636	817	816	414	335	383	713	463	491	426	743	793	455	768	808	763	681	337	747	441	840	537	646	495	739	798	680	891	712	484	843	529	427	488	512	681	548	503	347	791	530	816	631	600	470	585	448	471	535	858	316	434	677	655	818	813	
491	769	523	0	360	584	447	493	534	630	385	836	586	719	505	522	346	666	357	755	767	330	776	383	622	473	639	899	449	714	460	725	419	673	421	408	645	858	728	550	755	600	438	817	348	340	415	544	433	576	338	659	657	560	760	730	773	442	655	813	685	
725	667	458	360	0	537	541	463	872	637	490	321	358	810	644	707	757	366	523	551	651	372	421	445	689	813	374	374	436	589	864	533	627	632	558	543	854	588	615	784	634	592	831	817	436	491	824	867	868	324	563	441	524	521	374	665	817	640	449	827	325	
351	800	636	584	537	0	786	565	779	445	348	346	474	845	452	364	761	662	355	375	532	774	476	477	433	467	595	681	311	584	589	712	546	419	425	762	537	586	334	403	708	859	685	828	830	327	889	796	342	895	733	554	471	832	335	746	350	639	791	894	545	
322	839	817	447	541	786	0	562	790	492	792	581	420	489	578	815	718	553	889	841	439	589	350	358	331	661	499	794	337	411	839	700	509	584	447	477	585	553	662	667	677	863	640	827	618	542	697	345	515	497	804	356	806	865	376	654	453	557	853	814	759	
619	434	816	493	463	565	562	0	776	443	592	348	475	657	766	585	503	306	582	848	508	743	862	685	464	773	873	313	495	760	704	571	448	312	684	362	682	794	448	841	425	612	656	412	767	877	842	882	612	592	627	511	480	579	457	705	743	595	383	626	344	
542	823	414	534	872	779	790	776	0	407	533	733	739	735	625	564	721	839	792	821	667	575	353	863	714	560	575	372	584	529	811	459	603	648	407	456	548	565	467	727	675	501	529	670	598	716	597	597	562	766	366	835	882	573	651	868	499	712	315	863	875	
695	768	335	630	637	445	492	443	407	0	536	432	499	842	643	813	447	607	600	592	781	571	616	327	619	356	792	691	687	311	864	697	722	759	533	860	447	696	871	316	437	868	490	879	855	816	300	614	663	699	306	418	532	788	481	326	879	655	617	734	376	
853	790	383	385	490	348	792	592	533	536	0	497	823	409	708	772	607	681	732	527	314	839	884	630	531	558	446	607	627	863	351	632	481	652	525	611	838	694	521	349	780	559	894	622	800	503	870	767	465	752	350	790	760	787	867	791	457	847	546	479	748	
313	665	713	836	321	346	581	348	733	432	497	0	800	757	585	527	473	447	452	623	742	883	802	542	406	480	457	842	718	840	385	698	403	815	639	620	796	324	599	319	830	734	535	687	345	608	544	649	511	665	651	460	764	424	594	497	745	808	770	410	487	
455	307	463	586	358	474	420	475	739	499	823	800	0	892	594	564	442	463	817	730	878	777	481	681	534	696	868	565	808	687	588	799	437	795	339	764	845	853	683	367	759	565	489	836	696	676	707	749	429	651	605	317	613	422	599	688	457	438	507	773	890	
851	533	491	719	810	845	489	657	735	842	409	757	892	0	444	532	874	757	346	565	356	568	831	783	339	723	711	577	374	873	562	364	557	527	615	842	329	387	758	387	778	536	602	310	428	501	783	320	872	303	898	305	532	344	656	520	300	452	798	755	327	
504	426	426	505	644	452	578	766	625	643	708	585	594	444	0	895	741	802	838	573	831	358	436	789	337	435	733	335	758	772	527	639	638	899	519	848	660	696	882	607	310	854	628	362	554	854	300	661	432	422	620	763	753	657	657	395	350	839	561	493	419	
758	318	743	522	707	364	815	585	564	813	772	527	564	532	895	0	716	710	868	649	392	877	358	335	547	437	356	532	677	632	704	405	344	435	850	580	838	643	862	510	450	428	513	849	410	359	551	659	697	351	687	777	756	461	431	843	831	669	853	320	324	
457	755	793	346	757	761	718	503	721	447	607	473	442	874	741	716	0	891	622	580	476	792	385	897	578	878	741	366	614	627	504	463	830	581	444	492	679	554	479	739	347	645	576	485	839	617	751	418	341	379	763	340	876	647	705	370	521	626	508	814	536	
727	702	455	666	366	662	553	306	839	607	681	447	463	757	802	710	891	0	363	721	893	340	425	675	698	388	877	305	823	557	344	802	649	578	772	839	394	410	316	673	375	746	505	524	394	672	885	472	617	658	842	390	607	570	310	391	821	702	841	898	762	
521	682	768	357	523	355	889	582	792	600	732	452	817	346	838	868	622	363	0	876	869	453	740	532	444	617	439	312	416	802	561	735	550	664	646	312	384	578	347	447	638	541	383	575	858	435	879	388	795	447	883	820	550	385	565	327	777	452	734	653	645	
532	312	808	755	551	375	841	848	821	592	527	623	730	565	573	649	580	721	876	0	660	595	620	330	464	340	774	842	603	397	435	680	454	505	362	332	669	505	554	500	554	374	417	680	873	815	823	578	538	792	637	729	441	795	759	432	773	353	680	614	664	
363	854	763	767	651	532	439	508	667	781	314	742	878	356	831	392	476	893	869	660	0	830	753	877	692	881	716	556	472	728	838	566	353	731	408	805	518	371	517	650	594	496	768	671	759	836	683	415	673	495	897	766	437	622	555	592	658	455	746	340	789	
832	443	681	330	372	774	589	743	575	571	839	883	777	568	358	877	792	340	453	595	830	0	749	801	599	669	709	704	711	507	374	758	789	491	557	715	742	695	330	696	319	454	883	755	411	549	832	477	854	758	544	580	535	647	579	788	491	516	731	793	820	
812	880	337	776	421	476	350	862	353	616	884	802	481	831	436	358	385	425	740	620	753	749	0	425	565	669	704	433	656	590	750	889	352	530	884	426	570	848	878	770	614	617	408	605	300	610	455	700	714	815	557	368	638	845	322	688	713	349	364	738	848	
779	503	747	383	445	477	358	685	863	327	630	542	681	783	789	335	897	675	532	330	877	801	425	0	843	719	654	868	419	474	792	469	558	697	537	307	376	896	524	675	622	434	719	365	616	759	811	785	557	612	575	422	661	349	397	845	812	785	704	595	796	
598	823	441	622	689	433	331	464	714	619	531	406	534	339	337	547	578	698	444	464	692	599	565	843	0	367	720	600	655	317	630	821	409	775	639	728	458	870	396	760	792	448	584	465	559	508	733	733	474	777	329	624	759	706	499	698	467	459	824	587	386	
554	726	840	473	813	467	661	773	560	356	558	480	696	723	435	437	878	388	617	340	881	669	669	719	367	0	460	530	442	784	429	608	458	867	663	685	592	765	761	545	717	581	407	494	868	385	370	414	404	503	722	699	850	838	440	381	697	838	572	359	641	
723	386	537	639	374	595	499	873	575	792	446	457	868	711	733	356	741	877	439	774	716	709	704	654	720	460	0	415	577	421	816	677	351	417	509	899	786	455	346	335	421	313	741	860	733	809	531	685	518	857	883	847	479	569	702	680	320	892	647	663	394	
879	452	646	899	374	681	794	313	372	691	607	842	565	577	335	532	366	305	312	842	556	704	433	868	600	530	415	0	518	504	625	512	859	516	612	474	578	578	444	426	769	378	804	581	799	836	484	442	396	482	490	729	385	858	407	732	830	351	744	684	466	
302	411	495	449	436	311	337	495	584	687	627	718	808	374	758	677	614	823	416	603	472	711	656	419	655	442	577	518	0	430	373	531	511	898	666	769	748	822	524	491	622	693	711	344	789	391	420	674	790	318	547	328	486	894	651	867	434	764	455	310	522	
582	323	739	714	589	584	411	760	529	311	863	840	687	873	772	632	627	557	802	397	728	507	590	474	317	784	421	504	430	0	616	475	680	607	672	529	349	773	872	744	430	581	639	347	899	770	504	367	349	691	850	859	341	661	643	717	779	792	400	832	846	
598	621	798	460	864	589	839	704	811	864	351	385	588	562	527	704	504	344	561	435	838	374	750	792	630	429	816	625	373	616	0	860	776	700	505	309	749	510	562	833	663	480	770	511	439	820	657	521	834	679	430	612	481	874	395	791	872	482	591	398	789	
757	764	680	725	533	712	700	571	459	697	632	698	799	364	639	405	463	802	735	680	566	758	889	469	821	608	677	512	531	475	860	0	448	806	467	811	881	722	800	725	306	569	541	423	702	634	595	515	666	612	865	787	521	819	898	845	478	891	723	780	465	
530	519	891	419	627	546	509	448	603	722	481	403	437	557	638	344	830	649	550	454	353	789	352	558	409	458	351	859	511	680	776	448	0	684	709	821	480	342	834	642	742	507	408	771	628	576	507	811	762	624	550	357	337	407	362	507	801	689	807	821	309	
326	710	712	673	632	419	584	312	648	759	652	815	795	527	899	435	581	578	664	505	731	491	530	697	775	867	417	516	898	607	700	806	684	0	753	794	594	826	835	889	554	777	485	392	591	839	746	657	766	823	538	300	755	479	400	596	651	362	606	513	646	
779	597	484	421	558	425	447	684	407	533	525	639	339	615	519	850	444	772	646	362	408	557	884	537	639	663	509	612	666	672	505	467	709	753	0	666	790	345	771	822	558	631	667	883	722	816	875	305	436	415	578	620	343	815	467	868	551	654	525	462	756	
709	793	843	408	543	762	477	362	456	860	611	620	764	842	848	580	492	839	312	332	805	715	426	307	728	685	899	474	769	529	309	811	821	794	666	0	871	532	816	378	770	394	586	359	853	437	472	352	607	728	517	861	812	898	693	821	818	712	885	816	537	
603	841	529	645	854	537	585	682	548	447	838	796	845	329	660	838	679	394	384	669	518	742	570	376	458	592	786	578	748	349	749	881	480	594	790	871	0	376	865	397	691	860	609	873	659	513	899	844	557	615	529	556	695	836	744	544	480	329	770	538	581	
814	685	427	858	588	586	553	794	565	696	694	324	853	387	696	643	554	410	578	505	371	695	848	896	870	765	455	578	822	773	510	722	342	826	345	532	376	0	800	498	769	470	849	607	851	644	561	371	802	579	597	528	587	326	338	395	399	330	493	886	721	
790	886	488	728	615	334	662	448	467	871	521	599	683	758	882	862	479	316	347	554	517	330	878	524	396	761	346	444	524	872	562	800	834	835	771	816	865	800	0	416	318	383	872	715	565	548	355	325	848	801	627	824	495	537	491	451	834	380	352	566	712	
471	304	512	550	784	403	667	841	727	316	349	319	367	387	607	510	739	673	447	500	650	696	770	675	760	545	335	426	491	744	833	725	642	889	822	378	397	498	416	0	343	801	877	546	622	745	771	526	374	398	791	794	472	335	357	874	816	509	676	797	579	
738	334	681	755	634	708	677	425	675	437	780	830	759	778	310	450	347	375	638	554	594	319	614	622	792	717	421	769	622	430	663	306	742	554	558	770	691	769	318	343	0	302	783	656	836	855	710	305	468	705	830	631	823	890	626	415	403	338	533	553	631	
879	513	548	600	592	859	863	612	501	868	559	734	565	536	854	428	645	746	541	374	496	454	617	434	448	581	313	378	693	581	480	569	507	777	631	394	860	470	383	801	302	0	569	715	438	330	389	700	463	612	853	437	803	594	644	851	793	427	712	719	893	
338	302	503	438	831	685	640	656	529	490	894	535	489	602	628	513	576	505	383	417	768	883	408	719	584	407	741	804	711	639	770	541	408	485	667	586	609	849	872	877	783	569	0	300	801	404	442	377	515	474	482	828	789	509	557	396	863	301	758	771	886	
438	325	347	817	817	828	827	412	670	879	622	687	836	310	362	849	485	524	575	680	671	755	605	365	465	494	860	581	344	347	511	423	771	392	883	359	873	607	715	546	656	715	300	0	388	861	469	526	313	388	694	453	875	568	386	373	443	454	446	712	759	
643	690	791	348	436	830	618	767	598	855	800	345	696	428	554	410	839	394	858	873	759	411	300	616	559	868	733	799	789	899	439	702	628	591	722	853	659	851	565	622	836	438	801	388	0	300	721	756	422	312	873	703	580	885	673	418	879	460	548	749	546	
463	411	530	340	491	327	542	877	716	816	503	608	676	501	854	359	617	672	435	815	836	549	610	759	508	385	809	836	391	770	820	634	576	839	816	437	513	644	548	745	855	330	404	861	300	0	301	496	686	739	348	871	889	745	582	729	371	734	780	738	585	
734	867	816	415	824	889	697	842	597	300	870	544	707	783	300	551	751	885	879	823	683	832	455	811	733	370	531	484	420	504	657	595	507	746	875	472	899	561	355	771	710	389	442	469	721	301	0	699	695	490	413	420	460	634	625	555	486	328	868	346	829	
622	673	631	544	867	796	345	882	597	614	767	649	749	320	661	659	418	472	388	578	415	477	700	785	733	414	685	442	674	367	521	515	811	657	305	352	844	371	325	526	305	700	377	526	756	496	699	0	599	695	814	478	496	423	890	354	797	460	870	669	855	
721	357	600	433	868	342	515	612	562	663	465	511	429	872	432	697	341	617	795	538	673	854	714	557	474	404	518	396	790	349	834	666	762	766	436	607	557	802	848	374	468	463	515	313	422	686	695	599	0	664	334	727	848	841	620	763	879	748	388	498	325	
650	334	470	576	324	895	497	592	766	699	752	665	651	303	422	351	379	658	447	792	495	758	815	612	777	503	857	482	318	691	679	612	624	823	415	728	615	579	801	398	705	612	474	388	312	739	490	695	664	0	472	425	609	559	838	639	826	367	421	869	549	
788	875	585	338	563	733	804	627	366	306	350	651	605	898	620	687	763	842	883	637	897	544	557	575	329	722	883	490	547	850	430	865	550	538	578	517	529	597	627	791	830	853	482	694	873	348	413	814	334	472	0	432	888	656	821	817	495	525	498	896	483	
708	558	448	659	441	554	356	511	835	418	790	460	317	305	763	777	340	390	820	729	766	580	368	422	624	699	847	729	328	859	612	787	357	300	620	861	556	528	824	794	631	437	828	453	703	871	420	478	727	425	432	0	319	849	862	742	792	366	676	508	814	
415	870	471	657	524	471	806	480	882	532	760	764	613	532	753	756	876	607	550	441	437	535	638	661	759	850	479	385	486	341	481	521	337	755	343	812	695	587	495	472	823	803	789	875	580	889	460	496	848	609	888	319	0	800	638	724	800	404	795	312	674	
674	809	535	560	521	832	865	579	573	788	787	424	422	344	657	461	647	570	385	795	622	647	845	349	706	838	569	858	894	661	874	819	407	479	815	898	836	326	537	335	890	594	509	568	885	745	634	423	841	559	656	849	800	0	316	440	763	761	723	480	617	
743	411	858	760	374	335	376	457	651	481	867	594	599	656	657	431	705	310	565	759	555	579	322	397	499	440	702	407	651	643	395	898	362	400	467	693	744	338	491	357	626	644	557	386	673	582	625	890	620	838	821	862	638	316	0	406	441	735	319	710	720	
748	481	316	730	665	746	654	705	868	326	791	497	688	520	395	843	370	391	327	432	592	788	688	845	698	381	680	732	867	717	791	845	507	596	868	821	544	395	451	874	415	851	396	373	418	729	555	354	763	639	817	742	724	440	406	0	651	643	362	784	660	
887	476	434	773	817	350	453	743	499	879	457	745	457	300	350	831	521	821	777	773	658	491	713	812	467	697	320	830	434	779	872	478	801	651	551	818	480	399	834	816	403	793	863	443	879	371	486	797	879	826	495	792	800	763	441	651	0	402	619	428	316	
423	584	677	442	640	639	557	595	712	655	847	808	438	452	839	669	626	702	452	353	455	516	349	785	459	838	892	351	764	792	482	891	689	362	654	712	329	330	380	509	338	427	301	454	460	734	328	460	748	367	525	366	404	761	735	643	402	0	484	317	513	
438	570	655	655	449	791	853	383	315	617	546	770	507	798	561	853	508	841	734	680	746	731	364	704	824	572	647	744	455	400	591	723	807	606	525	885	770	493	352	676	533	712	758	446	548	780	868	870	388	421	498	676	795	723	319	362	619	484	0	665	467	
535	304	818	813	827	894	814	626	863	734	479	410	773	755	493	320	814	898	653	614	340	793	738	595	587	359	663	684	310	832	398	780	821	513	462	816	538	886	566	797	553	719	771	712	749	738	346	669	498	869	896	508	312	480	710	784	428	317	665	0	801	
763	642	813	685	325	545	759	344	875	376	748	487	890	327	419	324	536	762	645	664	789	820	848	796	386	641	394	466	522	846	789	465	309	646	756	537	581	721	712	579	631	893	886	759	546	585	829	855	325	549	483	814	674	617	720	660	316	513	467	801	0	
etats
Id_Station	Poids W	Min (P)	WSPT	Priorité	
1	3	308	308,00	54	
2	9	312	104,00	35	
3	7	308	38,50	8	
4	6	311	155,50	41	
5	1	304	60,80	23	
6	6	303	303,00	51	
7	7	319	35,44	5	
8	2	350	350,00	60	
9	8	313	156,50	42	
10	1	302	302,00	48	
11	1	306	102,00	33	
12	3	352	39,11	9	
13	3	321	45,86	14	
14	6	301	37,63	6	
15	2	302	302,00	49	
16	4	302	50,33	18	
17	8	302	100,67	30	
18	2	302	302,00	50	
19	7	301	301,00	45	
20	9	309	44,14	13	
21	7	306	34,00	3	
22	8	302	60,40	21	
23	1	303	33,67	2	
24	5	313	78,25	28	
25	5	313	104,33	36	
26	4	307	153,50	40	
27	1	309	51,50	20	
28	8	336	48,00	15	
29	9	324	324,00	59	
30	2	302	100,67	31	
31	9	302	151,00	37	
32	9	303	60,60	22	
33	9	319	79,75	29	
34	2	301	50,17	17	
35	2	301	33,44	1	
36	1	303	303,00	52	
37	4	303	43,29	11	
38	8	330	165,00	43	
39	1	313	34,78	4	
40	1	323	64,60	25	
41	9	305	305,00	53	
42	9	302	151,00	38	
43	1	307	51,17	19	
44	2	313	39,13	10	
45	3	300	50,00	16	
46	7	309	309,00	55	
47	4	345	38,33	7	
48	6	300	300,00	44	
49	4	308	77,00	27	
50	2	301	301,00	46	
51	6	313	313,00	58	
52	7	312	312,00	56	
53	3	312	312,00	57	
54	6	350	43,75	12	
55	1	303	75,75	26	
56	3	302	151,00	39	
57	8	313	62,60	24	
58	3	302	100,67	32	
59	2	301	301,00	47	
60	6	306	102,00	34	

