distances
0	643	693	458	855	422	520	719	517	754	564	436	720	611	472	883	350	513	749	442	595	601	313	732	722	841	546	898	480	471	439	799	576	719	780	878	737	552	415	436	438	
643	0	885	604	312	373	428	480	764	645	850	819	400	544	808	570	477	508	620	579	403	881	534	339	788	810	457	300	552	417	731	809	569	598	694	735	470	426	565	729	813	
693	885	0	560	334	644	599	873	505	657	365	840	771	471	520	782	695	691	841	593	404	878	726	710	728	765	762	794	608	528	455	582	349	556	511	397	594	847	635	532	536	
458	604	560	0	480	422	536	810	723	419	372	382	542	729	605	826	413	389	870	433	865	396	730	564	524	681	803	736	404	785	871	340	542	801	776	583	885	743	653	716	621	
855	312	334	480	0	639	313	356	391	664	340	790	657	367	818	632	576	675	884	578	779	543	367	525	757	577	855	591	543	352	487	731	804	416	872	346	555	820	533	419	455	
422	373	644	422	639	0	355	431	612	388	506	330	594	328	614	478	434	533	431	566	638	727	625	787	611	560	606	635	441	398	611	724	790	848	858	608	480	724	838	707	328	
520	428	599	536	313	355	0	488	872	634	367	447	603	442	890	714	494	779	523	391	650	624	621	459	360	852	890	407	476	481	325	825	631	404	493	657	336	706	553	386	841	
719	480	873	810	356	431	488	0	590	810	637	382	556	806	326	627	875	778	357	499	697	534	766	330	484	700	809	545	771	598	455	348	378	572	651	844	782	855	861	437	601	
517	764	505	723	391	612	872	590	0	875	356	839	667	323	418	865	471	885	733	678	447	711	667	676	589	801	551	343	681	658	360	360	608	402	738	497	542	536	585	480	369	
754	645	657	419	664	388	634	810	875	0	450	870	835	595	501	672	453	746	795	741	730	491	360	690	621	616	366	380	842	556	550	688	878	884	656	597	530	629	344	428	883	
564	850	365	372	340	506	367	637	356	450	0	555	891	323	666	578	479	582	586	400	768	517	546	635	303	640	322	728	893	870	568	597	654	429	877	376	423	355	304	868	569	
436	819	840	382	790	330	447	382	839	870	555	0	696	830	304	846	473	701	559	866	528	819	860	697	303	505	438	619	543	666	495	449	432	428	699	522	873	734	599	677	586	
720	400	771	542	657	594	603	556	667	835	891	696	0	504	549	406	767	743	627	601	767	390	646	327	712	478	677	776	596	436	733	643	754	762	832	792	531	475	839	378	634	
611	544	471	729	367	328	442	806	323	595	323	830	504	0	482	345	660	606	723	736	475	837	532	517	397	488	816	703	585	605	477	490	706	877	898	605	524	651	859	741	499	
472	808	520	605	818	614	890	326	418	501	666	304	549	482	0	775	773	323	646	819	709	307	578	343	846	343	592	653	440	326	782	326	667	364	663	657	566	468	307	461	675	
883	570	782	826	632	478	714	627	865	672	578	846	406	345	775	0	390	449	532	587	760	311	498	767	323	753	553	782	626	760	516	466	672	890	447	839	727	779	451	634	692	
350	477	695	413	576	434	494	875	471	453	479	473	767	660	773	390	0	383	518	517	693	821	342	460	478	470	403	539	717	454	461	558	844	579	372	492	597	562	726	303	502	
513	508	691	389	675	533	779	778	885	746	582	701	743	606	323	449	383	0	881	731	355	615	604	835	838	756	626	834	469	592	643	428	805	689	536	801	450	326	403	316	593	
749	620	841	870	884	431	523	357	733	795	586	559	627	723	646	532	518	881	0	701	836	883	328	339	663	847	531	793	653	643	855	389	525	321	458	442	842	346	369	840	412	
442	579	593	433	578	566	391	499	678	741	400	866	601	736	819	587	517	731	701	0	772	683	598	430	447	720	515	858	554	748	383	781	670	582	877	697	409	520	322	493	658	
595	403	404	865	779	638	650	697	447	730	768	528	767	475	709	760	693	355	836	772	0	558	831	769	475	419	534	807	879	580	647	653	772	665	725	487	859	468	470	710	737	
601	881	878	396	543	727	624	534	711	491	517	819	390	837	307	311	821	615	883	683	558	0	620	746	490	366	838	689	749	836	340	444	663	634	637	803	541	399	582	872	454	
313	534	726	730	367	625	621	766	667	360	546	860	646	532	578	498	342	604	328	598	831	620	0	779	420	814	459	856	703	421	508	505	675	632	509	874	481	323	341	366	860	
732	339	710	564	525	787	459	330	676	690	635	697	327	517	343	767	460	835	339	430	769	746	779	0	744	329	386	554	578	696	465	390	547	364	415	311	874	809	387	604	415	
722	788	728	524	757	611	360	484	589	621	303	303	712	397	846	323	478	838	663	447	475	490	420	744	0	834	503	374	317	752	344	600	528	433	448	528	664	627	731	490	527	
841	810	765	681	577	560	852	700	801	616	640	505	478	488	343	753	470	756	847	720	419	366	814	329	834	0	487	706	410	493	888	581	732	587	338	492	394	898	365	693	729	
546	457	762	803	855	606	890	809	551	366	322	438	677	816	592	553	403	626	531	515	534	838	459	386	503	487	0	563	782	509	354	315	853	795	369	411	509	795	738	687	817	
898	300	794	736	591	635	407	545	343	380	728	619	776	703	653	782	539	834	793	858	807	689	856	554	374	706	563	0	888	517	529	747	657	365	744	310	449	401	848	848	384	
480	552	608	404	543	441	476	771	681	842	893	543	596	585	440	626	717	469	653	554	879	749	703	578	317	410	782	888	0	757	443	722	778	515	443	404	800	349	584	757	610	
471	417	528	785	352	398	481	598	658	556	870	666	436	605	326	760	454	592	643	748	580	836	421	696	752	493	509	517	757	0	759	527	699	536	422	708	750	753	760	829	734	
439	731	455	871	487	611	325	455	360	550	568	495	733	477	782	516	461	643	855	383	647	340	508	465	344	888	354	529	443	759	0	594	764	650	715	821	519	404	576	410	504	
799	809	582	340	731	724	825	348	360	688	597	449	643	490	326	466	558	428	389	781	653	444	505	390	600	581	315	747	722	527	594	0	652	868	764	517	415	439	649	742	810	
576	569	349	542	804	790	631	378	608	878	654	432	754	706	667	672	844	805	525	670	772	663	675	547	528	732	853	657	778	699	764	652	0	651	581	520	779	804	327	572	868	
719	598	556	801	416	848	404	572	402	884	429	428	762	877	364	890	579	689	321	582	665	634	632	364	433	587	795	365	515	536	650	868	651	0	568	499	570	870	795	378	590	
780	694	511	776	872	858	493	651	738	656	877	699	832	898	663	447	372	536	458	877	725	637	509	415	448	338	369	744	443	422	715	764	581	568	0	431	310	615	489	833	368	
878	735	397	583	346	608	657	844	497	597	376	522	792	605	657	839	492	801	442	697	487	803	874	311	528	492	411	310	404	708	821	517	520	499	431	0	354	526	527	787	521	
737	470	594	885	555	480	336	782	542	530	423	873	531	524	566	727	597	450	842	409	859	541	481	874	664	394	509	449	800	750	519	415	779	570	310	354	0	844	710	894	782	
552	426	847	743	820	724	706	855	536	629	355	734	475	651	468	779	562	326	346	520	468	399	323	809	627	898	795	401	349	753	404	439	804	870	615	526	844	0	785	592	829	
415	565	635	653	533	838	553	861	585	344	304	599	839	859	307	451	726	403	369	322	470	582	341	387	731	365	738	848	584	760	576	649	327	795	489	527	710	785	0	610	329	
436	729	532	716	419	707	386	437	480	428	868	677	378	741	461	634	303	316	840	493	710	872	366	604	490	693	687	848	757	829	410	742	572	378	833	787	894	592	610	0	778	
438	813	536	621	455	328	841	601	369	883	569	586	634	499	675	692	502	593	412	658	737	454	860	415	527	729	817	384	610	734	504	810	868	590	368	521	782	829	329	778	0	
etats
Id_Station	Poids W	Min (P)	WSPT	Priorité	
1	8	314	314,00	36	
2	5	338	37,56	4	
3	3	313	313,00	35	
4	8	307	34,11	1	
5	6	310	310,00	33	
6	3	329	109,67	24	
7	4	314	44,86	9	
8	6	354	50,57	10	
9	6	341	341,00	40	
10	4	323	323,00	37	
11	4	329	109,67	25	
12	4	312	312,00	34	
13	5	329	41,13	6	
14	8	310	103,33	19	
15	4	310	155,00	30	
16	8	307	307,00	31	
17	8	307	153,50	29	
18	1	326	108,67	23	
19	8	301	150,50	28	
20	3	309	51,50	11	
21	1	301	100,33	18	
22	4	312	78,00	14	
23	1	334	83,50	16	
24	6	324	324,00	38	
25	2	341	85,25	17	
26	9	309	44,14	8	
27	4	343	114,33	26	
28	4	327	40,88	5	
29	1	327	327,00	39	
30	3	349	116,33	27	
31	6	319	106,33	22	
32	6	319	35,44	3	
33	3	307	307,00	32	
34	6	317	35,22	2	
35	8	343	68,60	13	
36	2	310	103,33	20	
37	1	330	82,50	15	
38	3	310	103,33	21	
39	6	307	61,40	12	
40	1	308	44,00	7	
