distances
0	803	844	737	813	581	399	785	736	397	559	326	742	835	571	880	896	329	463	448	753	755	330	718	313	305	487	463	319	304	304	652	355	632	730	767	471	728	826	665	329	
803	0	691	501	428	701	878	400	629	391	830	825	498	757	306	831	306	732	672	643	838	389	879	555	427	462	643	856	718	513	556	425	730	373	315	459	489	753	681	759	654	
844	691	0	768	694	760	743	846	653	642	510	481	544	402	464	516	888	515	738	379	629	786	700	690	373	844	700	655	562	718	591	507	809	630	829	643	596	550	609	670	814	
737	501	768	0	307	799	635	474	413	831	535	717	582	808	582	896	697	521	746	720	374	767	606	684	408	714	440	796	320	714	326	380	799	346	405	749	312	319	421	300	368	
813	428	694	307	0	567	518	530	606	851	461	851	533	811	865	874	872	868	307	435	611	563	608	636	860	311	440	328	557	832	588	873	484	820	834	509	855	359	533	305	463	
581	701	760	799	567	0	487	765	495	794	323	886	463	467	326	612	615	329	681	777	809	830	462	362	387	550	796	544	650	680	821	886	707	753	763	523	309	776	739	446	731	
399	878	743	635	518	487	0	313	495	572	722	371	456	819	771	526	489	346	600	364	471	452	675	552	647	481	756	690	332	515	382	741	474	541	857	689	786	840	603	785	753	
785	400	846	474	530	765	313	0	536	425	407	593	669	392	867	379	317	896	803	494	649	702	507	571	512	739	667	568	790	805	475	728	548	760	498	818	637	363	803	710	506	
736	629	653	413	606	495	495	536	0	644	375	741	539	517	738	316	584	395	374	630	638	468	342	446	850	302	485	323	606	436	386	653	763	317	366	347	742	579	575	727	871	
397	391	642	831	851	794	572	425	644	0	604	689	880	348	651	728	896	753	657	759	519	610	695	838	307	544	890	409	774	714	300	418	309	489	772	363	845	624	638	412	855	
559	830	510	535	461	323	722	407	375	604	0	426	698	743	516	727	311	745	376	716	303	372	506	350	863	438	867	392	628	675	876	727	631	300	696	650	744	464	561	339	337	
326	825	481	717	851	886	371	593	741	689	426	0	787	774	313	837	449	767	388	895	464	453	822	855	496	624	846	742	860	830	646	553	785	390	375	624	869	776	698	307	391	
742	498	544	582	533	463	456	669	539	880	698	787	0	839	392	393	688	314	879	879	484	440	809	888	577	735	838	592	754	861	415	401	451	842	409	518	896	650	314	638	874	
835	757	402	808	811	467	819	392	517	348	743	774	839	0	480	609	662	567	398	599	499	476	394	412	727	363	795	674	447	663	790	892	864	305	856	386	606	758	597	506	376	
571	306	464	582	865	326	771	867	738	651	516	313	392	480	0	549	866	622	492	373	807	647	873	866	608	550	840	562	835	538	595	535	366	561	385	807	702	878	658	850	486	
880	831	516	896	874	612	526	379	316	728	727	837	393	609	549	0	676	341	677	433	423	556	313	367	756	558	632	381	523	527	570	817	423	861	661	348	501	737	465	754	865	
896	306	888	697	872	615	489	317	584	896	311	449	688	662	866	676	0	425	813	720	618	382	752	790	634	685	543	398	736	617	719	790	477	587	554	829	626	703	548	648	478	
329	732	515	521	868	329	346	896	395	753	745	767	314	567	622	341	425	0	729	326	511	690	706	349	695	608	842	480	564	527	508	483	606	442	759	537	305	857	493	313	538	
463	672	738	746	307	681	600	803	374	657	376	388	879	398	492	677	813	729	0	892	567	445	897	809	770	362	795	347	447	312	585	503	688	627	712	597	772	547	824	382	501	
448	643	379	720	435	777	364	494	630	759	716	895	879	599	373	433	720	326	892	0	670	790	661	613	321	528	672	589	688	380	868	676	446	387	653	774	727	887	486	399	588	
753	838	629	374	611	809	471	649	638	519	303	464	484	499	807	423	618	511	567	670	0	303	603	684	534	811	688	424	308	493	623	369	332	513	441	473	794	602	346	839	797	
755	389	786	767	563	830	452	702	468	610	372	453	440	476	647	556	382	690	445	790	303	0	600	873	723	601	480	497	491	473	743	866	547	600	466	844	674	405	425	545	762	
330	879	700	606	608	462	675	507	342	695	506	822	809	394	873	313	752	706	897	661	603	600	0	732	528	517	854	584	668	722	425	442	818	818	739	899	358	893	721	531	471	
718	555	690	684	636	362	552	571	446	838	350	855	888	412	866	367	790	349	809	613	684	873	732	0	894	478	659	500	822	421	631	416	688	582	740	352	848	475	852	815	388	
313	427	373	408	860	387	647	512	850	307	863	496	577	727	608	756	634	695	770	321	534	723	528	894	0	794	769	645	870	412	531	739	703	724	339	681	614	528	591	307	895	
305	462	844	714	311	550	481	739	302	544	438	624	735	363	550	558	685	608	362	528	811	601	517	478	794	0	470	629	792	676	611	456	358	830	815	622	696	673	534	868	358	
487	643	700	440	440	796	756	667	485	890	867	846	838	795	840	632	543	842	795	672	688	480	854	659	769	470	0	306	579	827	805	811	671	570	410	396	545	411	691	354	398	
463	856	655	796	328	544	690	568	323	409	392	742	592	674	562	381	398	480	347	589	424	497	584	500	645	629	306	0	866	737	325	846	811	819	437	316	787	460	560	869	461	
319	718	562	320	557	650	332	790	606	774	628	860	754	447	835	523	736	564	447	688	308	491	668	822	870	792	579	866	0	477	604	554	880	617	614	806	632	556	783	306	741	
304	513	718	714	832	680	515	805	436	714	675	830	861	663	538	527	617	527	312	380	493	473	722	421	412	676	827	737	477	0	652	545	484	507	444	316	893	644	785	654	738	
304	556	591	326	588	821	382	475	386	300	876	646	415	790	595	570	719	508	585	868	623	743	425	631	531	611	805	325	604	652	0	578	850	656	851	535	398	503	633	308	815	
652	425	507	380	873	886	741	728	653	418	727	553	401	892	535	817	790	483	503	676	369	866	442	416	739	456	811	846	554	545	578	0	395	399	838	633	567	825	324	441	798	
355	730	809	799	484	707	474	548	763	309	631	785	451	864	366	423	477	606	688	446	332	547	818	688	703	358	671	811	880	484	850	395	0	530	774	781	816	411	756	403	708	
632	373	630	346	820	753	541	760	317	489	300	390	842	305	561	861	587	442	627	387	513	600	818	582	724	830	570	819	617	507	656	399	530	0	536	896	782	694	414	566	606	
730	315	829	405	834	763	857	498	366	772	696	375	409	856	385	661	554	759	712	653	441	466	739	740	339	815	410	437	614	444	851	838	774	536	0	505	705	798	531	780	563	
767	459	643	749	509	523	689	818	347	363	650	624	518	386	807	348	829	537	597	774	473	844	899	352	681	622	396	316	806	316	535	633	781	896	505	0	449	395	876	480	543	
471	489	596	312	855	309	786	637	742	845	744	869	896	606	702	501	626	305	772	727	794	674	358	848	614	696	545	787	632	893	398	567	816	782	705	449	0	614	691	637	394	
728	753	550	319	359	776	840	363	579	624	464	776	650	758	878	737	703	857	547	887	602	405	893	475	528	673	411	460	556	644	503	825	411	694	798	395	614	0	418	431	409	
826	681	609	421	533	739	603	803	575	638	561	698	314	597	658	465	548	493	824	486	346	425	721	852	591	534	691	560	783	785	633	324	756	414	531	876	691	418	0	574	378	
665	759	670	300	305	446	785	710	727	412	339	307	638	506	850	754	648	313	382	399	839	545	531	815	307	868	354	869	306	654	308	441	403	566	780	480	637	431	574	0	864	
329	654	814	368	463	731	753	506	871	855	337	391	874	376	486	865	478	538	501	588	797	762	471	388	895	358	398	461	741	738	815	798	708	606	563	543	394	409	378	864	0	
etats
Id_Station	Poids W	Min (P)	WSPT	Priorité	
1	8	316	158,00	16	
2	7	320	320,00	19	
3	9	312	62,40	11	
4	1	313	44,71	7	
5	6	334	37,11	2	
6	3	323	53,83	9	
7	3	300	42,86	6	
8	4	323	40,38	5	
9	4	327	36,33	1	
10	6	341	48,71	8	
11	1	313	39,13	4	
12	2	359	359,00	20	
13	5	321	80,25	14	
14	9	327	163,50	17	
15	6	356	71,20	12	
16	7	320	80,00	13	
17	4	300	150,00	15	
18	1	332	55,33	10	
19	4	335	167,50	18	
20	7	350	38,89	3	
21	6	303	151,50	27	
22	1	306	34,00	1	
23	6	302	302,00	30	
24	4	304	101,33	22	
25	9	318	45,43	11	
26	8	336	84,00	19	
27	9	304	60,80	16	
28	6	314	39,25	6	
29	9	312	52,00	13	
30	2	303	101,00	21	
31	6	303	37,88	2	
32	9	301	100,33	20	
33	4	314	52,33	15	
34	1	311	311,00	36	
35	1	312	312,00	37	
36	5	313	52,17	14	
37	4	308	308,00	34	
38	6	303	37,88	3	
39	5	303	50,50	12	
40	7	314	104,67	24	

