distances
0	338	485	586	398	364	882	752	751	488	339	505	872	571	624	316	526	346	492	641	844	493	875	535	553	369	371	811	632	776	758	605	774	837	337	437	748	388	358	365	794	
338	0	855	414	693	517	636	394	736	358	390	595	794	772	819	422	519	427	482	428	531	374	639	557	686	436	522	745	706	868	664	332	342	557	794	403	492	340	426	860	461	
485	855	0	471	490	810	448	743	510	332	757	867	859	583	378	338	560	799	584	388	403	361	821	563	387	677	862	838	871	798	340	741	645	764	310	508	678	631	869	894	647	
586	414	471	0	319	798	323	686	833	703	880	409	734	770	303	735	344	490	625	717	557	316	639	539	508	637	709	317	314	663	809	353	721	618	497	549	422	521	792	480	302	
398	693	490	319	0	484	890	756	600	466	630	723	599	761	481	526	411	739	807	684	563	790	550	753	395	553	312	566	393	319	394	391	589	450	648	443	572	537	673	381	673	
364	517	810	798	484	0	777	841	421	703	884	327	849	424	672	398	654	860	562	414	466	487	634	838	752	591	339	585	761	481	390	576	606	874	658	433	301	475	507	575	806	
882	636	448	323	890	777	0	653	745	613	328	580	561	744	796	339	797	478	604	343	478	516	853	435	653	699	508	561	463	375	843	329	329	326	583	855	604	445	364	580	776	
752	394	743	686	756	841	653	0	832	313	377	361	525	741	581	635	716	756	580	475	883	503	582	395	408	670	314	850	505	522	801	322	498	375	454	883	737	391	374	787	335	
751	736	510	833	600	421	745	832	0	854	723	390	404	607	543	891	873	592	429	474	585	452	631	872	365	494	774	802	811	530	695	891	820	802	522	820	759	643	875	651	584	
488	358	332	703	466	703	613	313	854	0	743	667	844	386	337	432	380	833	302	326	869	693	370	727	571	358	723	497	778	522	796	570	597	374	772	308	568	888	455	314	467	
339	390	757	880	630	884	328	377	723	743	0	834	865	514	775	477	898	670	409	611	450	366	353	513	344	863	759	818	483	765	549	657	582	541	592	364	371	431	361	528	379	
505	595	867	409	723	327	580	361	390	667	834	0	417	320	496	655	605	332	562	686	378	861	883	850	880	808	700	831	427	437	820	733	452	565	537	787	784	370	356	359	431	
872	794	859	734	599	849	561	525	404	844	865	417	0	429	445	331	808	587	631	417	670	594	523	670	682	711	508	843	789	434	884	879	813	711	789	677	427	373	593	721	335	
571	772	583	770	761	424	744	741	607	386	514	320	429	0	369	379	865	608	851	630	682	662	761	888	543	689	718	396	871	735	328	479	598	760	835	481	672	615	537	538	571	
624	819	378	303	481	672	796	581	543	337	775	496	445	369	0	772	425	865	848	388	840	864	566	326	840	393	359	657	705	834	337	495	735	704	776	698	417	567	621	522	881	
316	422	338	735	526	398	339	635	891	432	477	655	331	379	772	0	760	587	482	399	696	643	637	549	871	752	334	602	754	765	390	682	767	555	694	383	743	522	873	424	504	
526	519	560	344	411	654	797	716	873	380	898	605	808	865	425	760	0	562	855	376	683	416	517	655	769	758	450	896	671	448	701	707	376	378	869	771	877	633	309	510	890	
346	427	799	490	739	860	478	756	592	833	670	332	587	608	865	587	562	0	749	677	727	763	350	305	375	475	890	563	596	553	436	478	618	420	652	813	653	705	548	493	689	
492	482	584	625	807	562	604	580	429	302	409	562	631	851	848	482	855	749	0	811	383	884	824	877	815	366	816	580	737	531	462	681	308	819	839	728	766	478	581	330	773	
641	428	388	717	684	414	343	475	474	326	611	686	417	630	388	399	376	677	811	0	858	785	473	575	632	751	592	727	572	731	535	513	401	319	549	762	373	835	786	831	302	
844	531	403	557	563	466	478	883	585	869	450	378	670	682	840	696	683	727	383	858	0	820	547	303	752	632	318	562	656	761	502	391	529	515	366	600	395	881	586	530	566	
493	374	361	316	790	487	516	503	452	693	366	861	594	662	864	643	416	763	884	785	820	0	779	482	575	562	774	498	494	782	825	590	864	460	425	610	648	742	601	416	680	
875	639	821	639	550	634	853	582	631	370	353	883	523	761	566	637	517	350	824	473	547	779	0	377	371	801	367	661	662	834	620	616	773	721	781	846	654	366	571	643	863	
535	557	563	539	753	838	435	395	872	727	513	850	670	888	326	549	655	305	877	575	303	482	377	0	792	837	429	792	812	546	595	427	758	664	605	696	477	353	669	475	776	
553	686	387	508	395	752	653	408	365	571	344	880	682	543	840	871	769	375	815	632	752	575	371	792	0	676	608	315	455	327	749	391	745	400	714	551	873	652	820	602	623	
369	436	677	637	553	591	699	670	494	358	863	808	711	689	393	752	758	475	366	751	632	562	801	837	676	0	697	497	495	726	740	575	845	757	738	782	485	673	580	870	690	
371	522	862	709	312	339	508	314	774	723	759	700	508	718	359	334	450	890	816	592	318	774	367	429	608	697	0	316	893	617	895	667	819	720	314	463	388	829	654	499	418	
811	745	838	317	566	585	561	850	802	497	818	831	843	396	657	602	896	563	580	727	562	498	661	792	315	497	316	0	753	631	415	684	622	488	375	425	523	500	840	318	559	
632	706	871	314	393	761	463	505	811	778	483	427	789	871	705	754	671	596	737	572	656	494	662	812	455	495	893	753	0	721	827	656	631	833	357	407	364	535	445	528	466	
776	868	798	663	319	481	375	522	530	522	765	437	434	735	834	765	448	553	531	731	761	782	834	546	327	726	617	631	721	0	567	804	393	368	351	699	320	654	333	426	415	
758	664	340	809	394	390	843	801	695	796	549	820	884	328	337	390	701	436	462	535	502	825	620	595	749	740	895	415	827	567	0	753	726	714	879	370	784	536	582	490	340	
605	332	741	353	391	576	329	322	891	570	657	733	879	479	495	682	707	478	681	513	391	590	616	427	391	575	667	684	656	804	753	0	686	587	881	633	364	623	442	612	594	
774	342	645	721	589	606	329	498	820	597	582	452	813	598	735	767	376	618	308	401	529	864	773	758	745	845	819	622	631	393	726	686	0	406	628	722	797	627	445	565	780	
837	557	764	618	450	874	326	375	802	374	541	565	711	760	704	555	378	420	819	319	515	460	721	664	400	757	720	488	833	368	714	587	406	0	618	583	404	735	596	837	775	
337	794	310	497	648	658	583	454	522	772	592	537	789	835	776	694	869	652	839	549	366	425	781	605	714	738	314	375	357	351	879	881	628	618	0	372	749	508	685	876	824	
437	403	508	549	443	433	855	883	820	308	364	787	677	481	698	383	771	813	728	762	600	610	846	696	551	782	463	425	407	699	370	633	722	583	372	0	825	354	557	589	767	
748	492	678	422	572	301	604	737	759	568	371	784	427	672	417	743	877	653	766	373	395	648	654	477	873	485	388	523	364	320	784	364	797	404	749	825	0	813	435	323	427	
388	340	631	521	537	475	445	391	643	888	431	370	373	615	567	522	633	705	478	835	881	742	366	353	652	673	829	500	535	654	536	623	627	735	508	354	813	0	325	418	855	
358	426	869	792	673	507	364	374	875	455	361	356	593	537	621	873	309	548	581	786	586	601	571	669	820	580	654	840	445	333	582	442	445	596	685	557	435	325	0	716	520	
365	860	894	480	381	575	580	787	651	314	528	359	721	538	522	424	510	493	330	831	530	416	643	475	602	870	499	318	528	426	490	612	565	837	876	589	323	418	716	0	816	
794	461	647	302	673	806	776	335	584	467	379	431	335	571	881	504	890	689	773	302	566	680	863	776	623	690	418	559	466	415	340	594	780	775	824	767	427	855	520	816	0	
etats
Id_Station	Poids W	Min (P)	WSPT	Priorité	
1	5	308	51,33	17	
2	4	314	314,00	37	
3	6	368	122,67	29	
4	9	300	300,00	33	
5	3	314	39,25	9	
6	5	310	34,44	2	
7	9	308	61,60	22	
8	2	310	51,67	18	
9	4	303	50,50	16	
10	5	302	50,33	15	
11	5	310	38,75	7	
12	9	310	103,33	27	
13	7	301	33,44	1	
14	7	312	156,00	31	
15	2	322	322,00	39	
16	1	303	303,00	35	
17	7	341	68,20	24	
18	2	314	52,33	20	
19	7	344	114,67	28	
20	5	310	51,67	19	
21	9	307	76,75	25	
22	3	321	321,00	38	
23	9	308	38,50	5	
24	1	320	45,71	13	
25	2	314	34,89	3	
26	3	331	165,50	32	
27	1	301	100,33	26	
28	5	314	39,25	10	
29	7	302	151,00	30	
30	4	329	47,00	14	
31	6	329	41,13	11	
32	8	300	300,00	34	
33	2	352	39,11	8	
34	1	321	64,20	23	
35	8	334	41,75	12	
36	8	337	37,44	4	
37	1	309	38,63	6	
38	7	335	55,83	21	
39	6	308	308,00	36	
40	4	327	327,00	40	
