distances
0	408	411	484	799	557	748	837	380	626	753	431	399	694	746	720	511	850	314	475	687	512	892	536	301	801	491	602	539	492	398	369	649	520	412	711	620	714	665	415	373	
408	0	692	491	814	776	583	798	560	808	344	396	417	704	871	757	616	477	568	416	642	528	758	305	412	768	456	374	855	421	386	460	558	622	777	860	773	441	407	830	461	
411	692	0	899	667	879	680	821	444	538	455	365	315	341	404	616	403	355	573	463	448	515	731	435	877	718	338	882	313	447	631	870	658	527	797	748	739	452	498	846	723	
484	491	899	0	433	395	783	796	657	316	883	369	572	737	770	665	476	818	432	760	852	735	629	439	598	629	579	389	555	324	397	352	806	453	798	562	445	792	829	304	349	
799	814	667	433	0	899	791	608	470	563	488	449	410	814	321	313	625	482	782	690	785	403	664	732	654	505	740	796	420	879	390	693	698	661	308	826	840	612	734	738	858	
557	776	879	395	899	0	843	308	682	467	513	372	888	462	616	802	867	870	464	490	548	397	341	510	363	852	819	706	426	773	311	578	305	761	729	369	828	405	725	335	711	
748	583	680	783	791	843	0	337	625	651	389	356	513	375	704	809	894	742	835	580	486	421	889	619	431	636	725	861	336	322	656	328	542	721	459	853	802	851	455	882	567	
837	798	821	796	608	308	337	0	375	636	802	626	467	388	684	510	541	650	844	424	855	733	345	891	577	493	667	320	885	839	810	309	823	584	832	790	556	697	307	316	699	
380	560	444	657	470	682	625	375	0	686	769	600	617	348	318	540	876	357	751	381	449	662	312	478	880	782	458	636	718	817	512	344	414	538	876	383	654	819	463	647	373	
626	808	538	316	563	467	651	636	686	0	791	590	635	359	422	309	773	747	630	320	495	302	519	382	633	565	360	491	377	447	434	875	534	899	520	385	327	836	586	738	760	
753	344	455	883	488	513	389	802	769	791	0	477	875	524	735	712	693	767	420	513	562	464	596	404	621	332	649	644	847	541	558	698	872	562	549	490	521	827	358	626	765	
431	396	365	369	449	372	356	626	600	590	477	0	887	362	587	650	460	852	846	436	700	308	728	317	765	422	738	639	434	786	712	810	779	479	705	348	735	716	474	307	405	
399	417	315	572	410	888	513	467	617	635	875	887	0	593	653	775	624	484	761	766	462	437	752	702	753	731	763	804	669	855	397	696	790	535	426	792	507	874	420	601	766	
694	704	341	737	814	462	375	388	348	359	524	362	593	0	867	820	479	776	310	727	717	452	389	338	609	499	649	490	407	489	523	438	776	306	494	592	761	720	475	313	881	
746	871	404	770	321	616	704	684	318	422	735	587	653	867	0	509	427	414	504	342	466	797	395	452	829	682	744	326	656	565	657	786	679	658	419	533	539	732	739	830	497	
720	757	616	665	313	802	809	510	540	309	712	650	775	820	509	0	615	821	874	394	517	568	507	533	365	598	676	332	671	878	546	384	619	800	713	536	479	525	499	363	654	
511	616	403	476	625	867	894	541	876	773	693	460	624	479	427	615	0	621	446	719	454	760	624	800	845	531	716	366	825	704	326	711	474	619	590	647	844	702	823	574	718	
850	477	355	818	482	870	742	650	357	747	767	852	484	776	414	821	621	0	852	391	775	500	879	750	814	567	386	887	400	603	357	566	428	454	698	769	634	860	800	576	733	
314	568	573	432	782	464	835	844	751	630	420	846	761	310	504	874	446	852	0	349	687	807	743	558	859	734	656	715	474	612	340	331	312	661	723	348	681	718	876	796	362	
475	416	463	760	690	490	580	424	381	320	513	436	766	727	342	394	719	391	349	0	438	662	553	475	633	518	430	835	712	701	441	472	541	592	483	648	390	523	384	793	309	
687	642	448	852	785	548	486	855	449	495	562	700	462	717	466	517	454	775	687	438	0	574	477	681	371	646	337	352	349	651	746	880	790	462	508	396	782	445	643	747	367	
512	528	515	735	403	397	421	733	662	302	464	308	437	452	797	568	760	500	807	662	574	0	864	826	607	587	523	316	851	385	821	387	847	839	745	556	551	630	757	797	317	
892	758	731	629	664	341	889	345	312	519	596	728	752	389	395	507	624	879	743	553	477	864	0	676	636	570	580	891	681	620	554	702	806	589	767	310	533	734	793	427	372	
536	305	435	439	732	510	619	891	478	382	404	317	702	338	452	533	800	750	558	475	681	826	676	0	801	390	641	393	500	649	346	375	775	694	348	438	385	567	319	689	347	
301	412	877	598	654	363	431	577	880	633	621	765	753	609	829	365	845	814	859	633	371	607	636	801	0	325	383	720	477	483	852	372	569	315	799	529	534	505	717	461	561	
801	768	718	629	505	852	636	493	782	565	332	422	731	499	682	598	531	567	734	518	646	587	570	390	325	0	548	730	333	830	523	413	441	505	385	611	543	431	890	391	496	
491	456	338	579	740	819	725	667	458	360	649	738	763	649	744	676	716	386	656	430	337	523	580	641	383	548	0	351	789	539	619	640	368	695	797	533	313	669	417	851	697	
602	374	882	389	796	706	861	320	636	491	644	639	804	490	326	332	366	887	715	835	352	316	891	393	720	730	351	0	635	842	434	658	720	768	472	622	665	318	524	533	562	
539	855	313	555	420	426	336	885	718	377	847	434	669	407	656	671	825	400	474	712	349	851	681	500	477	333	789	635	0	374	816	747	543	335	698	691	713	708	595	491	507	
492	421	447	324	879	773	322	839	817	447	541	786	855	489	565	878	704	603	612	701	651	385	620	649	483	830	539	842	374	0	493	308	459	630	828	573	836	679	390	719	602	
398	386	631	397	390	311	656	810	512	434	558	712	397	523	657	546	326	357	340	441	746	821	554	346	852	523	619	434	816	493	0	706	608	637	779	676	321	368	451	810	867	
369	460	870	352	693	578	328	309	344	875	698	810	696	438	786	384	711	566	331	472	880	387	702	375	372	413	640	658	747	308	706	0	615	445	800	652	346	561	343	845	780	
649	558	658	806	698	305	542	823	414	534	872	779	790	776	679	619	474	428	312	541	790	847	806	775	569	441	368	720	543	459	608	615	0	492	568	742	581	570	403	489	883	
520	622	527	453	661	761	721	584	538	899	562	479	535	306	658	800	619	454	661	592	462	839	589	694	315	505	695	768	335	630	637	445	492	0	728	619	348	441	662	657	700	
412	777	797	798	308	729	459	832	876	520	549	705	426	494	419	713	590	698	723	483	508	745	767	348	799	385	797	472	698	828	779	800	568	728	0	500	733	571	570	735	509	
711	860	748	562	826	369	853	790	383	385	490	348	792	592	533	536	647	769	348	648	396	556	310	438	529	611	533	622	691	573	676	652	742	619	500	0	432	776	637	842	309	
620	773	739	445	840	828	802	556	654	327	521	735	507	761	539	479	844	634	681	390	782	551	533	385	534	543	313	665	713	836	321	346	581	348	733	432	0	476	566	409	395	
714	441	452	792	612	405	851	697	819	836	827	716	874	720	732	525	702	860	718	523	445	630	734	567	505	431	669	318	708	679	368	561	570	441	571	776	476	0	336	757	681	
665	407	498	829	734	725	455	307	463	586	358	474	420	475	739	499	823	800	876	384	643	757	793	319	717	890	417	524	595	390	451	343	403	662	570	637	566	336	0	892	312	
415	830	846	304	738	335	882	316	647	738	626	307	601	313	830	363	574	576	796	793	747	797	427	689	461	391	851	533	491	719	810	845	489	657	735	842	409	757	892	0	373	
373	461	723	349	858	711	567	699	373	760	765	405	766	881	497	654	718	733	362	309	367	317	372	347	561	496	697	562	507	602	867	780	883	700	509	309	395	681	312	373	0	
etats
Id_Station	Poids W	Min (P)	WSPT	Priorité	
1	7	304	43,43	9	
2	8	302	302,00	29	
3	4	302	75,50	18	
4	6	308	44,00	11	
5	5	306	38,25	5	
6	2	308	308,00	34	
7	6	302	43,14	8	
8	3	308	308,00	35	
9	5	308	38,50	6	
10	4	324	162,00	27	
11	8	301	301,00	28	
12	7	311	103,67	22	
13	7	324	108,00	24	
14	9	313	313,00	38	
15	5	304	43,43	10	
16	6	304	304,00	31	
17	9	335	335,00	40	
18	7	310	310,00	36	
19	2	304	304,00	32	
20	7	304	76,00	19	
21	1	314	39,25	7	
22	2	314	157,00	26	
23	1	302	33,56	1	
24	3	304	304,00	33	
25	4	325	108,33	25	
26	1	326	46,57	12	
27	6	308	77,00	20	
28	3	314	62,80	17	
29	7	304	38,00	4	
30	3	327	54,50	16	
31	5	303	101,00	21	
32	4	301	37,63	2	
33	3	314	104,67	23	
34	8	311	51,83	14	
35	2	312	312,00	37	
36	4	313	313,00	39	
37	5	308	51,33	13	
38	3	303	303,00	30	
39	7	303	37,88	3	
40	2	314	52,33	15	
