distances
0	411	551	331	307	858	608	703	452	733	346	561	688	865	457	775	371	342	347	432	773	691	432	331	643	569	639	658	469	631	327	325	883	635	822	675	434	449	314	579	433	
411	0	362	693	683	600	839	746	704	892	670	839	799	528	408	812	707	640	562	710	337	792	895	678	737	631	662	879	475	333	868	752	832	649	624	657	643	778	775	768	300	
551	362	0	701	591	508	448	402	775	557	632	872	503	359	333	583	469	334	461	892	829	773	411	638	812	396	307	389	798	617	597	800	506	688	814	864	553	478	800	667	628	
331	693	701	0	384	496	392	546	727	823	761	523	585	343	622	511	635	800	637	312	433	672	636	537	678	571	301	877	838	830	539	670	385	499	525	592	542	574	542	347	855	
307	683	591	384	0	721	373	796	881	775	805	317	660	436	613	399	460	426	852	371	521	778	741	486	575	764	480	427	526	859	860	869	316	860	609	367	430	876	434	817	615	
858	600	508	496	721	0	706	564	474	411	538	750	877	355	483	668	574	653	422	815	327	392	650	611	420	422	650	835	334	830	660	599	382	456	358	572	895	752	860	506	647	
608	839	448	392	373	706	0	867	678	512	644	336	749	386	449	514	455	755	788	667	557	853	875	412	311	774	348	778	743	508	765	402	395	804	567	689	758	354	358	604	435	
703	746	402	546	796	564	867	0	577	371	658	837	671	322	868	808	724	729	321	690	860	323	786	799	871	758	724	867	852	698	840	792	554	593	681	639	418	626	743	867	409	
452	704	775	727	881	474	678	577	0	477	881	511	663	412	447	818	477	713	767	719	886	323	563	554	355	821	809	753	314	736	747	728	766	877	729	678	795	395	674	487	885	
733	892	557	823	775	411	512	371	477	0	714	727	489	850	508	305	826	705	691	521	523	481	417	660	431	627	610	518	768	317	883	750	321	817	479	399	753	785	642	708	705	
346	670	632	761	805	538	644	658	881	714	0	897	307	435	372	632	656	477	368	620	570	537	738	344	840	484	359	862	742	829	496	768	572	308	345	306	659	840	789	788	692	
561	839	872	523	317	750	336	837	511	727	897	0	390	315	610	593	870	679	761	557	547	406	880	393	702	809	786	444	786	619	700	819	680	676	688	309	799	428	819	893	327	
688	799	503	585	660	877	749	671	663	489	307	390	0	383	856	659	895	752	658	703	491	788	674	683	731	455	559	562	303	617	801	348	536	452	589	363	700	847	609	684	477	
865	528	359	343	436	355	386	322	412	850	435	315	383	0	384	640	722	400	454	467	796	870	437	773	892	898	387	411	604	403	803	799	544	595	380	785	510	726	329	838	769	
457	408	333	622	613	483	449	868	447	508	372	610	856	384	0	509	533	469	330	832	685	657	337	333	537	345	579	588	566	703	329	826	479	485	416	570	362	385	362	762	319	
775	812	583	511	399	668	514	808	818	305	632	593	659	640	509	0	787	553	646	406	631	409	488	581	729	385	655	734	517	544	527	308	811	648	482	524	763	398	433	725	672	
371	707	469	635	460	574	455	724	477	826	656	870	895	722	533	787	0	397	466	833	687	740	634	774	821	777	502	336	892	850	655	775	525	820	527	796	644	669	365	429	452	
342	640	334	800	426	653	755	729	713	705	477	679	752	400	469	553	397	0	495	819	471	633	385	416	465	672	309	623	417	529	742	538	827	887	326	693	332	424	545	886	646	
347	562	461	637	852	422	788	321	767	691	368	761	658	454	330	646	466	495	0	425	682	678	301	546	460	329	731	548	854	862	623	543	675	591	338	854	356	631	548	886	762	
432	710	892	312	371	815	667	690	719	521	620	557	703	467	832	406	833	819	425	0	671	576	657	889	795	880	626	389	727	529	503	664	563	345	300	635	617	322	435	726	668	
773	337	829	433	521	327	557	860	886	523	570	547	491	796	685	631	687	471	682	671	0	367	311	601	404	742	580	506	365	553	581	718	647	410	678	552	531	570	414	819	485	
691	792	773	672	778	392	853	323	323	481	537	406	788	870	657	409	740	633	678	576	367	0	464	519	556	890	455	569	352	605	580	351	515	612	318	515	612	541	761	882	688	
432	895	411	636	741	650	875	786	563	417	738	880	674	437	337	488	634	385	301	657	311	464	0	874	779	382	792	441	561	424	485	471	862	354	508	568	609	475	700	549	372	
331	678	638	537	486	611	412	799	554	660	344	393	683	773	333	581	774	416	546	889	601	519	874	0	743	870	867	317	527	531	334	460	883	314	544	342	782	428	476	327	734	
643	737	812	678	575	420	311	871	355	431	840	702	731	892	537	729	821	465	460	795	404	556	779	743	0	804	867	779	601	694	629	631	752	851	556	491	879	562	301	467	731	
569	631	396	571	764	422	774	758	821	627	484	809	455	898	345	385	777	672	329	880	742	890	382	870	804	0	682	649	411	567	728	469	747	603	782	887	784	387	614	756	555	
639	662	307	301	480	650	348	724	809	610	359	786	559	387	579	655	502	309	731	626	580	455	792	867	867	682	0	619	321	300	410	857	382	383	897	646	838	490	457	447	487	
658	879	389	877	427	835	778	867	753	518	862	444	562	411	588	734	336	623	548	389	506	569	441	317	779	649	619	0	643	842	464	861	350	537	744	729	345	557	556	580	703	
469	475	798	838	526	334	743	852	314	768	742	786	303	604	566	517	892	417	854	727	365	352	561	527	601	411	321	643	0	576	451	398	542	856	640	564	698	784	778	595	809	
631	333	617	830	859	830	508	698	736	317	829	619	617	403	703	544	850	529	862	529	553	605	424	531	694	567	300	842	576	0	732	491	337	818	329	527	542	342	687	406	817	
327	868	597	539	860	660	765	840	747	883	496	700	801	803	329	527	655	742	623	503	581	580	485	334	629	728	410	464	451	732	0	441	874	656	698	568	501	599	437	800	739	
325	752	800	670	869	599	402	792	728	750	768	819	348	799	826	308	775	538	543	664	718	351	471	460	631	469	857	861	398	491	441	0	824	634	562	866	525	640	415	555	859	
883	832	506	385	316	382	395	554	766	321	572	680	536	544	479	811	525	827	675	563	647	515	862	883	752	747	382	350	542	337	874	824	0	476	885	736	769	788	592	498	646	
635	649	688	499	860	456	804	593	877	817	308	676	452	595	485	648	820	887	591	345	410	612	354	314	851	603	383	537	856	818	656	634	476	0	605	443	804	723	775	589	681	
822	624	814	525	609	358	567	681	729	479	345	688	589	380	416	482	527	326	338	300	678	318	508	544	556	782	897	744	640	329	698	562	885	605	0	644	462	587	760	781	541	
675	657	864	592	367	572	689	639	678	399	306	309	363	785	570	524	796	693	854	635	552	515	568	342	491	887	646	729	564	527	568	866	736	443	644	0	598	598	411	820	664	
434	643	553	542	430	895	758	418	795	753	659	799	700	510	362	763	644	332	356	617	531	612	609	782	879	784	838	345	698	542	501	525	769	804	462	598	0	585	812	560	789	
449	778	478	574	876	752	354	626	395	785	840	428	847	726	385	398	669	424	631	322	570	541	475	428	562	387	490	557	784	342	599	640	788	723	587	598	585	0	701	672	524	
314	775	800	542	434	860	358	743	674	642	789	819	609	329	362	433	365	545	548	435	414	761	700	476	301	614	457	556	778	687	437	415	592	775	760	411	812	701	0	335	357	
579	768	667	347	817	506	604	867	487	708	788	893	684	838	762	725	429	886	886	726	819	882	549	327	467	756	447	580	595	406	800	555	498	589	781	820	560	672	335	0	334	
433	300	628	855	615	647	435	409	885	705	692	327	477	769	319	672	452	646	762	668	485	688	372	734	731	555	487	703	809	817	739	859	646	681	541	664	789	524	357	334	0	
etats
Id_Station	Poids W	Min (P)	WSPT	Priorité	
1	7	315	39,38	6	
2	3	302	37,75	4	
3	6	304	43,43	8	
4	1	302	302,00	30	
5	7	302	100,67	23	
6	1	315	78,75	18	
7	8	325	54,17	12	
8	1	301	75,25	16	
9	4	301	100,33	22	
10	9	305	101,67	24	
11	7	316	35,11	2	
12	9	324	324,00	37	
13	3	326	326,00	38	
14	7	326	81,50	19	
15	1	305	61,00	15	
16	4	304	60,80	14	
17	1	305	50,83	10	
18	7	304	152,00	28	
19	8	302	43,14	7	
20	1	306	38,25	5	
21	5	313	313,00	35	
22	8	315	52,50	11	
23	1	302	302,00	31	
24	6	312	78,00	17	
25	4	304	50,67	9	
26	9	356	356,00	40	
27	1	318	159,00	29	
28	1	312	34,67	1	
29	5	320	320,00	36	
30	2	310	103,33	26	
31	1	312	312,00	34	
32	6	302	151,00	27	
33	9	300	37,50	3	
34	5	331	82,75	20	
35	9	305	305,00	32	
36	6	328	328,00	39	
37	4	336	84,00	21	
38	7	306	102,00	25	
39	2	305	305,00	33	
40	6	300	60,00	13	
