distances
0	819	473	520	679	437	497	847	574	844	888	407	585	728	778	813	662	540	342	450	620	598	837	529	364	505	496	678	330	382	419	774	419	490	416	558	768	577	696	771	824	
819	0	646	740	776	733	627	308	726	828	779	782	660	318	610	322	513	852	862	449	350	814	517	707	824	662	331	528	659	318	533	583	695	647	374	750	345	667	399	899	648	
473	646	0	512	502	349	891	447	611	829	569	369	721	467	718	841	504	537	314	787	398	402	684	726	880	676	444	428	402	336	584	714	441	654	724	625	745	469	665	578	375	
520	740	512	0	688	595	468	691	404	377	762	850	632	854	414	373	446	856	458	462	678	563	430	620	725	751	620	825	741	638	402	758	612	683	731	470	748	368	425	399	855	
679	776	502	688	0	877	473	351	764	528	706	827	796	612	654	872	412	582	855	400	351	395	401	519	474	674	713	750	560	660	885	594	300	440	654	740	421	309	759	788	401	
437	733	349	595	877	0	634	844	619	363	384	754	317	741	374	567	736	359	588	726	384	402	364	448	755	320	893	554	314	418	429	448	566	714	674	807	899	713	365	395	883	
497	627	891	468	473	634	0	527	658	756	399	833	310	845	711	569	330	620	641	613	547	370	813	757	444	676	838	588	363	378	405	351	468	403	706	506	717	732	518	571	522	
847	308	447	691	351	844	527	0	376	870	425	896	538	539	390	668	585	740	447	768	744	829	883	701	580	748	343	414	516	794	739	423	549	596	848	810	507	847	397	747	397	
574	726	611	404	764	619	658	376	0	805	317	310	825	624	876	627	452	774	390	899	634	317	495	326	693	805	690	754	413	373	836	836	676	656	720	635	337	341	735	819	367	
844	828	829	377	528	363	756	870	805	0	449	784	848	763	545	376	303	683	428	678	398	606	536	692	828	404	884	449	799	726	659	814	472	662	885	467	564	545	602	662	334	
888	779	569	762	706	384	399	425	317	449	0	445	332	789	649	790	782	742	537	414	827	827	376	675	436	594	495	679	416	302	799	717	694	584	485	334	410	541	396	838	471	
407	782	369	850	827	754	833	896	310	784	445	0	556	669	820	888	704	693	492	509	421	477	616	401	798	314	857	641	580	653	733	495	456	838	784	781	796	656	584	660	423	
585	660	721	632	796	317	310	538	825	848	332	556	0	463	393	889	661	414	340	861	866	366	404	579	811	724	354	818	675	752	633	575	479	800	485	407	666	743	766	417	766	
728	318	467	854	612	741	845	539	624	763	789	669	463	0	644	386	566	722	837	718	867	337	607	494	587	438	868	301	469	569	732	413	558	396	387	868	412	703	774	742	327	
778	610	718	414	654	374	711	390	876	545	649	820	393	644	0	842	872	713	469	344	401	864	708	756	320	428	455	362	451	765	390	857	336	857	559	389	749	324	529	312	878	
813	322	841	373	872	567	569	668	627	376	790	888	889	386	842	0	696	898	426	534	777	860	682	752	431	595	812	583	383	887	718	548	677	430	645	524	657	486	380	618	522	
662	513	504	446	412	736	330	585	452	303	782	704	661	566	872	696	0	341	634	826	765	401	333	764	335	346	716	509	884	384	374	525	410	685	660	486	667	831	799	498	541	
540	852	537	856	582	359	620	740	774	683	742	693	414	722	713	898	341	0	378	385	443	478	371	660	788	578	667	364	537	539	871	561	620	885	706	351	844	818	803	810	587	
342	862	314	458	855	588	641	447	390	428	537	492	340	837	469	426	634	378	0	650	662	364	489	853	508	780	823	501	669	413	700	432	605	721	423	376	360	438	439	532	357	
450	449	787	462	400	726	613	768	899	678	414	509	861	718	344	534	826	385	650	0	778	619	596	770	841	612	355	375	734	759	376	376	647	428	358	597	452	548	889	377	779	
620	350	398	678	351	384	547	744	634	398	827	421	866	867	401	777	765	443	662	778	0	841	735	783	679	503	408	660	568	606	415	415	310	719	557	784	338	518	335	846	465	
598	814	402	563	395	402	370	829	317	606	827	477	366	337	864	860	401	478	364	619	841	0	898	597	808	568	582	307	389	779	722	484	647	430	660	649	387	724	474	821	604	
837	517	684	430	401	364	813	883	495	536	376	616	404	607	708	682	333	371	489	596	735	898	0	784	702	819	729	738	614	342	552	750	674	712	321	481	747	426	516	776	342	
529	707	726	620	519	448	757	701	326	692	675	401	579	494	756	752	764	660	853	770	783	597	784	0	435	354	761	549	833	536	372	507	417	352	525	634	479	795	795	308	853	
364	824	880	725	474	755	444	580	693	828	436	798	811	587	320	431	335	788	508	841	679	808	702	435	0	801	749	735	541	754	762	558	759	686	838	725	574	601	660	804	604	
505	662	676	751	674	320	676	748	805	404	594	314	724	438	428	595	346	578	780	612	503	568	819	354	801	0	394	381	840	775	395	787	591	453	389	514	426	831	481	474	343	
496	331	444	620	713	893	838	343	690	884	495	857	354	868	455	812	716	667	823	355	408	582	729	761	749	394	0	680	568	507	468	649	594	600	355	575	750	361	621	462	342	
678	528	428	825	750	554	588	414	754	449	679	641	818	301	362	583	509	364	501	375	660	307	738	549	735	381	680	0	785	480	435	329	545	708	516	409	648	392	701	541	793	
330	659	402	741	560	314	363	516	413	799	416	580	675	469	451	383	884	537	669	734	568	389	614	833	541	840	568	785	0	565	617	427	886	646	777	563	884	771	459	717	418	
382	318	336	638	660	418	378	794	373	726	302	653	752	569	765	887	384	539	413	759	606	779	342	536	754	775	507	480	565	0	787	763	706	775	867	341	816	338	622	855	833	
419	533	584	402	885	429	405	739	836	659	799	733	633	732	390	718	374	871	700	376	415	722	552	372	762	395	468	435	617	787	0	466	764	708	661	725	382	779	615	329	733	
774	583	714	758	594	448	351	423	836	814	717	495	575	413	857	548	525	561	432	376	415	484	750	507	558	787	649	329	427	763	466	0	569	795	827	420	516	798	733	346	703	
419	695	441	612	300	566	468	549	676	472	694	456	479	558	336	677	410	620	605	647	310	647	674	417	759	591	594	545	886	706	764	569	0	493	595	610	890	698	702	386	564	
490	647	654	683	440	714	403	596	656	662	584	838	800	396	857	430	685	885	721	428	719	430	712	352	686	453	600	708	646	775	708	795	493	0	408	687	690	646	592	471	641	
416	374	724	731	654	674	706	848	720	885	485	784	485	387	559	645	660	706	423	358	557	660	321	525	838	389	355	516	777	867	661	827	595	408	0	790	662	339	716	484	355	
558	750	625	470	740	807	506	810	635	467	334	781	407	868	389	524	486	351	376	597	784	649	481	634	725	514	575	409	563	341	725	420	610	687	790	0	558	801	645	357	587	
768	345	745	748	421	899	717	507	337	564	410	796	666	412	749	657	667	844	360	452	338	387	747	479	574	426	750	648	884	816	382	516	890	690	662	558	0	625	444	881	893	
577	667	469	368	309	713	732	847	341	545	541	656	743	703	324	486	831	818	438	548	518	724	426	795	601	831	361	392	771	338	779	798	698	646	339	801	625	0	857	328	853	
696	399	665	425	759	365	518	397	735	602	396	584	766	774	529	380	799	803	439	889	335	474	516	795	660	481	621	701	459	622	615	733	702	592	716	645	444	857	0	650	642	
771	899	578	399	788	395	571	747	819	662	838	660	417	742	312	618	498	810	532	377	846	821	776	308	804	474	462	541	717	855	329	346	386	471	484	357	881	328	650	0	360	
824	648	375	855	401	883	522	397	367	334	471	423	766	327	878	522	541	587	357	779	465	604	342	853	604	343	342	793	418	833	733	703	564	641	355	587	893	853	642	360	0	
etats
Id_Station	Poids W	Min (P)	WSPT	Priorité	
1	6	306	38,25	7	
2	1	373	53,29	18	
3	3	300	33,33	1	
4	1	305	305,00	35	
5	8	309	51,50	15	
6	9	313	104,33	31	
7	5	313	104,33	32	
8	6	302	75,50	26	
9	6	300	75,00	24	
10	6	300	50,00	12	
11	8	307	307,00	36	
12	3	314	157,00	34	
13	9	305	61,00	22	
14	2	306	34,00	4	
15	1	313	52,17	16	
16	1	306	43,71	10	
17	5	305	76,25	27	
18	6	307	307,00	37	
19	3	321	80,25	30	
20	6	303	43,29	9	
21	4	303	50,50	13	
22	1	313	313,00	38	
23	8	349	58,17	20	
24	7	307	76,75	28	
25	9	302	33,56	2	
26	2	306	38,25	8	
27	3	306	34,00	5	
28	8	306	51,00	14	
29	2	304	33,78	3	
30	7	300	150,00	33	
31	8	324	54,00	19	
32	1	309	34,33	6	
33	9	300	75,00	25	
34	5	315	315,00	39	
35	8	316	316,00	40	
36	9	305	61,00	23	
37	8	319	79,75	29	
38	6	314	52,33	17	
39	1	300	60,00	21	
40	1	329	47,00	11	

