distances
0	758	591	651	541	578	733	709	359	702	578	336	344	406	373	511	726	507	339	694	569	314	509	598	697	764	792	686	594	540	339	617	608	384	558	686	568	380	351	351	414	684	433	364	468	475	620	739	365	614	587	654	610	521	323	623	550	481	376	657	576	
758	0	338	515	456	574	721	397	587	732	433	783	639	403	350	473	717	719	307	770	728	408	675	492	303	465	594	779	508	779	464	747	451	438	371	662	757	620	532	731	463	757	720	752	423	370	379	526	595	447	759	719	582	355	668	351	550	380	406	361	700	
591	338	0	435	718	415	404	346	740	726	441	651	462	364	468	320	561	417	768	569	622	517	517	448	777	306	324	394	696	633	372	516	483	727	623	618	618	537	723	711	343	596	625	526	346	336	319	392	505	760	553	728	654	666	388	627	548	389	372	578	524	
651	515	435	0	533	467	473	388	512	365	508	351	603	468	768	468	538	474	768	719	738	531	310	598	604	606	477	603	742	410	437	744	481	503	362	321	604	613	431	567	682	587	744	694	596	548	511	698	714	702	626	305	602	787	620	473	355	794	398	631	718	
541	456	718	533	0	550	645	366	409	472	578	326	479	787	672	540	616	652	782	794	488	704	449	748	536	625	435	711	375	596	635	706	734	468	741	441	677	434	654	779	741	597	730	589	316	549	310	648	493	473	773	357	458	611	641	785	792	389	786	738	565	
578	574	415	467	550	0	481	469	686	738	466	547	546	509	663	555	748	619	633	667	497	589	799	736	572	506	394	743	358	433	593	560	622	468	387	548	488	553	456	593	523	319	693	619	715	524	311	349	507	715	577	604	798	466	662	363	631	366	509	540	671	
733	721	404	473	645	481	0	748	573	700	625	320	633	464	495	479	429	528	326	387	438	727	558	588	579	337	698	477	794	646	701	354	545	328	322	388	446	556	383	563	786	411	708	495	312	350	580	654	331	398	380	387	785	444	417	402	430	492	409	351	432	
709	397	346	388	366	469	748	0	391	436	597	429	360	414	507	699	613	671	352	696	635	638	617	786	584	697	476	353	525	538	557	501	591	349	575	311	383	572	379	793	669	467	325	354	642	526	352	718	347	415	632	708	310	452	471	718	554	752	681	540	627	
359	587	740	512	409	686	573	391	0	323	411	390	756	492	595	745	629	366	438	446	494	325	780	387	372	510	526	571	583	531	362	650	625	554	527	594	760	378	468	736	715	657	405	638	654	797	717	507	775	367	590	435	312	664	347	590	469	680	686	617	711	
702	732	726	365	472	738	700	436	323	0	459	319	549	365	301	347	598	454	616	552	621	515	534	520	624	323	678	669	697	628	661	554	593	696	710	432	387	453	685	773	734	700	545	608	697	705	678	549	496	536	575	674	595	404	621	660	784	618	320	488	395	
578	433	441	508	578	466	625	597	411	459	0	714	784	616	592	402	726	420	408	599	690	728	343	317	744	337	588	399	674	710	723	304	596	357	738	523	564	396	588	768	488	475	785	673	366	382	598	523	331	627	555	399	611	757	643	649	719	478	708	309	503	
336	783	651	351	326	547	320	429	390	319	714	0	552	313	500	429	619	376	673	505	390	322	475	429	786	762	775	305	428	744	662	357	461	608	641	573	441	311	752	595	792	451	744	779	589	536	369	348	569	640	302	586	529	707	437	730	786	609	683	650	454	
344	639	462	603	479	546	633	360	756	549	784	552	0	782	670	514	345	699	498	655	610	504	610	570	799	701	749	712	735	758	370	377	483	799	481	506	714	513	389	519	630	703	584	507	763	314	516	546	627	787	442	439	578	569	662	770	503	471	346	581	626	
406	403	364	468	787	509	464	414	492	365	616	313	782	0	452	455	323	407	789	791	345	365	725	594	607	639	788	558	594	442	782	740	393	568	526	522	523	322	395	752	667	434	791	510	791	554	486	507	603	374	632	588	309	358	447	632	354	335	402	501	765	
373	350	468	768	672	663	495	507	595	301	592	500	670	452	0	422	306	398	708	782	458	697	798	308	388	462	387	577	446	404	358	364	728	364	768	396	411	667	650	676	429	343	476	461	306	480	366	307	467	435	436	676	477	727	687	549	366	488	344	606	757	
511	473	320	468	540	555	479	699	745	347	402	429	514	455	422	0	779	474	652	737	630	784	711	464	369	477	631	547	443	764	384	523	386	469	353	582	495	318	660	741	625	597	743	782	651	725	707	495	455	596	349	601	329	596	573	482	446	782	381	765	634	
726	717	561	538	616	748	429	613	629	598	726	619	345	323	306	779	0	596	661	384	503	522	483	424	699	518	765	762	478	367	575	332	486	406	450	425	745	412	470	680	424	767	787	462	392	507	692	408	654	700	614	475	669	630	502	695	585	347	540	368	625	
507	719	417	474	652	619	528	671	366	454	420	376	699	407	398	474	596	0	471	693	336	738	795	543	651	795	785	334	717	716	438	303	565	701	498	373	620	673	384	543	716	367	405	790	641	723	790	554	581	385	484	355	520	383	493	318	408	694	342	318	683	
339	307	768	768	782	633	326	352	438	616	408	673	498	789	708	652	661	471	0	313	491	679	747	409	746	683	511	402	660	703	775	551	605	789	347	327	357	692	430	767	362	585	708	305	727	601	646	486	372	408	359	394	554	664	303	521	756	427	705	697	399	
694	770	569	719	794	667	387	696	446	552	599	505	655	791	782	737	384	693	313	0	313	575	791	559	589	687	483	563	642	726	747	399	714	395	430	415	713	533	736	333	455	427	356	738	565	446	659	374	365	416	600	559	789	721	588	603	645	608	555	349	345	
569	728	622	738	488	497	438	635	494	621	690	390	610	345	458	630	503	336	491	313	0	539	423	516	364	765	797	369	460	525	542	594	515	532	419	434	654	420	680	565	480	726	600	397	654	524	688	628	525	309	396	523	700	786	443	365	654	516	398	551	529	
314	408	517	531	704	589	727	638	325	515	728	322	504	365	697	784	522	738	679	575	539	0	568	310	652	523	374	707	500	640	416	614	487	574	747	382	764	352	645	782	486	640	395	547	731	352	679	788	430	666	496	348	321	582	572	669	675	384	642	322	622	
509	675	517	310	449	799	558	617	780	534	343	475	610	725	798	711	483	795	747	791	423	568	0	596	374	411	785	588	478	437	648	727	442	782	551	505	513	795	717	474	306	586	499	761	546	359	449	357	614	407	488	716	771	676	598	389	497	658	564	740	536	
598	492	448	598	748	736	588	786	387	520	317	429	570	594	308	464	424	543	409	559	516	310	596	0	570	421	312	771	750	768	359	733	343	625	326	502	380	448	484	372	771	306	434	401	350	387	541	414	794	708	423	504	781	783	458	338	766	585	533	376	344	
697	303	777	604	536	572	579	584	372	624	744	786	799	607	388	369	699	651	746	589	364	652	374	570	0	370	444	680	502	722	641	637	628	702	649	783	382	659	350	619	369	558	369	731	797	423	422	724	513	357	586	675	518	436	335	692	440	419	421	326	715	
764	465	306	606	625	506	337	697	510	323	337	762	701	639	462	477	518	795	683	687	765	523	411	421	370	0	589	370	440	630	781	338	685	654	312	768	421	438	588	608	377	325	479	754	314	440	497	402	417	576	666	536	456	775	396	705	766	322	576	627	623	
792	594	324	477	435	394	698	476	526	678	588	775	749	788	387	631	765	785	511	483	797	374	785	312	444	589	0	777	772	674	394	789	417	647	467	372	729	589	459	634	477	337	506	796	687	549	457	654	684	403	729	423	603	477	706	533	678	568	435	706	488	
686	779	394	603	711	743	477	353	571	669	399	305	712	558	577	547	762	334	402	563	369	707	588	771	680	370	777	0	423	568	335	613	770	532	579	498	668	509	791	784	604	528	561	352	474	670	485	577	672	477	334	737	736	312	645	585	460	517	616	539	521	
594	508	696	742	375	358	794	525	583	697	674	428	735	594	446	443	478	717	660	642	460	500	478	750	502	440	772	423	0	575	757	699	640	650	524	470	504	637	528	453	648	528	711	605	766	549	374	448	396	678	577	584	441	361	535	588	478	573	348	666	657	
540	779	633	410	596	433	646	538	531	628	710	744	758	442	404	764	367	716	703	726	525	640	437	768	722	630	674	568	575	0	490	362	678	769	552	325	488	510	429	624	465	508	749	301	466	703	623	798	456	449	718	537	656	668	387	470	353	722	451	767	317	
339	464	372	437	635	593	701	557	362	661	723	662	370	782	358	384	575	438	775	747	542	416	648	359	641	781	394	335	757	490	0	422	341	687	468	344	467	377	635	428	584	318	439	777	472	503	496	695	430	373	326	479	341	698	599	436	406	339	408	305	474	
617	747	516	744	706	560	354	501	650	554	304	357	377	740	364	523	332	303	551	399	594	614	727	733	637	338	789	613	699	362	422	0	438	314	758	515	304	668	775	444	491	308	410	706	684	316	793	683	799	592	471	514	783	553	695	371	593	633	659	520	528	
608	451	483	481	734	622	545	591	625	593	596	461	483	393	728	386	486	565	605	714	515	487	442	343	628	685	417	770	640	678	341	438	0	692	459	586	367	697	641	370	358	655	697	447	432	452	316	657	439	660	509	595	703	615	782	453	735	403	315	606	727	
384	438	727	503	468	468	328	349	554	696	357	608	799	568	364	469	406	701	789	395	532	574	782	625	702	654	647	532	650	769	687	314	692	0	381	672	639	631	341	386	599	726	452	764	758	738	744	629	694	357	333	399	503	341	362	507	481	507	731	376	446	
558	371	623	362	741	387	322	575	527	710	738	641	481	526	768	353	450	498	347	430	419	747	551	326	649	312	467	579	524	552	468	758	459	381	0	407	563	685	601	788	502	528	351	761	700	491	602	735	507	337	445	640	743	347	596	421	529	750	423	631	774	
686	662	618	321	441	548	388	311	594	432	523	573	506	522	396	582	425	373	327	415	434	382	505	502	783	768	372	498	470	325	344	515	586	672	407	0	760	483	371	390	608	700	310	398	374	475	718	578	485	636	686	760	774	691	602	458	521	340	382	346	474	
568	757	618	604	677	488	446	383	760	387	564	441	714	523	411	495	745	620	357	713	654	764	513	380	382	421	729	668	504	488	467	304	367	639	563	760	0	683	393	780	364	330	487	666	522	393	483	635	537	739	761	478	317	586	683	567	529	675	658	360	552	
380	620	537	613	434	553	556	572	378	453	396	311	513	322	667	318	412	673	692	533	420	352	795	448	659	438	589	509	637	510	377	668	697	631	685	483	683	0	709	462	631	764	320	566	766	692	416	768	789	445	385	452	301	695	314	723	759	430	513	754	332	
351	532	723	431	654	456	383	379	468	685	588	752	389	395	650	660	470	384	430	736	680	645	717	484	350	588	459	791	528	429	635	775	641	341	601	371	393	709	0	582	718	377	573	605	551	420	666	359	500	486	363	437	382	460	515	728	592	325	329	493	796	
351	731	711	567	779	593	563	793	736	773	768	595	519	752	676	741	680	543	767	333	565	782	474	372	619	608	634	784	453	624	428	444	370	386	788	390	780	462	582	0	718	327	796	519	797	327	685	558	602	478	305	492	578	695	782	750	705	436	591	637	589	
414	463	343	682	741	523	786	669	715	734	488	792	630	667	429	625	424	716	362	455	480	486	306	771	369	377	477	604	648	465	584	491	358	599	502	608	364	631	718	718	0	767	429	443	524	693	421	719	449	762	573	415	479	691	499	346	720	664	459	646	449	
684	757	596	587	597	319	411	467	657	700	475	451	703	434	343	597	767	367	585	427	726	640	586	306	558	325	337	528	528	508	318	308	655	726	528	700	330	764	377	327	767	0	534	691	512	564	621	607	364	431	333	670	423	714	792	446	645	598	592	649	659	
433	720	625	744	730	693	708	325	405	545	785	744	584	791	476	743	787	405	708	356	600	395	499	434	369	479	506	561	711	749	439	410	697	452	351	310	487	320	573	796	429	534	0	527	700	666	616	468	655	643	766	553	559	708	536	316	551	451	472	659	349	
364	752	526	694	589	619	495	354	638	608	673	779	507	510	461	782	462	790	305	738	397	547	761	401	731	754	796	352	605	301	777	706	447	764	761	398	666	566	605	519	443	691	527	0	356	710	655	347	785	311	671	779	452	629	376	464	670	739	429	537	505	
468	423	346	596	316	715	312	642	654	697	366	589	763	791	306	651	392	641	727	565	654	731	546	350	797	314	687	474	766	466	472	684	432	758	700	374	522	766	551	797	524	512	700	356	0	478	676	699	342	379	650	380	357	652	600	669	522	687	587	603	549	
475	370	336	548	549	524	350	526	797	705	382	536	314	554	480	725	507	723	601	446	524	352	359	387	423	440	549	670	549	703	503	316	452	738	491	475	393	692	420	327	693	564	666	710	478	0	567	427	421	625	736	461	658	702	384	706	508	343	463	616	407	
620	379	319	511	310	311	580	352	717	678	598	369	516	486	366	707	692	790	646	659	688	679	449	541	422	497	457	485	374	623	496	793	316	744	602	718	483	416	666	685	421	621	616	655	676	567	0	313	381	398	432	430	474	685	613	555	569	324	399	559	672	
739	526	392	698	648	349	654	718	507	549	523	348	546	507	307	495	408	554	486	374	628	788	357	414	724	402	654	577	448	798	695	683	657	629	735	578	635	768	359	558	719	607	468	347	699	427	313	0	435	765	340	399	693	335	356	315	389	660	556	793	747	
365	595	505	714	493	507	331	347	775	496	331	569	627	603	467	455	654	581	372	365	525	430	614	794	513	417	684	672	396	456	430	799	439	694	507	485	537	789	500	602	449	364	655	785	342	421	381	435	0	648	425	609	708	462	769	483	494	761	347	770	441	
614	447	760	702	473	715	398	415	367	536	627	640	787	374	435	596	700	385	408	416	309	666	407	708	357	576	403	477	678	449	373	592	660	357	337	636	739	445	486	478	762	431	643	311	379	625	398	765	648	0	470	456	385	673	324	606	469	332	664	548	420	
587	759	553	626	773	577	380	632	590	575	555	302	442	632	436	349	614	484	359	600	396	496	488	423	586	666	729	334	577	718	326	471	509	333	445	686	761	385	363	305	573	333	766	671	650	736	432	340	425	470	0	570	488	603	736	335	641	516	403	392	426	
654	719	728	305	357	604	387	708	435	674	399	586	439	588	676	601	475	355	394	559	523	348	716	504	675	536	423	737	584	537	479	514	595	399	640	760	478	452	437	492	415	670	553	779	380	461	430	399	609	456	570	0	509	548	330	674	645	560	604	657	599	
610	582	654	602	458	798	785	310	312	595	611	529	578	309	477	329	669	520	554	789	700	321	771	781	518	456	603	736	441	656	341	783	703	503	743	774	317	301	382	578	479	423	559	452	357	658	474	693	708	385	488	509	0	365	417	430	411	322	417	722	414	
521	355	666	787	611	466	444	452	664	404	757	707	569	358	727	596	630	383	664	721	786	582	676	783	436	775	477	312	361	668	698	553	615	341	347	691	586	695	460	695	691	714	708	629	652	702	685	335	462	673	603	548	365	0	678	437	345	342	774	468	388	
323	668	388	620	641	662	417	471	347	621	643	437	662	447	687	573	502	493	303	588	443	572	598	458	335	396	706	645	535	387	599	695	782	362	596	602	683	314	515	782	499	792	536	376	600	384	613	356	769	324	736	330	417	678	0	307	485	375	697	334	521	
623	351	627	473	785	363	402	718	590	660	649	730	770	632	549	482	695	318	521	603	365	669	389	338	692	705	533	585	588	470	436	371	453	507	421	458	567	723	728	750	346	446	316	464	669	706	555	315	483	606	335	674	430	437	307	0	332	505	634	570	351	
550	550	548	355	792	631	430	554	469	784	719	786	503	354	366	446	585	408	756	645	654	675	497	766	440	766	678	460	478	353	406	593	735	481	529	521	529	759	592	705	720	645	551	670	522	508	569	389	494	469	641	645	411	345	485	332	0	552	602	588	309	
481	380	389	794	389	366	492	752	680	618	478	609	471	335	488	782	347	694	427	608	516	384	658	585	419	322	568	517	573	722	339	633	403	507	750	340	675	430	325	436	664	598	451	739	687	343	324	660	761	332	516	560	322	342	375	505	552	0	759	723	479	
376	406	372	398	786	509	409	681	686	320	708	683	346	402	344	381	540	342	705	555	398	642	564	533	421	576	435	616	348	451	408	659	315	731	423	382	658	513	329	591	459	592	472	429	587	463	399	556	347	664	403	604	417	774	697	634	602	759	0	535	343	
657	361	578	631	738	540	351	540	617	488	309	650	581	501	606	765	368	318	697	349	551	322	740	376	326	627	706	539	666	767	305	520	606	376	631	346	360	754	493	637	646	649	659	537	603	616	559	793	770	548	392	657	722	468	334	570	588	723	535	0	628	
576	700	524	718	565	671	432	627	711	395	503	454	626	765	757	634	625	683	399	345	529	622	536	344	715	623	488	521	657	317	474	528	727	446	774	474	552	332	796	589	449	659	349	505	549	407	672	747	441	420	426	599	414	388	521	351	309	479	343	628	0	
etats
Id_Station	Poids W	Min (P)	WSPT	Priorité	
1	3	301	33,44	1	
2	7	302	33,56	2	
3	8	311	34,56	3	
4	9	314	34,89	4	
5	2	323	35,89	5	
6	4	323	35,89	6	
7	7	300	37,50	7	
8	4	300	37,50	8	
9	4	303	37,88	9	
10	1	304	38,00	10	
11	2	306	38,25	11	
12	7	309	38,63	12	
13	6	313	39,13	13	
14	5	329	41,13	14	
15	6	300	42,86	15	
16	6	302	43,14	16	
17	2	303	43,29	17	
18	4	311	44,43	18	
19	3	312	44,57	19	
20	7	331	47,29	20	
21	2	302	50,33	21	
22	1	306	51,00	22	
23	3	308	51,33	23	
24	2	311	51,83	24	
25	6	314	52,33	25	
26	6	317	52,83	26	
27	1	321	53,50	27	
28	8	300	60,00	28	
29	1	300	60,00	29	
30	8	301	60,20	30	
31	3	301	60,20	31	
32	4	302	60,40	32	
33	2	309	61,80	33	
34	8	316	63,20	34	
35	7	343	68,60	35	
36	4	302	75,50	36	
37	4	306	76,50	37	
38	6	307	76,75	38	
39	4	309	77,25	39	
40	9	309	77,25	40	
41	5	311	77,75	41	
42	8	336	84,00	42	
43	8	303	101,00	43	
44	6	318	106,00	44	
45	9	301	150,50	45	
46	6	302	151,00	46	
47	1	302	151,00	47	
48	1	304	152,00	48	
49	1	316	158,00	49	
50	1	326	163,00	50	
51	4	300	300,00	51	
52	9	300	300,00	52	
53	6	302	302,00	53	
54	4	302	302,00	54	
55	9	310	310,00	55	
56	8	310	310,00	56	
57	5	312	312,00	57	
58	8	314	314,00	58	
59	1	316	316,00	59	
60	1	341	341,00	60	

