distances
0	744	622	524	410	797	543	501	531	381	383	486	404	341	699	700	752	787	611	732	743	561	438	567	604	756	432	585	699	465	724	365	541	647	424	348	458	570	676	650	555	371	687	612	494	521	786	727	312	733	565	706	600	492	359	405	744	496	651	640	328	
744	0	320	734	579	783	580	369	622	662	459	663	450	479	647	610	447	419	342	442	510	357	672	783	357	502	750	347	533	451	375	323	690	499	781	638	414	474	340	753	493	532	392	320	588	604	658	444	435	357	582	713	619	581	452	550	350	345	684	433	383	
622	320	0	661	592	513	563	652	333	654	527	781	551	756	756	643	512	404	778	744	373	611	411	798	406	762	384	720	420	563	323	321	423	517	623	517	767	447	468	340	647	677	753	340	403	627	358	416	663	780	794	490	607	439	418	524	676	330	554	492	415	
524	734	661	0	391	618	686	454	527	531	581	755	465	311	334	661	344	601	781	518	359	656	734	358	491	595	758	330	346	461	607	632	749	384	349	580	308	466	698	384	548	482	602	775	464	677	468	779	462	324	687	661	749	305	520	549	730	620	457	350	424	
410	579	592	391	0	636	539	694	586	740	474	705	461	503	332	625	377	637	534	627	347	731	778	416	716	369	428	719	524	591	572	379	795	427	317	716	746	332	584	325	782	699	413	513	502	355	778	693	405	637	605	789	444	683	532	470	395	484	676	434	691	
797	783	513	618	636	0	452	317	704	629	739	369	742	564	437	703	687	513	614	482	775	631	612	390	318	618	534	540	326	799	674	331	545	456	491	354	430	673	428	722	767	525	353	343	607	393	620	328	361	423	754	558	374	447	618	716	505	471	644	582	524	
543	580	563	686	539	452	0	553	700	771	356	384	348	757	525	414	379	781	364	563	699	737	383	367	439	540	527	458	516	671	524	701	582	627	634	476	340	401	519	796	328	601	496	777	575	533	366	704	604	455	706	605	712	331	562	389	772	683	330	722	791	
501	369	652	454	694	317	553	0	579	791	586	792	570	575	308	703	695	346	790	365	338	349	450	329	504	667	655	592	742	458	441	340	592	313	591	582	446	572	542	646	586	760	392	325	596	529	434	400	489	629	445	615	762	394	539	503	473	598	685	618	661	
531	622	333	527	586	704	700	579	0	627	763	324	760	482	625	752	749	431	784	456	536	788	774	335	541	788	740	322	492	653	663	621	554	393	545	358	592	300	439	598	451	712	770	321	477	525	754	351	576	605	627	346	504	673	431	354	436	388	698	797	383	
381	662	654	531	740	629	771	791	627	0	326	441	679	408	667	488	454	728	640	650	555	416	503	753	316	631	586	782	565	519	698	361	350	571	390	410	347	340	655	446	372	331	398	752	632	360	609	733	425	733	786	591	362	346	508	734	689	539	626	752	628	
383	459	527	581	474	739	356	586	763	326	0	650	638	682	579	667	359	331	309	550	390	397	521	415	692	423	604	341	437	725	616	347	409	734	796	408	386	636	450	486	670	542	335	555	482	698	682	576	610	408	315	614	764	659	555	415	606	608	554	530	498	
486	663	781	755	705	369	384	792	324	441	650	0	769	641	700	630	794	512	740	413	598	496	625	391	559	711	680	727	654	738	614	323	693	404	719	537	617	425	518	642	692	494	561	738	657	791	739	621	730	697	599	604	332	698	536	681	718	679	722	367	543	
404	450	551	465	461	742	348	570	760	679	638	769	0	546	546	760	389	392	350	798	331	320	540	552	565	488	385	553	381	335	730	445	595	326	548	304	656	507	509	394	391	774	513	727	707	412	339	379	434	754	690	487	620	787	488	561	770	657	346	766	572	
341	479	756	311	503	564	757	575	482	408	682	641	546	0	774	488	447	346	649	711	340	400	375	643	302	367	417	622	698	425	526	496	374	333	742	626	456	729	671	751	389	455	380	605	575	522	790	575	551	305	707	526	522	475	533	417	321	579	406	346	753	
699	647	756	334	332	437	525	308	625	667	579	700	546	774	0	492	323	382	436	689	532	670	457	751	490	642	519	551	405	508	757	584	727	644	392	783	746	465	421	647	321	436	608	318	770	554	643	481	410	613	540	554	409	300	376	697	706	592	644	389	594	
700	610	643	661	625	703	414	703	752	488	667	630	760	488	492	0	576	607	436	392	722	345	713	534	587	543	484	399	479	579	790	768	484	652	716	358	738	306	457	650	517	589	704	341	724	354	374	625	513	739	420	599	593	428	779	748	399	589	590	657	608	
752	447	512	344	377	687	379	695	749	454	359	794	389	447	323	576	0	664	449	368	711	341	413	431	796	464	413	503	628	708	799	324	376	718	331	434	672	554	778	686	469	606	510	613	343	655	711	383	714	338	660	435	765	697	777	440	700	527	718	347	726	
787	419	404	601	637	513	781	346	431	728	331	512	392	346	382	607	664	0	755	789	675	471	633	381	616	682	538	358	443	418	516	387	606	590	775	422	662	512	529	336	356	616	790	625	335	635	323	776	366	453	731	427	749	360	789	389	773	613	318	471	402	
611	342	778	781	534	614	364	790	784	640	309	740	350	649	436	436	449	755	0	721	634	687	554	637	581	412	317	451	370	336	551	745	707	665	614	351	323	472	408	669	719	619	717	562	349	670	374	415	453	656	441	688	653	663	532	422	681	309	559	301	425	
732	442	744	518	627	482	563	365	456	650	550	413	798	711	689	392	368	789	721	0	746	782	764	542	529	543	613	777	305	740	473	316	790	385	394	682	799	408	705	519	333	796	317	680	784	741	615	623	646	435	676	508	668	674	784	604	752	377	720	491	304	
743	510	373	359	347	775	699	338	536	555	390	598	331	340	532	722	711	675	634	746	0	720	564	706	674	327	752	576	384	633	722	375	307	399	670	310	335	384	465	793	574	703	356	470	706	687	508	664	315	751	502	426	323	479	766	602	421	340	755	478	447	
561	357	611	656	731	631	737	349	788	416	397	496	320	400	670	345	341	471	687	782	720	0	714	541	420	713	593	494	511	380	459	415	335	728	416	420	736	582	562	456	517	358	331	537	362	725	739	501	402	324	677	674	561	338	729	465	647	558	661	767	438	
438	672	411	734	778	612	383	450	774	503	521	625	540	375	457	713	413	633	554	764	564	714	0	663	470	772	565	547	362	458	450	478	324	705	402	516	422	543	660	411	573	453	338	361	550	508	504	561	655	623	720	548	414	323	732	505	669	753	431	669	364	
567	783	798	358	416	390	367	329	335	753	415	391	552	643	751	534	431	381	637	542	706	541	663	0	692	750	378	503	386	422	342	318	420	527	796	313	721	353	573	536	508	362	459	302	455	712	355	603	305	495	418	467	624	789	440	336	374	383	423	717	642	
604	357	406	491	716	318	439	504	541	316	692	559	565	302	490	587	796	616	581	529	674	420	470	692	0	729	318	674	733	475	430	797	661	681	578	522	590	392	559	396	542	785	366	657	407	380	538	684	536	667	776	348	446	620	798	723	715	333	757	731	572	
756	502	762	595	369	618	540	667	788	631	423	711	488	367	642	543	464	682	412	543	327	713	772	750	729	0	612	534	470	564	385	347	335	421	772	542	434	355	307	369	388	308	448	352	432	610	370	334	755	643	769	492	366	679	347	772	578	646	752	749	553	
432	750	384	758	428	534	527	655	740	586	604	680	385	417	519	484	413	538	317	613	752	593	565	378	318	612	0	780	732	321	333	680	573	666	538	461	387	689	523	429	611	391	509	757	384	371	328	601	545	395	695	710	743	517	779	770	565	601	376	651	721	
585	347	720	330	719	540	458	592	322	782	341	727	553	622	551	399	503	358	451	777	576	494	547	503	674	534	780	0	343	700	399	530	569	648	608	504	693	353	496	720	481	513	455	690	401	318	454	309	603	536	633	619	448	433	637	728	551	609	633	542	733	
699	533	420	346	524	326	516	742	492	565	437	654	381	698	405	479	628	443	370	305	384	511	362	386	733	470	732	343	0	737	449	543	521	383	336	684	410	781	718	658	718	518	381	621	593	419	581	589	334	526	603	340	705	540	489	550	733	561	753	366	568	
465	451	563	461	591	799	671	458	653	519	725	738	335	425	508	579	708	418	336	740	633	380	458	422	475	564	321	700	737	0	456	747	509	702	476	784	384	590	525	754	715	511	336	497	747	408	448	764	643	363	495	392	509	676	547	467	763	656	587	705	739	
724	375	323	607	572	674	524	441	663	698	616	614	730	526	757	790	799	516	551	473	722	459	450	342	430	385	333	399	449	456	0	395	548	542	524	411	314	410	650	798	327	640	603	699	346	788	765	455	387	603	578	327	359	388	758	474	707	433	631	687	330	
365	323	321	632	379	331	701	340	621	361	347	323	445	496	584	768	324	387	745	316	375	415	478	318	797	347	680	530	543	747	395	0	477	701	461	710	546	309	565	752	504	327	528	799	580	627	420	456	761	654	747	799	495	781	406	700	451	716	476	583	410	
541	690	423	749	795	545	582	592	554	350	409	693	595	374	727	484	376	606	707	790	307	335	324	420	661	335	573	569	521	509	548	477	0	415	724	732	300	431	650	569	798	330	461	482	648	613	310	419	732	789	706	675	395	637	538	330	392	366	414	402	621	
647	499	517	384	427	456	627	313	393	571	734	404	326	333	644	652	718	590	665	385	399	728	705	527	681	421	666	648	383	702	542	701	415	0	703	325	775	334	454	531	758	667	386	330	697	525	508	346	528	725	665	667	398	787	757	640	771	752	653	629	594	
424	781	623	349	317	491	634	591	545	390	796	719	548	742	392	716	331	775	614	394	670	416	402	796	578	772	538	608	336	476	524	461	724	703	0	665	343	374	704	374	332	799	581	798	695	729	547	308	653	798	765	494	324	733	441	709	569	597	371	320	748	
348	638	517	580	716	354	476	582	358	410	408	537	304	626	783	358	434	422	351	682	310	420	516	313	522	542	461	504	684	784	411	710	732	325	665	0	698	434	671	444	301	407	649	713	709	699	376	648	747	496	517	722	603	563	520	539	613	497	377	387	310	
458	414	767	308	746	430	340	446	592	347	386	617	656	456	746	738	672	662	323	799	335	736	422	721	590	434	387	693	410	384	314	546	300	775	343	698	0	571	413	514	658	668	576	777	746	582	530	592	605	727	720	526	737	437	662	465	736	430	412	493	544	
570	474	447	466	332	673	401	572	300	340	636	425	507	729	465	306	554	512	472	408	384	582	543	353	392	355	689	353	781	590	410	309	431	334	374	434	571	0	655	691	336	378	422	774	675	424	729	302	551	606	396	752	342	790	465	501	642	591	373	729	378	
676	340	468	698	584	428	519	542	439	655	450	518	509	671	421	457	778	529	408	705	465	562	660	573	559	307	523	496	718	525	650	565	650	454	704	671	413	655	0	393	344	711	481	519	494	339	442	440	652	415	436	538	793	324	591	363	391	625	695	671	508	
650	753	340	384	325	722	796	646	598	446	486	642	394	751	647	650	686	336	669	519	793	456	411	536	396	369	429	720	658	754	798	752	569	531	374	444	514	691	393	0	792	572	323	599	564	560	483	573	662	384	607	699	467	390	376	520	557	595	555	654	449	
555	493	647	548	782	767	328	586	451	372	670	692	391	389	321	517	469	356	719	333	574	517	573	508	542	388	611	481	718	715	327	504	798	758	332	301	658	336	344	792	0	428	627	742	502	552	645	525	553	318	712	655	548	702	731	497	341	397	415	618	588	
371	532	677	482	699	525	601	760	712	331	542	494	774	455	436	589	606	616	619	796	703	358	453	362	785	308	391	513	518	511	640	327	330	667	799	407	668	378	711	572	428	0	330	785	659	757	363	511	703	324	336	633	383	606	675	674	399	464	638	509	568	
687	392	753	602	413	353	496	392	770	398	335	561	513	380	608	704	510	790	717	317	356	331	338	459	366	448	509	455	381	336	603	528	461	386	581	649	576	422	481	323	627	330	0	783	603	552	798	415	497	404	711	418	330	688	551	601	608	613	657	534	461	
612	320	340	775	513	343	777	325	321	752	555	738	727	605	318	341	613	625	562	680	470	537	361	302	657	352	757	690	621	497	699	799	482	330	798	713	777	774	519	599	742	785	783	0	632	746	539	465	337	704	774	603	676	531	769	468	774	650	702	628	449	
494	588	403	464	502	607	575	596	477	632	482	657	707	575	770	724	343	335	349	784	706	362	550	455	407	432	384	401	593	747	346	580	648	697	695	709	746	675	494	564	502	659	603	632	0	632	783	540	461	470	571	407	508	329	373	570	338	711	698	776	787	
521	604	627	677	355	393	533	529	525	360	698	791	412	522	554	354	655	635	670	741	687	725	508	712	380	610	371	318	419	408	788	627	613	525	729	699	582	424	339	560	552	757	552	746	632	0	464	515	745	528	766	761	705	498	409	456	377	736	502	702	519	
786	658	358	468	778	620	366	434	754	609	682	739	339	790	643	374	711	323	374	615	508	739	504	355	538	370	328	454	581	448	765	420	310	508	547	376	530	729	442	483	645	363	798	539	783	464	0	312	444	724	764	301	624	385	607	497	797	588	569	568	680	
727	444	416	779	693	328	704	400	351	733	576	621	379	575	481	625	383	776	415	623	664	501	561	603	684	334	601	309	589	764	455	456	419	346	308	648	592	302	440	573	525	511	415	465	540	515	312	0	319	647	331	486	555	613	419	303	488	502	387	338	712	
312	435	663	462	405	361	604	489	576	425	610	730	434	551	410	513	714	366	453	646	315	402	655	305	536	755	545	603	334	643	387	761	732	528	653	747	605	551	652	662	553	703	497	337	461	745	444	319	0	477	389	564	643	594	721	572	653	628	395	702	374	
733	357	780	324	637	423	455	629	605	733	408	697	754	305	613	739	338	453	656	435	751	324	623	495	667	643	395	536	526	363	603	654	789	725	798	496	727	606	415	384	318	324	404	704	470	528	724	647	477	0	431	425	497	435	321	372	373	436	412	359	704	
565	582	794	687	605	754	706	445	627	786	315	599	690	707	540	420	660	731	441	676	502	677	720	418	776	769	695	633	603	495	578	747	706	665	765	517	720	396	436	607	712	336	711	774	571	766	764	331	389	431	0	705	412	655	637	497	624	554	374	412	464	
706	713	490	661	789	558	605	615	346	591	614	604	487	526	554	599	435	427	688	508	426	674	548	467	348	492	710	619	340	392	327	799	675	667	494	722	526	752	538	699	655	633	418	603	407	761	301	486	564	425	705	0	318	645	475	552	712	447	789	568	610	
600	619	607	749	444	374	712	762	504	362	764	332	620	522	409	593	765	749	653	668	323	561	414	624	446	366	743	448	705	509	359	495	395	398	324	603	737	342	793	467	548	383	330	676	508	705	624	555	643	497	412	318	0	659	405	552	640	794	624	318	505	
492	581	439	305	683	447	331	394	673	346	659	698	787	475	300	428	697	360	663	674	479	338	323	789	620	679	517	433	540	676	388	781	637	787	733	563	437	790	324	390	702	606	688	531	329	498	385	613	594	435	655	645	659	0	586	429	636	342	464	408	776	
359	452	418	520	532	618	562	539	431	508	555	536	488	533	376	779	777	789	532	784	766	729	732	440	798	347	779	637	489	547	758	406	538	757	441	520	662	465	591	376	731	675	551	769	373	409	607	419	721	321	637	475	405	586	0	347	374	651	709	449	671	
405	550	524	549	470	716	389	503	354	734	415	681	561	417	697	748	440	389	422	604	602	465	505	336	723	772	770	728	550	467	474	700	330	640	709	539	465	501	363	520	497	674	601	468	570	456	497	303	572	372	497	552	552	429	347	0	737	684	758	348	732	
744	350	676	730	395	505	772	473	436	689	606	718	770	321	706	399	700	773	681	752	421	647	669	374	715	578	565	551	733	763	707	451	392	771	569	613	736	642	391	557	341	399	608	774	338	377	797	488	653	373	624	712	640	636	374	737	0	607	744	558	681	
496	345	330	620	484	471	683	598	388	539	608	679	657	579	592	589	527	613	309	377	340	558	753	383	333	646	601	609	561	656	433	716	366	752	597	497	430	591	625	595	397	464	613	650	711	736	588	502	628	436	554	447	794	342	651	684	607	0	500	343	632	
651	684	554	457	676	644	330	685	698	626	554	722	346	406	644	590	718	318	559	720	755	661	431	423	757	752	376	633	753	587	631	476	414	653	371	377	412	373	695	555	415	638	657	702	698	502	569	387	395	412	374	789	624	464	709	758	744	500	0	603	321	
640	433	492	350	434	582	722	618	797	752	530	367	766	346	389	657	347	471	301	491	478	767	669	717	731	749	651	542	366	705	687	583	402	629	320	387	493	729	671	654	618	509	534	628	776	702	568	338	702	359	412	568	318	408	449	348	558	343	603	0	585	
328	383	415	424	691	524	791	661	383	628	498	543	572	753	594	608	726	402	425	304	447	438	364	642	572	553	721	733	568	739	330	410	621	594	748	310	544	378	508	449	588	568	461	449	787	519	680	712	374	704	464	610	505	776	671	732	681	632	321	585	0	
etats
Id_Station	Poids W	Min (P)	WSPT	Priorité	
1	7	300	33,33	1	
2	3	300	33,33	2	
3	9	308	34,22	3	
4	9	306	38,25	4	
5	4	307	38,38	5	
6	1	310	38,75	6	
7	1	315	39,38	7	
8	9	330	41,25	8	
9	7	303	43,29	9	
10	4	307	43,86	10	
11	5	314	44,86	11	
12	2	319	45,57	12	
13	5	300	50,00	13	
14	3	303	50,50	14	
15	1	303	50,50	15	
16	2	305	50,83	16	
17	3	309	51,50	17	
18	8	310	51,67	18	
19	6	317	52,83	19	
20	4	319	53,17	20	
21	5	300	60,00	21	
22	8	301	60,20	22	
23	6	302	60,40	23	
24	7	304	60,80	24	
25	2	309	61,80	25	
26	3	317	63,40	26	
27	1	341	68,20	27	
28	1	301	75,25	28	
29	6	301	75,25	29	
30	5	304	76,00	30	
31	1	306	76,50	31	
32	8	310	77,50	32	
33	9	325	81,25	33	
34	7	301	100,33	34	
35	4	306	102,00	35	
36	1	314	104,67	36	
37	6	300	150,00	37	
38	4	300	150,00	38	
39	2	301	150,50	39	
40	4	301	150,50	40	
41	1	303	151,50	41	
42	1	303	151,50	42	
43	1	307	153,50	43	
44	8	315	157,50	44	
45	6	318	159,00	45	
46	3	360	180,00	46	
47	8	300	300,00	47	
48	5	300	300,00	48	
49	3	301	301,00	49	
50	6	302	302,00	50	
51	4	302	302,00	51	
52	4	302	302,00	52	
53	4	303	303,00	53	
54	5	305	305,00	54	
55	7	311	311,00	55	
56	1	319	319,00	56	
57	5	320	320,00	57	
58	3	321	321,00	58	
59	7	325	325,00	59	
60	5	327	327,00	60	

