distances
0	777	503	777	339	513	519	716	378	487	730	782	596	448	303	443	767	635	716	448	709	492	300	664	358	449	705	382	447	608	526	596	430	301	416	751	449	449	555	392	728	770	379	520	614	797	498	457	595	314	429	717	522	347	589	563	393	763	776	700	488	
777	0	579	353	718	568	783	643	679	573	677	600	457	759	451	597	790	559	576	370	666	797	324	402	615	717	481	594	647	349	649	625	446	576	544	732	365	717	566	784	790	781	516	769	563	623	711	377	464	587	403	698	633	437	750	375	691	341	306	477	659	
503	579	0	435	476	499	564	687	721	772	521	307	623	592	454	789	527	376	518	725	503	464	790	370	444	491	637	787	523	539	699	571	576	628	388	365	525	659	581	512	786	498	783	379	323	526	790	739	396	690	748	714	360	736	520	658	540	333	686	600	689	
777	353	435	0	472	617	462	727	745	574	762	532	683	586	673	406	497	381	779	640	700	442	730	587	437	567	775	457	522	767	347	606	609	780	754	754	659	428	488	598	543	623	583	331	768	712	782	595	793	596	573	441	423	443	663	619	446	413	758	743	319	
339	718	476	472	0	507	481	642	342	702	662	311	565	784	718	348	351	643	637	760	418	689	510	463	619	457	319	504	483	493	735	396	552	539	613	779	579	693	754	760	453	715	718	574	363	338	399	406	316	680	746	459	488	506	393	795	481	465	426	341	380	
513	568	499	617	507	0	690	359	579	458	481	606	652	594	477	399	348	795	484	383	585	742	602	538	771	431	339	441	346	488	682	433	606	327	355	524	328	651	578	380	745	499	709	437	442	373	794	446	499	764	495	359	627	462	487	649	575	385	647	469	568	
519	783	564	462	481	690	0	539	652	762	649	387	443	454	572	638	700	308	528	706	348	730	450	638	442	480	587	599	426	625	556	494	465	365	391	704	749	697	740	783	450	612	364	475	381	513	508	685	326	516	578	340	763	387	460	350	366	512	446	701	677	
716	643	687	727	642	359	539	0	523	505	317	550	792	569	620	423	368	531	754	321	527	752	377	709	508	565	591	710	621	573	772	494	516	700	605	760	653	640	642	321	590	322	578	592	719	737	733	792	491	756	788	529	368	460	333	345	428	688	684	474	596	
378	679	721	745	342	579	652	523	0	480	671	489	438	585	384	345	374	546	448	425	385	478	537	769	792	502	682	645	453	736	377	784	326	648	630	686	347	322	599	720	698	388	714	504	315	663	576	634	558	634	503	723	542	628	533	757	718	557	562	771	392	
487	573	772	574	702	458	762	505	480	0	678	326	671	617	643	669	646	697	496	334	713	509	624	696	787	484	795	359	497	350	657	584	581	667	410	686	639	529	377	440	325	780	561	659	328	521	355	644	742	548	442	558	605	426	558	496	528	448	618	767	488	
730	677	521	762	662	481	649	317	671	678	0	571	475	457	341	417	467	582	423	382	620	573	712	554	392	303	386	571	786	710	325	444	541	717	653	539	500	766	595	550	475	343	685	680	607	334	590	656	528	345	443	664	795	440	399	318	504	457	480	445	319	
782	600	307	532	311	606	387	550	489	326	571	0	405	693	781	328	625	309	462	458	439	439	646	334	428	467	449	616	668	660	373	430	426	774	641	502	365	374	617	423	586	588	749	548	618	473	555	779	635	548	444	684	437	665	354	423	480	482	449	585	443	
596	457	623	683	565	652	443	792	438	671	475	405	0	690	373	704	470	459	760	670	533	540	681	740	555	405	752	728	684	598	585	783	698	627	421	485	416	380	333	447	335	716	578	302	594	688	741	364	443	534	305	537	600	756	749	492	670	519	736	637	613	
448	759	592	586	784	594	454	569	585	617	457	693	690	0	354	379	559	424	704	472	480	734	402	413	751	535	752	300	359	395	421	454	718	562	724	305	347	640	579	319	343	646	550	363	758	583	421	571	346	716	517	593	417	388	310	620	773	640	397	583	465	
303	451	454	673	718	477	572	620	384	643	341	781	373	354	0	462	730	502	765	774	518	345	617	467	641	773	645	573	731	519	466	335	470	478	682	371	397	789	581	716	758	415	675	748	575	492	477	478	555	569	786	632	578	354	619	331	463	742	737	530	656	
443	597	789	406	348	399	638	423	345	669	417	328	704	379	462	0	785	633	440	786	732	593	773	508	634	504	635	750	757	549	350	366	742	621	625	497	479	301	461	402	609	557	633	643	329	379	520	732	326	701	348	330	396	744	668	425	460	572	603	541	530	
767	790	527	497	351	348	700	368	374	646	467	625	470	559	730	785	0	452	386	528	611	444	300	754	505	756	492	796	700	325	561	382	493	312	596	327	606	663	476	380	702	703	567	733	441	365	323	732	596	636	610	692	708	668	730	787	773	519	713	775	333	
635	559	376	381	643	795	308	531	546	697	582	309	459	424	502	633	452	0	788	371	740	703	793	506	767	707	614	406	314	604	327	341	302	621	715	689	746	337	346	378	662	755	724	432	373	670	324	577	585	387	680	588	367	433	592	374	408	433	577	431	362	
716	576	518	779	637	484	528	754	448	496	423	462	760	704	765	440	386	788	0	643	469	674	382	366	531	755	314	490	695	406	593	362	543	633	517	784	630	348	578	583	377	735	752	579	362	642	438	653	709	565	368	632	369	562	378	406	389	638	595	583	764	
448	370	725	640	760	383	706	321	425	334	382	458	670	472	774	786	528	371	643	0	786	358	722	722	799	756	604	397	635	427	627	507	688	717	657	549	530	335	441	658	588	716	713	611	322	311	488	794	578	597	346	424	648	304	709	692	416	676	560	584	772	
709	666	503	700	418	585	348	527	385	713	620	439	533	480	518	732	611	740	469	786	0	785	557	512	748	731	351	785	792	428	512	792	589	650	743	600	611	451	348	600	356	503	539	554	476	773	587	718	330	331	445	407	732	509	728	502	492	634	577	485	629	
492	797	464	442	689	742	730	752	478	509	573	439	540	734	345	593	444	703	674	358	785	0	706	754	576	572	467	669	310	384	752	605	351	643	491	365	310	378	799	614	607	730	725	686	527	579	630	560	503	380	671	735	470	551	764	755	558	684	438	424	376	
300	324	790	730	510	602	450	377	537	624	712	646	681	402	617	773	300	793	382	722	557	706	0	401	504	475	340	767	580	533	716	427	703	441	665	492	454	781	643	437	644	338	595	369	687	739	612	586	323	415	517	570	624	702	775	692	720	434	697	691	655	
664	402	370	587	463	538	638	709	769	696	554	334	740	413	467	508	754	506	366	722	512	754	401	0	330	490	759	536	428	458	432	714	662	662	685	515	645	489	634	641	624	744	661	644	643	436	633	323	678	733	423	576	479	717	546	318	650	740	369	547	729	
358	615	444	437	619	771	442	508	792	787	392	428	555	751	641	634	505	767	531	799	748	576	504	330	0	539	395	663	374	454	787	727	351	390	452	687	621	328	426	693	784	598	408	599	391	702	671	723	307	523	605	370	517	672	423	751	744	763	423	550	657	
449	717	491	567	457	431	480	565	502	484	303	467	405	535	773	504	756	707	755	756	731	572	475	490	539	0	321	623	481	418	642	422	677	383	374	786	678	731	659	782	796	758	368	668	618	738	403	693	510	365	657	309	794	545	747	456	310	512	521	355	442	
705	481	637	775	319	339	587	591	682	795	386	449	752	752	645	635	492	614	314	604	351	467	340	759	395	321	0	398	493	646	449	458	315	592	694	781	375	372	730	345	708	686	458	581	468	712	388	758	667	599	728	538	549	392	747	500	770	556	687	513	319	
382	594	787	457	504	441	599	710	645	359	571	616	728	300	573	750	796	406	490	397	785	669	767	536	663	623	398	0	689	703	715	672	365	372	407	366	461	420	372	549	425	459	622	329	367	697	374	303	347	582	777	356	436	416	436	516	472	532	677	622	434	
447	647	523	522	483	346	426	621	453	497	786	668	684	359	731	757	700	314	695	635	792	310	580	428	374	481	493	689	0	794	481	554	302	345	564	504	608	699	306	586	341	558	443	343	512	677	636	534	367	715	685	489	494	756	300	348	621	769	790	764	699	
608	349	539	767	493	488	625	573	736	350	710	660	598	395	519	549	325	604	406	427	428	384	533	458	454	418	646	703	794	0	705	319	322	513	578	555	762	796	696	339	611	617	689	523	487	664	604	378	301	568	334	343	482	389	516	554	396	347	794	504	456	
526	649	699	347	735	682	556	772	377	657	325	373	585	421	466	350	561	327	593	627	512	752	716	432	787	642	449	715	481	705	0	583	356	512	607	491	416	498	742	574	586	402	675	694	718	683	303	753	458	512	321	430	429	425	604	471	708	754	313	386	381	
596	625	571	606	396	433	494	494	784	584	444	430	783	454	335	366	382	341	362	507	792	605	427	714	727	422	458	672	554	319	583	0	600	339	647	400	334	586	437	536	777	604	647	699	697	722	363	630	670	400	614	351	438	588	561	393	662	548	606	662	741	
430	446	576	609	552	606	465	516	326	581	541	426	698	718	470	742	493	302	543	688	589	351	703	662	351	677	315	365	302	322	356	600	0	329	787	674	650	626	352	575	500	621	606	689	642	637	763	790	533	396	710	312	506	355	542	568	777	425	500	514	750	
301	576	628	780	539	327	365	700	648	667	717	774	627	562	478	621	312	621	633	717	650	643	441	662	390	383	592	372	345	513	512	339	329	0	565	577	567	468	708	491	773	534	341	383	699	315	376	430	316	608	626	443	729	720	379	626	640	390	376	537	652	
416	544	388	754	613	355	391	605	630	410	653	641	421	724	682	625	596	715	517	657	743	491	665	685	452	374	694	407	564	578	607	647	787	565	0	601	650	488	428	332	347	553	596	768	665	707	309	361	590	783	561	794	781	524	484	741	606	402	349	620	601	
751	732	365	754	779	524	704	760	686	686	539	502	485	305	371	497	327	689	784	549	600	365	492	515	687	786	781	366	504	555	491	400	674	577	601	0	787	317	593	740	633	637	456	377	723	756	557	730	793	766	593	662	527	540	417	353	420	520	758	428	636	
449	365	525	659	579	328	749	653	347	639	500	365	416	347	397	479	606	746	630	530	611	310	454	645	621	678	375	461	608	762	416	334	650	567	650	787	0	793	342	597	354	317	459	682	561	657	649	752	413	497	680	525	675	702	417	760	741	678	714	509	385	
449	717	659	428	693	651	697	640	322	529	766	374	380	640	789	301	663	337	348	335	451	378	781	489	328	731	372	420	699	796	498	586	626	468	488	317	793	0	624	741	794	563	450	552	479	622	397	470	311	363	718	587	550	563	522	667	323	618	465	615	605	
555	566	581	488	754	578	740	642	599	377	595	617	333	579	581	461	476	346	578	441	348	799	643	634	426	659	730	372	306	696	742	437	352	708	428	593	342	624	0	434	588	422	797	745	744	329	487	310	605	524	772	637	603	715	441	717	639	582	551	619	603	
392	784	512	598	760	380	783	321	720	440	550	423	447	319	716	402	380	378	583	658	600	614	437	641	693	782	345	549	586	339	574	536	575	491	332	740	597	741	434	0	482	714	700	544	639	498	516	793	602	450	750	579	647	367	334	637	399	321	518	571	786	
728	790	786	543	453	745	450	590	698	325	475	586	335	343	758	609	702	662	377	588	356	607	644	624	784	796	708	425	341	611	586	777	500	773	347	633	354	794	588	482	0	574	342	567	540	434	511	566	440	738	592	677	372	434	780	428	527	700	769	448	667	
770	781	498	623	715	499	612	322	388	780	343	588	716	646	415	557	703	755	735	716	503	730	338	744	598	758	686	459	558	617	402	604	621	534	553	637	317	563	422	714	574	0	497	558	343	619	546	452	780	486	735	667	536	678	665	545	719	797	604	370	392	
379	516	783	583	718	709	364	578	714	561	685	749	578	550	675	633	567	724	752	713	539	725	595	661	408	368	458	622	443	689	675	647	606	341	596	456	459	450	797	700	342	497	0	616	736	373	320	745	547	490	660	772	732	485	748	355	445	370	772	729	502	
520	769	379	331	574	437	475	592	504	659	680	548	302	363	748	643	733	432	579	611	554	686	369	644	599	668	581	329	343	523	694	699	689	383	768	377	682	552	745	544	567	558	616	0	527	350	737	685	779	775	449	485	424	461	726	513	688	548	431	667	655	
614	563	323	768	363	442	381	719	315	328	607	618	594	758	575	329	441	373	362	322	476	527	687	643	391	618	468	367	512	487	718	697	642	699	665	723	561	479	744	639	540	343	736	527	0	629	349	586	555	688	506	450	597	593	474	764	583	541	714	798	467	
797	623	526	712	338	373	513	737	663	521	334	473	688	583	492	379	365	670	642	311	773	579	739	436	702	738	712	697	677	664	683	722	637	315	707	756	657	622	329	498	434	619	373	350	629	0	762	411	778	612	340	595	675	369	539	300	535	404	648	528	465	
498	711	790	782	399	794	508	733	576	355	590	555	741	421	477	520	323	324	438	488	587	630	612	633	671	403	388	374	636	604	303	363	763	376	309	557	649	397	487	516	511	546	320	737	349	762	0	581	700	722	657	528	665	624	489	327	527	487	560	524	602	
457	377	739	595	406	446	685	792	634	644	656	779	364	571	478	732	732	577	653	794	718	560	586	323	723	693	758	303	534	378	753	630	790	430	361	730	752	470	310	793	566	452	745	685	586	411	581	0	679	504	779	428	614	444	599	778	729	678	687	502	492	
595	464	396	793	316	499	326	491	558	742	528	635	443	346	555	326	596	585	709	578	330	503	323	678	307	510	667	347	367	301	458	670	533	316	590	793	413	311	605	602	440	780	547	779	555	778	700	679	0	605	329	671	653	527	581	719	357	605	391	424	761	
314	587	690	596	680	764	516	756	634	548	345	548	534	716	569	701	636	387	565	597	331	380	415	733	523	365	599	582	715	568	512	400	396	608	783	766	497	363	524	450	738	486	490	775	688	612	722	504	605	0	485	463	795	414	707	676	603	325	562	596	301	
429	403	748	573	746	495	578	788	503	442	443	444	305	517	786	348	610	680	368	346	445	671	517	423	605	657	728	777	685	334	321	614	710	626	561	593	680	718	772	750	592	735	660	449	506	340	657	779	329	485	0	658	472	368	520	607	613	487	601	574	498	
717	698	714	441	459	359	340	529	723	558	664	684	537	593	632	330	692	588	632	424	407	735	570	576	370	309	538	356	489	343	430	351	312	443	794	662	525	587	637	579	677	667	772	485	450	595	528	428	671	463	658	0	544	796	703	551	654	340	450	487	751	
522	633	360	423	488	627	763	368	542	605	795	437	600	417	578	396	708	367	369	648	732	470	624	479	517	794	549	436	494	482	429	438	506	729	781	527	675	550	603	647	372	536	732	424	597	675	665	614	653	795	472	544	0	716	692	493	473	362	361	473	571	
347	437	736	443	506	462	387	460	628	426	440	665	756	388	354	744	668	433	562	304	509	551	702	717	672	545	392	416	756	389	425	588	355	720	524	540	702	563	715	367	434	678	485	461	593	369	624	444	527	414	368	796	716	0	396	592	599	365	363	556	759	
589	750	520	663	393	487	460	333	533	558	399	354	749	310	619	668	730	592	378	709	728	764	775	546	423	747	747	436	300	516	604	561	542	379	484	417	417	522	441	334	780	665	748	726	474	539	489	599	581	707	520	703	692	396	0	495	522	630	323	475	365	
563	375	658	619	795	649	350	345	757	496	318	423	492	620	331	425	787	374	406	692	502	755	692	318	751	456	500	516	348	554	471	393	568	626	741	353	760	667	717	637	428	545	355	513	764	300	327	778	719	676	607	551	493	592	495	0	566	412	561	449	626	
393	691	540	446	481	575	366	428	718	528	504	480	670	773	463	460	773	408	389	416	492	558	720	650	744	310	770	472	621	396	708	662	777	640	606	420	741	323	639	399	527	719	445	688	583	535	527	729	357	603	613	654	473	599	522	566	0	561	753	792	376	
763	341	333	413	465	385	512	688	557	448	457	482	519	640	742	572	519	433	638	676	634	684	434	740	763	512	556	532	769	347	754	548	425	390	402	520	678	618	582	321	700	797	370	548	541	404	487	678	605	325	487	340	362	365	630	412	561	0	375	451	551	
776	306	686	758	426	647	446	684	562	618	480	449	736	397	737	603	713	577	595	560	577	438	697	369	423	521	687	677	790	794	313	606	500	376	349	758	714	465	551	518	769	604	772	431	714	648	560	687	391	562	601	450	361	363	323	561	753	375	0	424	643	
700	477	600	743	341	469	701	474	771	767	445	585	637	583	530	541	775	431	583	584	485	424	691	547	550	355	513	622	764	504	386	662	514	537	620	428	509	615	619	571	448	370	729	667	798	528	524	502	424	596	574	487	473	556	475	449	792	451	424	0	369	
488	659	689	319	380	568	677	596	392	488	319	443	613	465	656	530	333	362	764	772	629	376	655	729	657	442	319	434	699	456	381	741	750	652	601	636	385	605	603	786	667	392	502	655	467	465	602	492	761	301	498	751	571	759	365	626	376	551	643	369	0	
etats
Id_Station	Poids W	Min (P)	WSPT	Priorité	
1	8	300	33,33	1	
2	7	302	33,56	2	
3	6	304	33,78	3	
4	1	310	34,44	4	
5	1	315	35,00	5	
6	9	318	35,33	6	
7	5	300	37,50	7	
8	2	300	37,50	8	
9	4	301	37,63	9	
10	2	303	37,88	10	
11	2	304	38,00	11	
12	1	305	38,13	12	
13	6	305	38,13	13	
14	2	310	38,75	14	
15	2	300	42,86	15	
16	5	300	42,86	16	
17	1	300	42,86	17	
18	7	305	43,57	18	
19	4	305	43,57	19	
20	8	306	43,71	20	
21	6	300	50,00	21	
22	9	300	50,00	22	
23	2	301	50,17	23	
24	8	303	50,50	24	
25	1	304	50,67	25	
26	3	304	50,67	26	
27	2	307	51,17	27	
28	1	309	51,50	28	
29	1	313	52,17	29	
30	7	316	52,67	30	
31	7	319	53,17	31	
32	5	304	60,80	32	
33	5	305	61,00	33	
34	5	306	61,20	34	
35	6	312	62,40	35	
36	8	313	62,60	36	
37	4	315	63,00	37	
38	3	301	75,25	38	
39	1	304	76,00	39	
40	1	304	76,00	40	
41	6	333	83,25	41	
42	1	300	100,00	42	
43	1	300	100,00	43	
44	8	304	101,33	44	
45	1	308	102,67	45	
46	6	324	108,00	46	
47	6	300	150,00	47	
48	3	301	150,50	48	
49	2	303	151,50	49	
50	1	303	151,50	50	
51	6	304	152,00	51	
52	2	305	152,50	52	
53	5	305	152,50	53	
54	9	300	300,00	54	
55	2	301	301,00	55	
56	4	301	301,00	56	
57	1	301	301,00	57	
58	4	304	304,00	58	
59	5	305	305,00	59	
60	4	317	317,00	60	
