distances
0	732	330	695	735	757	795	757	368	619	749	744	612	471	530	490	748	420	368	409	380	690	503	319	544	319	517	637	571	370	711	787	488	578	519	555	519	636	661	313	740	426	557	575	605	539	394	794	749	371	616	728	660	390	714	687	561	560	345	730	740	
732	0	472	667	783	650	434	740	747	590	673	445	475	304	454	676	617	721	789	372	401	424	573	354	331	449	795	417	362	448	370	327	563	682	772	744	789	601	648	738	576	668	627	547	475	435	712	721	626	335	602	648	723	424	774	369	788	436	563	544	670	
330	472	0	329	479	501	315	599	300	373	714	757	512	530	581	312	747	768	323	545	466	320	675	626	734	542	616	701	785	717	389	422	729	769	308	434	380	517	416	388	355	634	402	386	745	527	513	574	786	739	462	675	414	601	629	683	432	700	334	671	727	
695	667	329	0	586	412	385	674	468	331	641	485	487	521	792	380	637	674	315	785	663	580	352	740	456	387	636	433	363	375	637	436	438	498	499	374	672	604	601	613	546	787	732	446	364	703	611	463	567	599	675	640	701	791	661	791	616	303	547	538	379	
735	783	479	586	0	774	662	552	317	347	473	434	767	752	711	483	682	529	425	687	319	677	501	401	597	794	583	522	523	789	624	717	417	371	358	772	494	351	544	677	452	631	314	516	631	687	615	397	577	333	465	770	372	518	543	435	734	534	734	649	540	
757	650	501	412	774	0	423	337	541	400	538	679	743	713	375	608	495	684	517	470	408	349	515	369	556	309	335	794	439	620	408	663	372	750	746	656	750	740	560	682	618	633	682	565	696	646	598	455	781	352	508	587	483	528	450	445	488	790	721	796	398	
795	434	315	385	662	423	0	460	315	794	670	516	599	743	424	308	541	680	319	353	368	494	675	691	584	555	519	652	590	432	439	663	582	593	388	571	441	643	612	749	333	743	364	471	336	609	662	693	507	531	738	626	627	698	658	700	693	438	466	797	406	
757	740	599	674	552	337	460	0	411	373	398	368	327	623	521	533	488	764	786	597	481	556	373	534	388	709	735	589	472	381	484	552	428	426	788	721	799	770	572	383	752	346	517	438	715	719	604	321	498	474	498	586	748	798	636	575	656	533	319	602	408	
368	747	300	468	317	541	315	411	0	524	581	417	783	692	688	449	746	512	631	660	503	603	331	534	430	645	525	626	656	508	777	717	396	786	328	324	322	663	306	533	426	712	775	666	439	681	381	757	662	616	570	418	780	450	491	738	594	332	339	652	397	
619	590	373	331	347	400	794	373	524	0	529	533	748	707	597	584	549	564	417	492	410	753	533	723	549	780	431	357	381	788	371	593	692	508	339	493	619	792	795	721	389	540	741	590	428	335	471	774	483	417	784	376	375	602	766	641	335	618	757	600	501	
749	673	714	641	473	538	670	398	581	529	0	544	570	374	625	309	692	554	449	652	617	496	769	769	371	310	310	676	597	792	639	788	447	553	483	522	783	599	499	317	414	768	511	704	348	308	480	622	404	654	584	460	519	467	396	464	643	505	391	597	529	
744	445	757	485	434	679	516	368	417	533	544	0	303	646	788	736	407	451	610	662	368	556	671	691	464	569	518	315	635	561	573	356	442	310	308	474	357	774	427	605	496	712	789	590	558	687	636	786	519	786	430	379	781	372	596	578	445	580	766	520	552	
612	475	512	487	767	743	599	327	783	748	570	303	0	426	621	347	320	411	620	767	739	799	747	351	316	793	415	755	370	451	589	336	322	739	445	478	362	726	390	499	736	777	569	514	586	466	673	650	577	591	305	544	375	693	686	308	362	640	622	323	790	
471	304	530	521	752	713	743	623	692	707	374	646	426	0	335	579	311	747	335	662	611	370	606	344	574	367	485	422	626	552	769	614	311	557	357	442	774	372	438	683	684	473	697	717	330	388	440	522	748	591	441	742	483	487	342	680	716	493	405	647	545	
530	454	581	792	711	375	424	521	688	597	625	788	621	335	0	797	399	790	343	720	696	793	379	312	763	719	389	693	704	753	737	481	472	639	380	780	480	566	325	782	558	403	519	591	728	314	571	329	453	671	526	718	564	794	496	780	478	586	386	317	463	
490	676	312	380	483	608	308	533	449	584	309	736	347	579	797	0	699	645	465	309	410	350	709	738	451	696	341	761	501	581	468	776	536	638	633	763	692	746	754	537	794	696	571	570	540	320	621	678	396	512	776	338	505	365	617	661	528	707	427	676	307	
748	617	747	637	682	495	541	488	746	549	692	407	320	311	399	699	0	693	607	635	729	798	369	625	672	604	370	745	453	426	736	509	535	586	781	492	380	708	694	553	433	359	547	519	493	734	435	543	729	449	664	526	446	328	319	408	790	339	500	588	318	
420	721	768	674	529	684	680	764	512	564	554	451	411	747	790	645	693	0	386	412	673	561	518	583	721	445	625	579	704	481	709	380	539	327	509	482	700	792	697	525	661	319	621	532	357	592	629	738	793	499	366	443	623	605	389	310	675	514	589	365	444	
368	789	323	315	425	517	319	786	631	417	449	610	620	335	343	465	607	386	0	680	587	395	356	662	691	567	782	516	774	422	599	467	596	555	660	669	618	409	315	364	553	673	733	487	630	704	512	330	470	654	430	705	759	559	687	775	456	782	479	408	387	
409	372	545	785	687	470	353	597	660	492	652	662	767	662	720	309	635	412	680	0	740	775	475	660	461	762	518	581	460	417	799	608	368	798	441	303	646	479	461	791	469	696	612	309	495	427	573	484	666	719	347	549	525	703	634	540	317	446	538	449	728	
380	401	466	663	319	408	368	481	503	410	617	368	739	611	696	410	729	673	587	740	0	472	367	471	605	442	681	380	623	530	546	712	481	330	705	590	403	611	643	438	439	373	625	668	668	332	686	558	554	565	342	575	304	372	301	447	784	670	761	721	759	
690	424	320	580	677	349	494	556	603	753	496	556	799	370	793	350	798	561	395	775	472	0	364	741	658	436	721	764	606	391	461	624	454	759	753	507	417	336	596	439	775	674	372	612	523	783	602	545	631	799	604	673	569	317	731	445	458	341	693	671	734	
503	573	675	352	501	515	675	373	331	533	769	671	747	606	379	709	369	518	356	475	367	364	0	362	778	741	505	493	550	436	729	316	325	305	438	439	581	730	618	786	369	735	579	799	309	356	643	775	597	448	762	305	725	583	303	760	660	523	728	594	501	
319	354	626	740	401	369	691	534	534	723	769	691	351	344	312	738	625	583	662	660	471	741	362	0	349	516	796	391	483	721	333	355	606	595	791	549	733	470	784	338	335	424	669	546	549	606	391	450	785	596	733	313	340	336	611	735	365	799	568	639	675	
544	331	734	456	597	556	584	388	430	549	371	464	316	574	763	451	672	721	691	461	605	658	778	349	0	390	608	469	754	441	651	541	677	468	593	377	552	437	783	661	740	394	329	607	419	753	420	568	634	480	440	429	481	537	797	541	626	658	570	509	760	
319	449	542	387	794	309	555	709	645	780	310	569	793	367	719	696	604	445	567	762	442	436	741	516	390	0	391	451	706	309	558	335	777	384	753	584	398	305	762	348	328	503	458	391	649	314	398	440	367	453	631	597	629	358	319	636	691	740	707	703	414	
517	795	616	636	583	335	519	735	525	431	310	518	415	485	389	341	370	625	782	518	681	721	505	796	608	391	0	461	674	786	463	593	707	456	421	509	362	368	414	754	570	413	541	377	739	554	432	494	793	609	406	444	541	423	399	438	442	421	473	515	490	
637	417	701	433	522	794	652	589	626	357	676	315	755	422	693	761	745	579	516	581	380	764	493	391	469	451	461	0	306	555	435	736	570	495	547	534	490	315	682	358	420	614	413	488	359	723	547	505	637	520	361	688	516	721	362	753	466	644	389	380	374	
571	362	785	363	523	439	590	472	656	381	597	635	370	626	704	501	453	704	774	460	623	606	550	483	754	706	674	306	0	544	554	695	459	621	541	795	345	536	547	743	335	318	680	683	484	453	521	565	444	443	563	583	577	455	433	546	472	574	542	528	313	
370	448	717	375	789	620	432	381	508	788	792	561	451	552	753	581	426	481	422	417	530	391	436	721	441	309	786	555	544	0	787	629	752	344	368	426	784	350	608	407	627	620	742	531	384	652	404	612	629	405	406	460	355	419	448	560	716	597	333	787	752	
711	370	389	637	624	408	439	484	777	371	639	573	589	769	737	468	736	709	599	799	546	461	729	333	651	558	463	435	554	787	0	563	564	627	549	433	730	701	733	685	563	796	410	449	435	597	378	593	479	474	786	348	459	779	426	510	358	331	368	602	364	
787	327	422	436	717	663	663	552	717	593	788	356	336	614	481	776	509	380	467	608	712	624	316	355	541	335	593	736	695	629	563	0	326	779	761	376	623	615	650	727	427	440	510	412	374	404	743	616	668	305	457	605	710	404	571	695	769	701	428	309	734	
488	563	729	438	417	372	582	428	396	692	447	442	322	311	472	536	535	539	596	368	481	454	325	606	677	777	707	570	459	752	564	326	0	508	623	387	610	714	794	698	745	748	326	641	566	447	456	547	387	673	663	610	658	512	708	654	371	508	451	781	463	
578	682	769	498	371	750	593	426	786	508	553	310	739	557	639	638	586	327	555	798	330	759	305	595	468	384	456	495	621	344	627	779	508	0	527	484	680	445	593	307	350	477	629	517	596	798	738	639	726	553	671	577	534	676	566	459	514	737	526	348	594	
519	772	308	499	358	746	388	788	328	339	483	308	445	357	380	633	781	509	660	441	705	753	438	791	593	753	421	547	541	368	549	761	623	527	0	405	416	718	426	545	795	324	458	783	616	476	659	488	401	388	313	352	585	395	553	323	586	773	447	777	607	
555	744	434	374	772	656	571	721	324	493	522	474	478	442	780	763	492	482	669	303	590	507	439	549	377	584	509	534	795	426	433	376	387	484	405	0	369	580	300	373	647	735	477	548	397	501	510	750	698	524	740	539	545	743	336	519	401	303	440	307	432	
519	789	380	672	494	750	441	799	322	619	783	357	362	774	480	692	380	700	618	646	403	417	581	733	552	398	362	490	345	784	730	623	610	680	416	369	0	603	427	331	610	409	717	726	695	605	491	691	727	507	577	570	420	310	406	633	390	400	436	578	499	
636	601	517	604	351	740	643	770	663	792	599	774	726	372	566	746	708	792	409	479	611	336	730	470	437	305	368	315	536	350	701	615	714	445	718	580	603	0	329	505	486	546	737	351	729	514	657	692	719	531	316	677	378	572	507	315	530	582	644	423	524	
661	648	416	601	544	560	612	572	306	795	499	427	390	438	325	754	694	697	315	461	643	596	618	784	783	762	414	682	547	608	733	650	794	593	426	300	427	329	0	670	427	765	364	629	476	667	389	396	717	528	449	787	545	737	681	525	666	513	763	754	576	
313	738	388	613	677	682	749	383	533	721	317	605	499	683	782	537	553	525	364	791	438	439	786	338	661	348	754	358	743	407	685	727	698	307	545	373	331	505	670	0	329	798	474	451	665	496	760	470	550	541	467	340	491	376	458	677	779	541	745	757	753	
740	576	355	546	452	618	333	752	426	389	414	496	736	684	558	794	433	661	553	469	439	775	369	335	740	328	570	420	335	627	563	427	745	350	795	647	610	486	427	329	0	580	756	521	601	492	587	312	427	659	433	758	304	413	551	357	512	324	371	728	503	
426	668	634	787	631	633	743	346	712	540	768	712	777	473	403	696	359	319	673	696	373	674	735	424	394	503	413	614	318	620	796	440	748	477	324	735	409	546	765	798	580	0	368	674	654	776	357	424	496	590	771	458	381	501	560	395	303	554	671	799	759	
557	627	402	732	314	682	364	517	775	741	511	789	569	697	519	571	547	621	733	612	625	372	579	669	329	458	541	413	680	742	410	510	326	629	458	477	717	737	364	474	756	368	0	362	414	670	746	392	598	739	642	723	338	675	626	767	635	749	642	689	389	
575	547	386	446	516	565	471	438	666	590	704	590	514	717	591	570	519	532	487	309	668	612	799	546	607	391	377	488	683	531	449	412	641	517	783	548	726	351	629	451	521	674	362	0	325	543	756	499	755	628	578	438	554	305	666	792	306	783	681	358	537	
605	475	745	364	631	696	336	715	439	428	348	558	586	330	728	540	493	357	630	495	668	523	309	549	419	649	739	359	484	384	435	374	566	596	616	397	695	729	476	665	601	654	414	325	0	741	423	310	313	551	594	764	790	774	616	676	642	382	345	567	525	
539	435	527	703	687	646	609	719	681	335	308	687	466	388	314	320	734	592	704	427	332	783	356	606	753	314	554	723	453	652	597	404	447	798	476	501	605	514	667	496	492	776	670	543	741	0	517	374	534	653	551	700	655	456	485	351	694	536	611	434	476	
394	712	513	611	615	598	662	604	381	471	480	636	673	440	571	621	435	629	512	573	686	602	643	391	420	398	432	547	521	404	378	743	456	738	659	510	491	657	389	760	587	357	746	756	423	517	0	432	380	646	631	731	798	507	575	657	732	691	459	770	393	
794	721	574	463	397	455	693	321	757	774	622	786	650	522	329	678	543	738	330	484	558	545	775	450	568	440	494	505	565	612	593	616	547	639	488	750	691	692	396	470	312	424	392	499	310	374	432	0	679	408	642	736	638	781	596	628	471	752	689	649	699	
749	626	786	567	577	781	507	498	662	483	404	519	577	748	453	396	729	793	470	666	554	631	597	785	634	367	793	637	444	629	479	668	387	726	401	698	727	719	717	550	427	496	598	755	313	534	380	679	0	610	628	538	411	409	305	321	524	651	323	458	460	
371	335	739	599	333	352	531	474	616	417	654	786	591	591	671	512	449	499	654	719	565	799	448	596	480	453	609	520	443	405	474	305	673	553	388	524	507	531	528	541	659	590	739	628	551	653	646	408	610	0	614	548	782	602	561	422	398	723	548	560	376	
616	602	462	675	465	508	738	498	570	784	584	430	305	441	526	776	664	366	430	347	342	604	762	733	440	631	406	361	563	406	786	457	663	671	313	740	577	316	449	467	433	771	642	578	594	551	631	642	628	614	0	514	450	391	497	711	649	443	685	340	750	
728	648	675	640	770	587	626	586	418	376	460	379	544	742	718	338	526	443	705	549	575	673	305	313	429	597	444	688	583	460	348	605	610	577	352	539	570	677	787	340	758	458	723	438	764	700	731	736	538	548	514	0	680	515	771	763	678	638	332	386	691	
660	723	414	701	372	483	627	748	780	375	519	781	375	483	564	505	446	623	759	525	304	569	725	340	481	629	541	516	577	355	459	710	658	534	585	545	420	378	545	491	304	381	338	554	790	655	798	638	411	782	450	680	0	514	721	393	755	694	462	312	599	
390	424	601	791	518	528	698	798	450	602	467	372	693	487	794	365	328	605	559	703	372	317	583	336	537	358	423	721	455	419	779	404	512	676	395	743	310	572	737	376	413	501	675	305	774	456	507	781	409	602	391	515	514	0	762	795	363	616	649	634	531	
714	774	629	661	543	450	658	636	491	766	396	596	686	342	496	617	319	389	687	634	301	731	303	611	797	319	399	362	433	448	426	571	708	566	553	336	406	507	681	458	551	560	626	666	616	485	575	596	305	561	497	771	721	762	0	633	392	402	634	678	351	
687	369	683	791	435	445	700	575	738	641	464	578	308	680	780	661	408	310	775	540	447	445	760	735	541	636	438	753	546	560	510	695	654	459	323	519	633	315	525	677	357	395	767	792	676	351	657	628	321	422	711	763	393	795	633	0	524	766	641	309	543	
561	788	432	616	734	488	693	656	594	335	643	445	362	716	478	528	790	675	456	317	784	458	660	365	626	691	442	466	472	716	358	769	371	514	586	401	390	530	666	779	512	303	635	306	642	694	732	471	524	398	649	678	755	363	392	524	0	763	652	757	435	
560	436	700	303	534	790	438	533	332	618	505	580	640	493	586	707	339	514	782	446	670	341	523	799	658	740	421	644	574	597	331	701	508	737	773	303	400	582	513	541	324	554	749	783	382	536	691	752	651	723	443	638	694	616	402	766	763	0	669	581	410	
345	563	334	547	734	721	466	319	339	757	391	766	622	405	386	427	500	589	479	538	761	693	728	568	570	707	473	389	542	333	368	428	451	526	447	440	436	644	763	745	371	671	642	681	345	611	459	689	323	548	685	332	462	649	634	641	652	669	0	349	324	
730	544	671	538	649	796	797	602	652	600	597	520	323	647	317	676	588	365	408	449	721	671	594	639	509	703	515	380	528	787	602	309	781	348	777	307	578	423	754	757	728	799	689	358	567	434	770	649	458	560	340	386	312	634	678	309	757	581	349	0	692	
740	670	727	379	540	398	406	408	397	501	529	552	790	545	463	307	318	444	387	728	759	734	501	675	760	414	490	374	313	752	364	734	463	594	607	432	499	524	576	753	503	759	389	537	525	476	393	699	460	376	750	691	599	531	351	543	435	410	324	692	0	
etats
Id_Station	Poids W	Min (P)	WSPT	Priorité	
1	6	300	33,33	1	
2	8	301	33,44	2	
3	1	303	33,67	3	
4	4	304	33,78	4	
5	2	304	33,78	5	
6	9	318	35,33	6	
7	5	318	35,33	7	
8	7	300	37,50	8	
9	5	300	37,50	9	
10	6	303	37,88	10	
11	9	304	38,00	11	
12	3	305	38,13	12	
13	9	310	38,75	13	
14	9	312	39,00	14	
15	7	314	39,25	15	
16	6	300	42,86	16	
17	9	302	43,14	17	
18	5	304	43,43	18	
19	4	309	44,14	19	
20	2	318	45,43	20	
21	1	302	50,33	21	
22	6	305	50,83	22	
23	3	305	50,83	23	
24	6	309	51,50	24	
25	2	312	52,00	25	
26	3	317	52,83	26	
27	4	300	60,00	27	
28	3	303	60,60	28	
29	4	304	60,80	29	
30	8	304	60,80	30	
31	3	305	61,00	31	
32	8	302	75,50	32	
33	1	315	78,75	33	
34	6	315	78,75	34	
35	1	315	78,75	35	
36	1	301	100,33	36	
37	4	303	101,00	37	
38	4	304	101,33	38	
39	4	304	101,33	39	
40	7	304	101,33	40	
41	7	304	101,33	41	
42	6	301	150,50	42	
43	3	301	150,50	43	
44	4	301	150,50	44	
45	1	301	150,50	45	
46	3	302	151,00	46	
47	6	303	151,50	47	
48	7	303	151,50	48	
49	7	313	156,50	49	
50	5	318	159,00	50	
51	8	300	300,00	51	
52	6	301	301,00	52	
53	8	301	301,00	53	
54	6	301	301,00	54	
55	7	302	302,00	55	
56	5	306	306,00	56	
57	9	307	307,00	57	
58	3	315	315,00	58	
59	4	320	320,00	59	
60	1	340	340,00	60	

