distances
0	308	700	559	323	556	774	708	695	412	368	570	353	477	658	781	778	307	420	327	343	582	478	340	393	700	775	789	674	536	599	416	508	512	450	498	689	769	414	493	455	627	730	307	412	370	639	575	325	775	469	716	454	519	467	555	771	449	451	785	729	
308	0	707	519	524	629	482	528	467	419	555	457	648	796	567	381	785	534	769	381	490	424	418	711	477	715	573	608	771	457	683	345	497	301	717	565	391	421	456	491	764	350	309	316	371	500	611	532	477	785	316	727	708	617	650	525	448	443	386	406	684	
700	707	0	627	650	499	589	722	552	579	777	623	593	385	312	578	449	755	748	594	555	482	564	369	328	606	365	520	557	421	501	315	526	395	707	516	715	476	477	685	665	357	464	304	771	621	335	691	370	434	561	682	493	382	300	710	711	458	425	514	417	
559	519	627	0	655	365	397	740	614	686	635	414	483	370	429	386	586	454	577	731	529	423	585	791	715	749	720	550	539	554	369	523	779	368	680	437	696	506	498	721	649	473	481	452	457	668	473	751	312	725	433	749	510	345	529	304	731	370	707	434	473	
323	524	650	655	0	688	489	716	554	315	692	763	775	356	334	331	700	504	440	748	468	703	513	596	567	465	787	606	676	379	419	352	531	719	446	380	480	504	636	419	559	653	788	573	523	487	447	788	753	436	655	641	751	667	579	309	603	590	593	545	720	
556	629	499	365	688	0	602	759	680	711	502	326	497	659	666	719	660	429	516	394	689	326	687	316	706	639	371	396	798	774	352	416	579	568	729	402	784	302	637	406	300	606	597	648	598	456	605	628	355	527	759	459	728	523	654	772	741	374	420	764	580	
774	482	589	397	489	602	0	781	508	320	737	443	349	761	493	422	508	383	553	484	512	352	696	762	794	533	536	370	791	578	671	359	467	530	541	746	574	738	622	676	595	578	601	433	781	477	780	561	767	498	688	758	582	480	558	726	527	350	431	718	626	
708	528	722	740	716	759	781	0	578	427	311	443	729	752	779	489	526	485	486	469	738	351	559	364	672	797	785	331	320	612	301	533	490	701	763	570	436	531	312	634	727	683	743	679	496	557	639	713	535	753	416	598	367	624	718	683	627	420	712	591	515	
695	467	552	614	554	680	508	578	0	364	346	354	494	541	379	335	548	422	578	436	566	753	418	330	558	506	359	554	475	353	707	316	546	733	498	526	715	308	752	573	508	775	417	601	597	516	544	365	395	471	561	621	567	598	375	579	467	304	728	419	440	
412	419	579	686	315	711	320	427	364	0	516	349	795	753	538	649	474	744	668	320	734	637	579	679	717	662	370	705	576	420	322	783	666	756	638	679	575	465	456	553	799	741	721	618	436	543	523	793	552	514	397	764	551	628	768	453	601	424	619	324	385	
368	555	777	635	692	502	737	311	346	516	0	723	389	691	599	387	728	338	594	408	333	677	797	459	425	412	692	690	725	467	708	304	721	705	329	756	501	556	604	450	460	365	781	670	712	545	358	610	609	587	790	735	566	472	382	403	750	636	750	620	686	
570	457	623	414	763	326	443	443	354	349	723	0	448	759	782	573	616	631	562	326	597	352	374	731	641	667	756	624	732	645	574	602	605	343	613	523	392	374	618	685	365	732	525	638	609	342	599	709	314	518	614	374	530	535	338	413	790	553	424	408	524	
353	648	593	483	775	497	349	729	494	795	389	448	0	315	442	733	338	383	501	485	390	618	459	403	695	329	463	728	336	382	729	729	687	675	639	572	505	676	727	344	659	377	482	405	614	590	463	596	313	544	738	681	645	763	530	606	334	389	611	368	597	
477	796	385	370	356	659	761	752	541	753	691	759	315	0	663	472	510	538	661	367	447	408	361	592	627	496	682	510	497	756	665	765	646	349	517	548	455	653	446	604	558	741	479	725	513	456	504	689	460	596	591	413	532	676	525	310	728	350	394	660	665	
658	567	312	429	334	666	493	779	379	538	599	782	442	663	0	304	305	667	640	496	491	434	599	321	302	663	682	616	414	776	752	679	443	651	751	704	655	370	363	698	313	585	448	509	520	316	420	774	619	647	614	750	787	637	621	417	540	318	613	458	408	
781	381	578	386	331	719	422	489	335	649	387	573	733	472	304	0	680	695	472	413	781	317	546	778	736	663	450	777	461	643	777	369	429	424	505	464	694	703	372	707	512	585	532	366	509	429	790	362	730	476	677	777	550	730	791	421	735	644	602	354	761	
778	785	449	586	700	660	508	526	548	474	728	616	338	510	305	680	0	792	787	434	546	411	454	453	783	376	775	552	404	588	536	484	317	774	384	722	635	545	750	632	538	676	556	427	342	765	741	343	500	781	707	448	544	463	576	513	542	598	692	518	311	
307	534	755	454	504	429	383	485	422	744	338	631	383	538	667	695	792	0	746	498	488	668	513	605	488	483	556	791	398	733	789	656	724	704	312	446	672	736	689	540	724	411	564	745	366	785	317	765	794	712	667	631	405	666	383	771	478	320	631	304	407	
420	769	748	577	440	516	553	486	578	668	594	562	501	661	640	472	787	746	0	604	326	669	384	588	407	529	438	380	766	366	789	772	781	339	423	611	511	416	315	603	673	304	760	638	693	719	717	577	716	589	792	322	468	596	672	384	633	625	311	709	506	
327	381	594	731	748	394	484	469	436	320	408	326	485	367	496	413	434	498	604	0	343	459	367	617	337	760	754	756	673	449	689	612	522	744	704	748	419	572	538	567	312	692	325	460	500	534	603	356	693	432	738	431	792	712	495	505	728	714	474	546	783	
343	490	555	529	468	689	512	738	566	734	333	597	390	447	491	781	546	488	326	343	0	606	379	798	501	348	533	695	387	696	724	591	515	764	595	708	688	575	717	490	422	350	733	641	481	348	566	510	630	378	752	317	661	327	448	754	695	709	714	453	559	
582	424	482	423	703	326	352	351	753	637	677	352	618	408	434	317	411	668	669	459	606	0	538	646	345	769	301	729	623	314	482	594	785	325	678	536	327	501	642	508	371	616	423	694	562	315	450	708	367	466	549	307	513	684	490	359	441	375	795	364	599	
478	418	564	585	513	687	696	559	418	579	797	374	459	361	599	546	454	513	384	367	379	538	0	556	707	388	476	473	534	325	689	587	393	596	417	702	743	670	686	417	506	771	319	484	706	684	564	456	699	535	320	675	549	563	718	376	315	556	373	322	359	
340	711	369	791	596	316	762	364	330	679	459	731	403	592	321	778	453	605	588	617	798	646	556	0	393	474	580	640	469	305	480	786	303	467	406	705	668	648	589	348	648	486	749	497	687	632	426	418	583	688	537	572	448	595	669	798	533	317	515	528	382	
393	477	328	715	567	706	794	672	558	717	425	641	695	627	302	736	783	488	407	337	501	345	707	393	0	369	756	533	342	620	413	457	717	577	722	545	729	746	309	418	558	775	515	512	406	765	676	763	423	401	616	755	388	434	364	650	656	704	574	696	449	
700	715	606	749	465	639	533	797	506	662	412	667	329	496	663	663	376	483	529	760	348	769	388	474	369	0	465	549	484	714	521	348	566	676	654	429	560	514	751	627	757	466	306	797	643	495	422	504	372	332	469	464	729	783	573	559	637	674	498	653	750	
775	573	365	720	787	371	536	785	359	370	692	756	463	682	682	450	775	556	438	754	533	301	476	580	756	465	0	506	662	744	313	631	536	322	418	516	646	751	713	532	664	451	575	692	549	493	696	559	676	696	432	531	640	688	506	603	492	669	567	643	668	
789	608	520	550	606	396	370	331	554	705	690	624	728	510	616	777	552	791	380	756	695	729	473	640	533	549	506	0	748	477	778	338	550	682	365	427	736	410	302	779	311	636	663	588	649	613	656	587	729	575	458	368	796	621	691	308	799	495	726	737	366	
674	771	557	539	676	798	791	320	475	576	725	732	336	497	414	461	404	398	766	673	387	623	534	469	342	484	662	748	0	495	325	419	699	355	658	346	708	595	567	694	729	723	437	383	391	686	492	654	497	516	497	685	529	411	578	398	486	318	712	401	483	
536	457	421	554	379	774	578	612	353	420	467	645	382	756	776	643	588	733	366	449	696	314	325	305	620	714	744	477	495	0	728	466	525	536	483	580	427	604	434	616	718	607	632	440	401	613	777	482	765	761	758	677	340	751	591	682	672	404	785	362	376	
599	683	501	369	419	352	671	301	707	322	708	574	729	665	752	777	536	789	789	689	724	482	689	480	413	521	313	778	325	728	0	422	666	647	568	521	549	742	318	772	717	411	305	346	479	353	495	779	626	487	411	678	583	452	424	629	339	619	765	690	443	
416	345	315	523	352	416	359	533	316	783	304	602	729	765	679	369	484	656	772	612	591	594	587	786	457	348	631	338	419	466	422	0	621	611	427	487	543	665	731	560	418	581	700	670	385	738	719	598	653	388	589	400	415	699	721	759	617	670	715	772	588	
508	497	526	779	531	579	467	490	546	666	721	605	687	646	443	429	317	724	781	522	515	785	393	303	717	566	536	550	699	525	666	621	0	425	431	772	450	653	743	728	658	467	533	500	719	500	516	438	376	703	479	580	355	668	496	515	357	382	776	316	377	
512	301	395	368	719	568	530	701	733	756	705	343	675	349	651	424	774	704	339	744	764	325	596	467	577	676	322	682	355	536	647	611	425	0	302	505	643	375	528	372	433	368	656	723	689	376	594	602	743	707	373	453	387	738	733	566	392	377	344	693	324	
450	717	707	680	446	729	541	763	498	638	329	613	639	517	751	505	384	312	423	704	595	678	417	406	722	654	418	365	658	483	568	427	431	302	0	304	557	543	309	688	305	484	683	631	771	539	644	783	359	477	420	405	526	584	525	409	422	707	483	645	301	
498	565	516	437	380	402	746	570	526	679	756	523	572	548	704	464	722	446	611	748	708	536	702	705	545	429	516	427	346	580	521	487	772	505	304	0	680	724	797	610	699	389	582	427	413	411	441	450	536	550	725	309	503	739	646	535	670	449	300	799	576	
689	391	715	696	480	784	574	436	715	575	501	392	505	455	655	694	635	672	511	419	688	327	743	668	729	560	646	736	708	427	549	543	450	643	557	680	0	344	388	666	649	550	787	369	386	755	748	433	378	603	305	576	391	757	627	643	331	644	511	436	476	
769	421	476	506	504	302	738	531	308	465	556	374	676	653	370	703	545	736	416	572	575	501	670	648	746	514	751	410	595	604	742	665	653	375	543	724	344	0	677	657	528	746	532	702	571	787	766	521	534	397	663	499	390	738	731	711	442	696	792	378	709	
414	456	477	498	636	637	622	312	752	456	604	618	727	446	363	372	750	689	315	538	717	642	686	589	309	751	713	302	567	434	318	731	743	528	309	797	388	677	0	690	406	710	350	649	681	504	354	580	495	695	415	415	494	481	502	702	780	544	445	779	606	
493	491	685	721	419	406	676	634	573	553	450	685	344	604	698	707	632	540	603	567	490	508	417	348	418	627	532	779	694	616	772	560	728	372	688	610	666	657	690	0	604	528	510	630	340	402	752	724	504	556	715	344	677	617	344	765	378	601	666	443	436	
455	764	665	649	559	300	595	727	508	799	460	365	659	558	313	512	538	724	673	312	422	371	506	648	558	757	664	311	729	718	717	418	658	433	305	699	649	528	406	604	0	535	406	682	369	438	511	751	369	745	477	676	391	493	506	376	747	472	482	392	384	
627	350	357	473	653	606	578	683	775	741	365	732	377	741	585	585	676	411	304	692	350	616	771	486	775	466	451	636	723	607	411	581	467	368	484	389	550	746	710	528	535	0	545	742	468	490	619	331	649	783	303	402	690	452	763	528	448	504	685	421	712	
730	309	464	481	788	597	601	743	417	721	781	525	482	479	448	532	556	564	760	325	733	423	319	749	515	306	575	663	437	632	305	700	533	656	683	582	787	532	350	510	406	545	0	564	404	555	309	550	454	616	349	576	474	698	310	706	497	428	440	794	463	
307	316	304	452	573	648	433	679	601	618	670	638	405	725	509	366	427	745	638	460	641	694	484	497	512	797	692	588	383	440	346	670	500	723	631	427	369	702	649	630	682	742	564	0	437	407	587	406	413	657	361	356	599	604	301	739	364	381	713	360	532	
412	371	771	457	523	598	781	496	597	436	712	609	614	513	520	509	342	366	693	500	481	562	706	687	406	643	549	649	391	401	479	385	719	689	771	413	386	571	681	340	369	468	404	437	0	621	680	570	557	360	752	675	332	341	403	448	318	795	637	780	621	
370	500	621	668	487	456	477	557	516	543	545	342	590	456	316	429	765	785	719	534	348	315	684	632	765	495	493	613	686	613	353	738	500	376	539	411	755	787	504	402	438	490	555	407	621	0	647	737	588	487	759	473	570	384	363	544	402	476	591	466	722	
639	611	335	473	447	605	780	639	544	523	358	599	463	504	420	790	741	317	717	603	566	450	564	426	676	422	696	656	492	777	495	719	516	594	644	441	748	766	354	752	511	619	309	587	680	647	0	785	419	747	625	730	557	554	396	625	509	500	345	590	480	
575	532	691	751	788	628	561	713	365	793	610	709	596	689	774	362	343	765	577	356	510	708	456	418	763	504	559	587	654	482	779	598	438	602	783	450	433	521	580	724	751	331	550	406	570	737	785	0	550	777	622	564	318	384	701	545	516	471	563	375	512	
325	477	370	312	753	355	767	535	395	552	609	314	313	460	619	730	500	794	716	693	630	367	699	583	423	372	676	729	497	765	626	653	376	743	359	536	378	534	495	504	369	649	454	413	557	588	419	550	0	674	669	686	792	786	717	797	777	373	388	781	792	
775	785	434	725	436	527	498	753	471	514	587	518	544	596	647	476	781	712	589	432	378	466	535	688	401	332	696	575	516	761	487	388	703	707	477	550	603	397	695	556	745	783	616	657	360	487	747	777	674	0	623	494	367	303	363	418	561	462	362	507	370	
469	316	561	433	655	759	688	416	561	397	790	614	738	591	614	677	707	667	792	738	752	549	320	537	616	469	432	458	497	758	411	589	479	373	420	725	305	663	415	715	477	303	349	361	752	759	625	622	669	623	0	685	332	409	498	773	449	699	317	717	506	
716	727	682	749	641	459	758	598	621	764	735	374	681	413	750	777	448	631	322	431	317	307	675	572	755	464	531	368	685	677	678	400	580	453	405	309	576	499	415	344	676	402	576	356	675	473	730	564	686	494	685	0	503	724	588	365	797	783	787	726	379	
454	708	493	510	751	728	582	367	567	551	566	530	645	532	787	550	544	405	468	792	661	513	549	448	388	729	640	796	529	340	583	415	355	387	526	503	391	390	494	677	391	690	474	599	332	570	557	318	792	367	332	503	0	613	583	380	461	507	336	344	356	
519	617	382	345	667	523	480	624	598	628	472	535	763	676	637	730	463	666	596	712	327	684	563	595	434	783	688	621	411	751	452	699	668	738	584	739	757	738	481	617	493	452	698	604	341	384	554	384	786	303	409	724	613	0	379	799	365	788	518	625	397	
467	650	300	529	579	654	558	718	375	768	382	338	530	525	621	791	576	383	672	495	448	490	718	669	364	573	506	691	578	591	424	721	496	733	525	646	627	731	502	344	506	763	310	301	403	363	396	701	717	363	498	588	583	379	0	514	799	549	452	317	507	
555	525	710	304	309	772	726	683	579	453	403	413	606	310	417	421	513	771	384	505	754	359	376	798	650	559	603	308	398	682	629	759	515	566	409	535	643	711	702	765	376	528	706	739	448	544	625	545	797	418	773	365	380	799	514	0	634	362	515	550	754	
771	448	711	731	603	741	527	627	467	601	750	790	334	728	540	735	542	478	633	728	695	441	315	533	656	637	492	799	486	672	339	617	357	392	422	670	331	442	780	378	747	448	497	364	318	402	509	516	777	561	449	797	461	365	799	634	0	491	400	550	646	
449	443	458	370	590	374	350	420	304	424	636	553	389	350	318	644	598	320	625	714	709	375	556	317	704	674	669	495	318	404	619	670	382	377	707	449	644	696	544	601	472	504	428	381	795	476	500	471	373	462	699	783	507	788	549	362	491	0	496	417	368	
451	386	425	707	593	420	431	712	728	619	750	424	611	394	613	602	692	631	311	474	714	795	373	515	574	498	567	726	712	785	765	715	776	344	483	300	511	792	445	666	482	685	440	713	637	591	345	563	388	362	317	787	336	518	452	515	400	496	0	443	476	
785	406	514	434	545	764	718	591	419	324	620	408	368	660	458	354	518	304	709	546	453	364	322	528	696	653	643	737	401	362	690	772	316	693	645	799	436	378	779	443	392	421	794	360	780	466	590	375	781	507	717	726	344	625	317	550	550	417	443	0	699	
729	684	417	473	720	580	626	515	440	385	686	524	597	665	408	761	311	407	506	783	559	599	359	382	449	750	668	366	483	376	443	588	377	324	301	576	476	709	606	436	384	712	463	532	621	722	480	512	792	370	506	379	356	397	507	754	646	368	476	699	0	
etats
Id_Station	Poids W	Min (P)	WSPT	Priorité	
1	1	301	33,44	1	
2	8	306	34,00	2	
3	3	307	34,11	3	
4	6	310	34,44	4	
5	8	314	34,89	5	
6	1	301	37,63	6	
7	3	305	38,13	7	
8	5	305	38,13	8	
9	4	309	38,63	9	
10	3	310	38,75	10	
11	8	312	39,00	11	
12	2	315	39,38	12	
13	8	348	43,50	13	
14	2	306	43,71	14	
15	3	309	44,14	15	
16	6	310	44,29	16	
17	5	310	44,29	17	
18	3	314	44,86	18	
19	6	306	51,00	19	
20	6	306	51,00	20	
21	1	306	51,00	21	
22	4	309	51,50	22	
23	5	310	51,67	23	
24	7	312	52,00	24	
25	1	312	52,00	25	
26	2	318	53,00	26	
27	6	325	54,17	27	
28	2	301	60,20	28	
29	6	306	61,20	29	
30	2	322	64,40	30	
31	9	301	75,25	31	
32	2	301	75,25	32	
33	9	303	75,75	33	
34	2	303	75,75	34	
35	9	304	76,00	35	
36	5	305	76,25	36	
37	4	305	76,25	37	
38	1	312	78,00	38	
39	1	312	78,00	39	
40	7	315	78,75	40	
41	3	303	101,00	41	
42	8	303	101,00	42	
43	1	306	102,00	43	
44	9	313	104,33	44	
45	1	302	151,00	45	
46	7	303	151,50	46	
47	7	303	151,50	47	
48	8	310	155,00	48	
49	9	311	155,50	49	
50	8	314	157,00	50	
51	1	301	301,00	51	
52	9	302	302,00	52	
53	2	304	304,00	53	
54	1	305	305,00	54	
55	9	305	305,00	55	
56	4	306	306,00	56	
57	7	307	307,00	57	
58	5	309	309,00	58	
59	8	309	309,00	59	
60	2	331	331,00	60	

