distances
0	604	313	332	330	636	620	574	797	446	766	595	490	542	307	705	533	587	513	369	520	693	357	646	674	755	414	453	661	499	455	644	774	344	582	397	316	666	368	612	799	556	405	656	462	469	663	406	752	798	709	585	640	652	787	373	699	763	414	380	503	
604	0	480	757	626	729	420	324	565	324	596	542	766	776	457	360	368	712	533	489	627	759	327	673	344	521	635	422	319	631	318	551	784	451	714	630	429	461	537	347	738	447	686	610	608	654	371	789	359	523	540	677	438	771	782	366	695	355	552	493	654	
313	480	0	368	309	350	761	561	431	590	498	719	550	560	348	410	302	727	631	793	316	458	503	675	527	649	422	718	724	661	332	600	339	747	556	556	449	391	622	322	672	312	323	450	763	522	462	613	505	442	489	338	350	395	542	641	436	731	493	525	349	
332	757	368	0	596	572	612	506	753	346	516	508	385	325	778	655	722	384	483	347	543	555	518	371	752	434	488	603	695	756	458	683	733	700	758	439	350	303	702	313	303	747	351	720	697	357	584	562	793	671	743	753	781	350	798	327	770	490	591	636	468	
330	626	309	596	0	723	511	541	702	394	710	548	573	402	797	757	748	515	705	424	512	706	470	574	361	434	564	465	472	509	429	391	396	312	333	333	723	438	607	475	641	531	314	483	509	791	657	739	752	411	480	545	503	636	428	480	682	336	354	624	312	
636	729	350	572	723	0	607	337	435	546	741	700	754	407	791	518	572	530	555	704	452	766	493	683	470	425	647	406	440	329	571	734	552	305	778	373	501	352	321	363	324	300	533	328	653	436	756	547	614	706	393	780	736	432	728	527	662	326	579	611	687	
620	420	761	612	511	607	0	400	538	719	731	490	331	410	757	459	417	598	415	504	310	785	659	316	696	709	725	348	772	358	598	737	671	500	737	426	753	380	678	482	522	425	329	706	519	518	487	694	351	361	505	667	729	531	400	689	412	440	574	657	795	
574	324	561	506	541	337	400	0	476	459	325	634	329	437	536	486	465	595	787	779	775	503	621	561	738	736	663	462	618	474	358	339	716	429	646	321	608	308	752	642	360	596	560	414	617	797	602	380	367	397	330	512	424	387	721	630	568	619	494	755	357	
797	565	431	753	702	435	538	476	0	565	605	399	719	419	333	499	697	539	572	561	724	775	646	349	392	458	577	388	454	709	526	401	582	473	610	719	460	550	568	691	329	381	703	423	454	654	551	320	529	329	390	665	306	374	383	639	710	615	726	434	375	
446	324	590	346	394	546	719	459	565	0	609	528	674	489	587	538	590	649	523	740	628	533	434	661	515	717	723	470	519	714	627	655	398	466	792	591	795	433	342	593	435	318	468	323	304	466	597	320	629	316	440	460	714	641	334	744	602	502	493	559	407	
766	596	498	516	710	741	731	325	605	609	0	652	488	590	653	547	354	447	601	732	318	562	560	748	659	447	752	467	708	523	586	645	762	790	544	648	662	647	681	438	760	711	653	735	489	472	600	580	668	722	396	438	589	380	436	753	324	395	506	590	420	
595	542	719	508	548	700	490	634	399	528	652	0	736	470	388	442	328	775	605	630	311	631	342	663	670	317	540	381	309	445	788	306	612	535	421	763	701	557	388	302	329	380	603	348	338	389	716	560	651	452	767	664	410	799	525	397	665	638	308	596	441	
490	766	550	385	573	754	331	329	719	674	488	736	0	707	620	494	697	565	382	776	781	769	629	402	652	320	581	419	359	561	669	703	450	478	632	744	356	792	331	390	357	346	756	548	714	676	358	751	388	669	506	636	794	736	437	739	304	746	622	461	540	
542	776	560	325	402	407	410	437	419	489	590	470	707	0	529	349	417	780	436	558	451	429	778	701	396	726	309	366	377	500	507	695	496	441	717	585	443	680	577	783	577	625	596	692	535	750	510	785	748	551	367	789	355	629	704	502	553	789	544	388	559	
307	457	348	778	797	791	757	536	333	587	653	388	620	529	0	667	347	776	612	467	642	450	770	647	616	513	343	464	690	360	316	654	310	470	662	487	667	474	441	626	528	565	590	672	352	439	781	358	412	633	344	742	525	712	609	430	443	373	342	355	784	
705	360	410	655	757	518	459	486	499	538	547	442	494	349	667	0	438	478	416	402	461	571	564	753	468	301	579	540	441	523	777	372	764	612	520	361	451	401	474	697	502	569	556	345	397	734	796	481	629	496	592	551	507	426	519	632	548	715	554	578	635	
533	368	302	722	748	572	417	465	697	590	354	328	697	417	347	438	0	707	785	723	770	661	635	658	696	654	533	792	445	671	668	494	702	549	696	625	684	713	749	322	788	615	402	322	590	445	769	585	709	632	781	325	330	375	634	612	540	461	311	471	415	
587	712	727	384	515	530	598	595	539	649	447	775	565	780	776	478	707	0	389	476	493	407	698	420	709	721	409	633	760	780	631	666	578	556	697	629	451	402	725	740	401	778	628	601	465	583	312	588	564	329	591	782	713	715	574	319	495	768	600	756	392	
513	533	631	483	705	555	415	787	572	523	601	605	382	436	612	416	785	389	0	517	329	400	493	616	381	454	589	414	391	706	526	713	482	681	731	562	717	346	797	314	560	539	565	620	555	487	316	734	353	732	615	548	551	620	615	349	592	691	625	706	708	
369	489	793	347	424	704	504	779	561	740	732	630	776	558	467	402	723	476	517	0	652	439	528	547	728	535	304	626	415	564	303	645	580	510	442	445	368	492	395	366	574	409	794	466	407	739	677	599	419	313	415	753	717	662	719	381	763	671	723	752	547	
520	627	316	543	512	452	310	775	724	628	318	311	781	451	642	461	770	493	329	652	0	697	786	660	685	630	578	483	362	389	719	449	395	337	433	413	453	370	487	531	625	321	305	356	486	401	641	452	313	747	651	417	442	618	473	480	339	510	654	484	663	
693	759	458	555	706	766	785	503	775	533	562	631	769	429	450	571	661	407	400	439	697	0	523	533	642	386	752	402	760	437	464	729	405	647	792	365	717	672	442	544	750	623	780	480	490	350	522	409	661	343	645	340	782	564	621	357	374	427	722	513	623	
357	327	503	518	470	493	659	621	646	434	560	342	629	778	770	564	635	698	493	528	786	523	0	370	772	678	742	647	639	413	668	673	536	726	462	679	776	676	332	561	334	739	526	360	534	775	471	694	461	569	307	557	373	591	310	379	434	533	675	681	737	
646	673	675	371	574	683	316	561	349	661	748	663	402	701	647	753	658	420	616	547	660	533	370	0	459	373	692	640	565	746	526	741	372	432	508	573	489	779	670	471	564	573	660	773	343	320	744	330	476	300	594	407	524	620	793	503	558	431	508	556	343	
674	344	527	752	361	470	696	738	392	515	659	670	652	396	616	468	696	709	381	728	685	642	772	459	0	462	382	795	436	777	314	769	725	412	777	568	557	742	565	795	641	497	384	307	320	545	481	661	534	429	721	650	762	400	740	737	398	393	728	422	430	
755	521	649	434	434	425	709	736	458	717	447	317	320	726	513	301	654	721	454	535	630	386	678	373	462	0	635	404	313	589	441	334	370	523	779	331	735	500	438	573	500	715	648	773	559	676	736	426	602	386	775	697	385	494	446	343	569	735	794	363	785	
414	635	422	488	564	647	725	663	577	723	752	540	581	309	343	579	533	409	589	304	578	752	742	692	382	635	0	347	642	515	443	372	318	391	396	727	642	393	751	595	689	776	724	696	438	748	416	708	741	384	517	397	777	441	489	449	429	389	699	428	509	
453	422	718	603	465	406	348	462	388	470	467	381	419	366	464	540	792	633	414	626	483	402	647	640	795	404	347	0	613	620	713	790	719	431	771	528	570	435	469	536	663	422	470	579	397	345	549	335	787	450	616	411	685	759	341	329	423	664	626	691	675	
661	319	724	695	472	440	772	618	454	519	708	309	359	377	690	441	445	760	391	415	362	760	639	565	436	313	642	613	0	559	741	532	405	765	317	367	441	474	606	717	543	490	790	761	571	362	435	475	566	485	737	497	741	445	703	783	751	406	318	645	746	
499	631	661	756	509	329	358	474	709	714	523	445	561	500	360	523	671	780	706	564	389	437	413	746	777	589	515	620	559	0	457	400	749	683	599	570	327	571	652	569	683	718	502	403	433	459	502	330	429	682	791	575	656	780	552	709	591	618	609	669	545	
455	318	332	458	429	571	598	358	526	627	586	788	669	507	316	777	668	631	526	303	719	464	668	526	314	441	443	713	741	457	0	633	501	735	661	478	730	396	314	701	399	662	707	576	461	572	337	798	417	498	473	477	306	590	758	790	664	601	751	770	634	
644	551	600	683	391	734	737	339	401	655	645	306	703	695	654	372	494	666	713	645	449	729	673	741	769	334	372	790	532	400	633	0	448	525	369	316	556	607	324	720	798	736	769	491	410	454	683	761	540	408	499	673	387	748	667	575	600	756	384	347	698	
774	784	339	733	396	552	671	716	582	398	762	612	450	496	310	764	702	578	482	580	395	405	536	372	725	370	318	719	405	749	501	448	0	322	367	735	593	643	575	719	300	759	687	465	487	753	507	490	465	310	373	339	348	751	487	780	571	647	686	690	437	
344	451	747	700	312	305	500	429	473	466	790	535	478	441	470	612	549	556	681	510	337	647	726	432	412	523	391	431	765	683	735	525	322	0	640	509	528	783	559	367	632	300	341	755	607	734	423	648	539	730	623	625	758	376	332	502	679	425	734	311	697	
582	714	556	758	333	778	737	646	610	792	544	421	632	717	662	520	696	697	731	442	433	792	462	508	777	779	396	771	317	599	661	369	367	640	0	443	685	565	425	375	425	723	491	651	523	420	390	444	784	301	454	597	346	612	757	476	547	536	527	610	447	
397	630	556	439	333	373	426	321	719	591	648	763	744	585	487	361	625	629	562	445	413	365	679	573	568	331	727	528	367	570	478	316	735	509	443	0	704	326	761	436	744	690	719	320	762	716	494	454	386	795	697	734	527	402	430	696	399	486	687	553	542	
316	429	449	350	723	501	753	608	460	795	662	701	356	443	667	451	684	451	717	368	453	717	776	489	557	735	642	570	441	327	730	556	593	528	685	704	0	387	408	613	653	603	420	654	491	427	594	405	684	764	487	580	360	756	417	696	468	678	715	499	311	
666	461	391	303	438	352	380	308	550	433	647	557	792	680	474	401	713	402	346	492	370	672	676	779	742	500	393	435	474	571	396	607	643	783	565	326	387	0	509	397	465	565	353	364	624	449	594	552	662	444	345	629	343	681	412	489	482	543	645	466	643	
368	537	622	702	607	321	678	752	568	342	681	388	331	577	441	474	749	725	797	395	487	442	332	670	565	438	751	469	606	652	314	324	575	559	425	761	408	509	0	736	319	768	413	610	754	422	338	526	464	799	428	568	430	314	771	382	751	553	369	476	683	
612	347	322	313	475	363	482	642	691	593	438	302	390	783	626	697	322	740	314	366	531	544	561	471	795	573	595	536	717	569	701	720	719	367	375	436	613	397	736	0	391	321	414	463	354	408	781	541	396	648	708	660	562	623	789	365	517	549	403	614	764	
799	738	672	303	641	324	522	360	329	435	760	329	357	577	528	502	788	401	560	574	625	750	334	564	641	500	689	663	543	683	399	798	300	632	425	744	653	465	319	391	0	367	307	605	701	660	552	671	383	752	351	398	321	534	365	407	736	529	405	693	492	
556	447	312	747	531	300	425	596	381	318	711	380	346	625	565	569	615	778	539	409	321	623	739	573	497	715	776	422	490	718	662	736	759	300	723	690	603	565	768	321	367	0	565	509	508	625	556	723	479	631	782	424	314	333	455	658	798	442	547	480	605	
405	686	323	351	314	533	329	560	703	468	653	603	756	596	590	556	402	628	565	794	305	780	526	660	384	648	724	470	790	502	707	769	687	341	491	719	420	353	413	414	307	565	0	552	316	789	470	617	330	354	430	637	622	636	345	367	570	383	315	624	400	
656	610	450	720	483	328	706	414	423	323	735	348	548	692	672	345	322	601	620	466	356	480	360	773	307	773	696	579	761	403	576	491	465	755	651	320	654	364	610	463	605	509	552	0	742	760	672	391	309	574	632	638	768	775	379	303	594	381	552	679	787	
462	608	763	697	509	653	519	617	454	304	489	338	714	535	352	397	590	465	555	407	486	490	534	343	320	559	438	397	571	433	461	410	487	607	523	762	491	624	754	354	701	508	316	742	0	322	613	334	767	625	635	579	513	525	396	564	788	678	426	413	619	
469	654	522	357	791	436	518	797	654	466	472	389	676	750	439	734	445	583	487	739	401	350	775	320	545	676	748	345	362	459	572	454	753	734	420	716	427	449	422	408	660	625	789	760	322	0	732	641	679	356	469	613	577	631	698	317	722	751	750	699	414	
663	371	462	584	657	756	487	602	551	597	600	716	358	510	781	796	769	312	316	677	641	522	471	744	481	736	416	549	435	502	337	683	507	423	390	494	594	594	338	781	552	556	470	672	613	732	0	773	534	661	766	579	366	439	314	518	358	525	790	704	727	
406	789	613	562	739	547	694	380	320	320	580	560	751	785	358	481	585	588	734	599	452	409	694	330	661	426	708	335	475	330	798	761	490	648	444	454	405	552	526	541	671	723	617	391	334	641	773	0	379	798	345	740	487	451	411	637	500	339	311	507	586	
752	359	505	793	752	614	351	367	529	629	668	651	388	748	412	629	709	564	353	419	313	661	461	476	534	602	741	787	566	429	417	540	465	539	784	386	684	662	464	396	383	479	330	309	767	679	534	379	0	355	776	472	604	629	765	542	571	644	344	650	376	
798	523	442	671	411	706	361	397	329	316	722	452	669	551	633	496	632	329	732	313	747	343	569	300	429	386	384	450	485	682	498	408	310	730	301	795	764	444	799	648	752	631	354	574	625	356	661	798	355	0	365	768	650	342	678	403	448	574	684	780	481	
709	540	489	743	480	393	505	330	390	440	396	767	506	367	344	592	781	591	615	415	651	645	307	594	721	775	517	616	737	791	473	499	373	623	454	697	487	345	428	708	351	782	430	632	635	469	766	345	776	365	0	706	528	583	336	409	457	640	670	366	787	
585	677	338	753	545	780	667	512	665	460	438	664	636	789	742	551	325	782	548	753	417	340	557	407	650	697	397	411	497	575	477	673	339	625	597	734	580	629	568	660	398	424	637	638	579	613	579	740	472	768	706	0	494	398	754	464	732	522	583	726	761	
640	438	350	781	503	736	729	424	306	714	589	410	794	355	525	507	330	713	551	717	442	782	373	524	762	385	777	685	741	656	306	387	348	758	346	527	360	343	430	562	321	314	622	768	513	577	366	487	604	650	528	494	0	783	318	648	363	697	612	646	764	
652	771	395	350	636	432	531	387	374	641	380	799	736	629	712	426	375	715	620	662	618	564	591	620	400	494	441	759	445	780	590	748	751	376	612	402	756	681	314	623	534	333	636	775	525	631	439	451	629	342	583	398	783	0	512	652	756	654	460	766	559	
787	782	542	798	428	728	400	721	383	334	436	525	437	704	609	519	634	574	615	719	473	621	310	793	740	446	489	341	703	552	758	667	487	332	757	430	417	412	771	789	365	455	345	379	396	698	314	411	765	678	336	754	318	512	0	784	533	423	736	614	583	
373	366	641	327	480	527	689	630	639	744	753	397	739	502	430	632	612	319	349	381	480	357	379	503	737	343	449	329	783	709	790	575	780	502	476	696	696	489	382	365	407	658	367	303	564	317	518	637	542	403	409	464	648	652	784	0	661	395	305	719	368	
699	695	436	770	682	662	412	568	710	602	324	665	304	553	443	548	540	495	592	763	339	374	434	558	398	569	429	423	751	591	664	600	571	679	547	399	468	482	751	517	736	798	570	594	788	722	358	500	571	448	457	732	363	756	533	661	0	465	627	529	382	
763	355	731	490	336	326	440	619	615	502	395	638	746	789	373	715	461	768	691	671	510	427	533	431	393	735	389	664	406	618	601	756	647	425	536	486	678	543	553	549	529	442	383	381	678	751	525	339	644	574	640	522	697	654	423	395	465	0	605	793	617	
414	552	493	591	354	579	574	494	726	493	506	308	622	544	342	554	311	600	625	723	654	722	675	508	728	794	699	626	318	609	751	384	686	734	527	687	715	645	369	403	405	547	315	552	426	750	790	311	344	684	670	583	612	460	736	305	627	605	0	597	753	
380	493	525	636	624	611	657	755	434	559	590	596	461	388	355	578	471	756	706	752	484	513	681	556	422	363	428	691	645	669	770	347	690	311	610	553	499	466	476	614	693	480	624	679	413	699	704	507	650	780	366	726	646	766	614	719	529	793	597	0	535	
503	654	349	468	312	687	795	357	375	407	420	441	540	559	784	635	415	392	708	547	663	623	737	343	430	785	509	675	746	545	634	698	437	697	447	542	311	643	683	764	492	605	400	787	619	414	727	586	376	481	787	761	764	559	583	368	382	617	753	535	0	
etats
Id_Station	Poids W	Min (P)	WSPT	Priorité	
1	2	300	33,33	1	
2	1	305	33,89	2	
3	7	313	34,78	3	
4	3	317	35,22	4	
5	9	300	37,50	5	
6	1	301	37,63	6	
7	1	302	37,75	7	
8	8	323	40,38	8	
9	1	329	41,13	9	
10	7	301	43,00	10	
11	3	302	43,14	11	
12	8	303	43,29	12	
13	7	308	44,00	13	
14	7	316	45,14	14	
15	1	320	45,71	15	
16	1	300	50,00	16	
17	5	302	50,33	17	
18	1	304	50,67	18	
19	2	315	52,50	19	
20	7	318	53,00	20	
21	1	321	53,50	21	
22	8	302	60,40	22	
23	4	304	60,80	23	
24	7	305	61,00	24	
25	9	309	61,80	25	
26	7	314	62,80	26	
27	1	320	64,00	27	
28	9	321	64,20	28	
29	1	323	64,60	29	
30	9	300	75,00	30	
31	2	301	75,25	31	
32	6	301	75,25	32	
33	1	301	75,25	33	
34	5	307	76,75	34	
35	9	307	76,75	35	
36	1	309	77,25	36	
37	6	317	79,25	37	
38	6	318	79,50	38	
39	3	300	100,00	39	
40	7	301	100,33	40	
41	7	305	101,67	41	
42	6	317	105,67	42	
43	7	318	106,00	43	
44	7	318	106,00	44	
45	1	320	106,67	45	
46	1	304	152,00	46	
47	9	307	153,50	47	
48	6	323	161,50	48	
49	9	323	161,50	49	
50	2	300	300,00	50	
51	9	302	302,00	51	
52	9	305	305,00	52	
53	4	306	306,00	53	
54	5	308	308,00	54	
55	8	308	308,00	55	
56	1	309	309,00	56	
57	1	309	309,00	57	
58	2	317	317,00	58	
59	1	321	321,00	59	
60	5	328	328,00	60	

