distances
0	532	464	770	373	457	788	373	778	488	772	692	418	775	498	419	334	662	614	788	780	685	427	414	522	623	438	400	441	408	645	463	654	767	347	428	629	736	372	706	309	343	321	474	510	795	598	383	719	542	377	416	511	646	482	487	378	763	408	540	697	
532	0	491	316	400	430	425	692	324	439	660	366	457	501	385	662	711	555	307	437	635	536	370	772	635	650	431	787	333	653	495	618	334	588	568	675	608	664	451	747	782	381	375	490	611	572	330	713	331	419	653	649	452	602	471	600	643	687	364	420	590	
464	491	0	474	489	670	335	530	528	616	676	509	747	619	490	312	525	375	746	528	590	566	606	727	784	325	390	506	506	319	781	496	489	455	402	529	487	713	439	668	497	417	604	578	793	507	471	654	519	744	617	340	727	410	569	613	444	412	343	672	561	
770	316	474	0	312	693	733	507	408	725	760	598	794	381	778	479	792	342	774	462	512	761	472	769	401	376	705	595	626	319	775	300	501	547	792	748	528	701	463	668	448	600	674	689	427	642	539	376	514	500	406	600	453	459	350	604	623	439	372	676	528	
373	400	489	312	0	554	377	761	513	385	735	383	546	349	357	688	653	737	487	309	429	727	577	569	614	510	647	765	603	709	671	695	442	453	692	545	767	517	617	403	760	530	496	782	560	783	639	666	333	624	730	438	684	631	425	741	351	382	431	717	712	
457	430	670	693	554	0	378	550	713	648	597	378	641	414	564	407	761	662	694	496	367	560	767	693	432	302	394	602	720	311	683	795	682	303	472	698	565	390	325	546	783	799	563	412	341	347	302	487	522	471	471	730	600	363	567	355	610	540	412	511	709	
788	425	335	733	377	378	0	740	760	746	638	566	515	628	567	519	678	330	461	479	309	481	513	780	788	708	745	385	426	346	610	643	424	668	396	557	562	733	530	722	523	592	455	393	369	733	716	794	304	377	323	336	575	569	359	563	442	651	562	443	440	
373	692	530	507	761	550	740	0	691	589	325	476	474	427	440	375	596	774	729	665	311	750	660	751	420	662	643	776	749	764	670	516	768	561	428	456	498	677	429	358	511	445	443	328	593	519	407	643	610	408	681	325	495	475	726	653	551	536	685	512	322	
778	324	528	408	513	713	760	691	0	356	773	427	448	424	496	742	341	565	718	370	591	384	419	773	519	304	409	695	445	743	334	754	443	626	384	474	546	778	434	437	486	574	390	453	403	666	718	473	657	431	737	459	340	472	532	545	357	427	403	654	781	
488	439	616	725	385	648	746	589	356	0	501	471	413	554	335	417	469	522	421	739	331	409	448	541	655	368	598	579	606	699	609	435	446	378	390	735	751	338	731	711	692	787	617	395	479	558	747	479	712	732	486	750	378	475	349	451	339	516	777	792	707	
772	660	676	760	735	597	638	325	773	501	0	669	501	461	778	670	721	526	742	323	486	478	413	381	491	460	521	744	560	345	590	631	739	637	620	578	529	391	725	416	306	483	571	798	660	380	536	314	392	355	501	671	487	631	390	660	582	553	572	561	445	
692	366	509	598	383	378	566	476	427	471	669	0	646	538	373	571	402	752	537	622	397	329	349	799	632	569	489	622	682	358	391	649	356	561	478	643	483	420	676	428	541	346	771	764	435	762	762	513	690	611	533	727	769	387	535	486	561	394	633	580	447	
418	457	747	794	546	641	515	474	448	413	501	646	0	537	602	557	530	773	599	431	483	503	537	579	364	593	776	635	524	465	341	493	395	449	587	608	548	627	467	408	361	652	436	523	776	450	484	693	345	686	618	373	418	363	708	795	740	783	637	610	686	
775	501	619	381	349	414	628	427	424	554	461	538	537	0	301	636	690	358	340	539	370	400	761	577	389	415	463	632	793	767	530	637	383	616	601	615	606	492	644	757	613	541	312	322	466	552	675	753	393	411	666	777	567	778	622	492	761	370	379	457	715	
498	385	490	778	357	564	567	440	496	335	778	373	602	301	0	471	674	664	342	402	734	605	763	715	396	615	593	575	464	372	797	544	748	760	334	440	409	737	440	591	379	433	381	471	492	305	384	328	468	780	797	418	350	569	431	768	635	581	724	537	549	
419	662	312	479	688	407	519	375	742	417	670	571	557	636	471	0	698	707	341	586	433	317	764	531	759	404	491	431	681	760	731	774	704	499	699	303	420	337	610	475	552	589	476	741	583	459	525	771	751	597	576	745	486	461	632	395	779	622	597	540	355	
334	711	525	792	653	761	678	596	341	469	721	402	530	690	674	698	0	403	555	338	393	511	732	338	637	310	555	598	534	755	659	670	340	424	545	640	622	339	642	614	702	330	653	423	587	563	704	765	423	563	670	633	468	645	509	526	681	718	712	462	708	
662	555	375	342	737	662	330	774	565	522	526	752	773	358	664	707	403	0	747	321	517	622	406	719	783	781	479	687	369	386	524	610	337	511	311	449	396	533	744	784	623	555	412	407	320	426	323	651	745	375	730	628	615	558	614	722	374	402	792	436	549	
614	307	746	774	487	694	461	729	718	421	742	537	599	340	342	341	555	747	0	549	730	413	742	484	560	645	510	646	310	444	653	445	712	536	779	553	598	334	532	712	579	445	670	568	438	344	580	540	782	696	526	799	589	518	768	389	682	638	519	529	302	
788	437	528	462	309	496	479	665	370	739	323	622	431	539	402	586	338	321	549	0	308	604	640	624	721	368	684	621	606	462	351	456	631	328	509	720	484	403	521	798	794	475	439	530	621	783	538	494	784	730	680	528	539	755	431	382	502	440	681	483	787	
780	635	590	512	429	367	309	311	591	331	486	397	483	370	734	433	393	517	730	308	0	355	376	359	445	792	642	537	736	346	386	590	584	330	799	761	783	545	767	634	601	321	635	342	648	513	765	738	502	310	528	446	472	446	386	302	774	596	702	759	536	
685	536	566	761	727	560	481	750	384	409	478	329	503	400	605	317	511	622	413	604	355	0	635	427	630	627	496	336	429	300	742	595	670	768	582	424	509	744	444	422	690	405	721	439	542	349	761	594	344	302	447	713	713	556	324	483	787	659	571	640	501	
427	370	606	472	577	767	513	660	419	448	413	349	537	761	763	764	732	406	742	640	376	635	0	748	534	663	644	794	491	576	506	525	368	669	791	446	760	424	795	528	566	716	694	596	643	671	617	592	779	435	402	652	314	595	554	351	662	360	693	582	319	
414	772	727	769	569	693	780	751	773	541	381	799	579	577	715	531	338	719	484	624	359	427	748	0	558	700	361	411	578	642	576	733	710	454	789	625	354	310	506	702	525	366	627	741	792	572	622	479	534	350	787	659	533	309	573	797	460	585	639	477	705	
522	635	784	401	614	432	788	420	519	655	491	632	364	389	396	759	637	783	560	721	445	630	534	558	0	767	409	437	667	432	391	676	768	438	486	602	394	521	717	603	796	562	493	548	405	376	395	603	551	492	706	325	491	317	448	783	692	578	463	459	545	
623	650	325	376	510	302	708	662	304	368	460	569	593	415	615	404	310	781	645	368	792	627	663	700	767	0	609	509	422	638	572	474	612	681	517	662	417	762	595	478	481	700	524	497	723	690	659	675	546	372	367	354	752	642	712	595	395	594	563	634	348	
438	431	390	705	647	394	745	643	409	598	521	489	776	463	593	491	555	479	510	684	642	496	644	361	409	609	0	592	568	545	521	353	458	721	785	672	749	556	630	693	524	622	793	529	604	316	313	459	535	318	657	448	435	606	495	687	639	534	449	558	360	
400	787	506	595	765	602	385	776	695	579	744	622	635	632	575	431	598	687	646	621	537	336	794	411	437	509	592	0	604	492	774	567	374	626	791	495	525	406	716	651	666	491	382	577	420	566	488	481	631	723	762	525	645	417	474	435	563	773	776	725	616	
441	333	506	626	603	720	426	749	445	606	560	682	524	793	464	681	534	369	310	606	736	429	491	578	667	422	568	604	0	753	318	328	539	644	428	522	336	536	774	762	629	799	402	343	625	343	460	578	342	617	614	726	549	561	455	705	666	739	379	523	434	
408	653	319	319	709	311	346	764	743	699	345	358	465	767	372	760	755	386	444	462	346	300	576	642	432	638	545	492	753	0	674	723	454	501	470	459	735	490	389	406	580	525	491	366	559	686	412	706	467	607	389	689	590	481	757	426	481	676	734	709	500	
645	495	781	775	671	683	610	670	334	609	590	391	341	530	797	731	659	524	653	351	386	742	506	576	391	572	521	774	318	674	0	442	389	617	770	601	494	445	606	673	678	659	601	535	421	432	687	398	552	530	622	642	487	774	512	687	554	321	611	605	564	
463	618	496	300	695	795	643	516	754	435	631	649	493	637	544	774	670	610	445	456	590	595	525	733	676	474	353	567	328	723	442	0	303	598	703	601	607	350	661	353	710	429	693	376	623	369	784	497	333	362	660	728	544	457	337	333	598	573	646	752	443	
654	334	489	501	442	682	424	768	443	446	739	356	395	383	748	704	340	337	712	631	584	670	368	710	768	612	458	374	539	454	389	303	0	429	390	672	471	356	791	555	669	470	618	579	394	443	793	349	579	447	468	739	579	368	639	704	300	639	548	700	684	
767	588	455	547	453	303	668	561	626	378	637	561	449	616	760	499	424	511	536	328	330	768	669	454	438	681	721	626	644	501	617	598	429	0	782	453	553	540	463	652	647	377	559	707	376	742	510	776	439	318	488	521	679	402	799	378	797	524	612	478	635	
347	568	402	792	692	472	396	428	384	390	620	478	587	601	334	699	545	311	779	509	799	582	791	789	486	517	785	791	428	470	770	703	390	782	0	576	585	787	366	778	327	379	563	376	650	386	591	575	718	617	463	346	475	757	405	706	740	680	465	729	689	
428	675	529	748	545	698	557	456	474	735	578	643	608	615	440	303	640	449	553	720	761	424	446	625	602	662	672	495	522	459	601	601	672	453	576	0	494	776	550	497	763	406	682	552	498	478	333	551	458	321	500	770	551	486	311	669	503	656	457	433	528	
629	608	487	528	767	565	562	498	546	751	529	483	548	606	409	420	622	396	598	484	783	509	760	354	394	417	749	525	336	735	494	607	471	553	585	494	0	655	388	435	548	638	398	340	649	694	504	432	514	694	323	386	451	735	569	514	350	621	671	523	522	
736	664	713	701	517	390	733	677	778	338	391	420	627	492	737	337	339	533	334	403	545	744	424	310	521	762	556	406	536	490	445	350	356	540	787	776	655	0	782	389	355	468	416	548	391	542	562	687	302	400	344	358	430	412	696	504	404	405	377	560	691	
372	451	439	463	617	325	530	429	434	731	725	676	467	644	440	610	642	744	532	521	767	444	795	506	717	595	630	716	774	389	606	661	791	463	366	550	388	782	0	316	736	486	404	434	694	426	685	471	503	536	361	572	588	392	363	509	772	479	453	570	327	
706	747	668	668	403	546	722	358	437	711	416	428	408	757	591	475	614	784	712	798	634	422	528	702	603	478	693	651	762	406	673	353	555	652	778	497	435	389	316	0	638	703	424	558	419	641	643	710	584	374	437	728	326	476	645	380	325	609	425	528	577	
309	782	497	448	760	783	523	511	486	692	306	541	361	613	379	552	702	623	579	794	601	690	566	525	796	481	524	666	629	580	678	710	669	647	327	763	548	355	736	638	0	691	694	728	316	741	482	637	664	500	732	417	799	496	536	728	579	774	480	787	635	
343	381	417	600	530	799	592	445	574	787	483	346	652	541	433	589	330	555	445	475	321	405	716	366	562	700	622	491	799	525	659	429	470	377	379	406	638	468	486	703	691	0	400	513	699	301	355	603	439	795	433	743	532	668	311	792	557	480	708	598	615	
321	375	604	674	496	563	455	443	390	617	571	771	436	312	381	476	653	412	670	439	635	721	694	627	493	524	793	382	402	491	601	693	618	559	563	682	398	416	404	424	694	400	0	437	766	371	553	669	715	479	759	511	347	577	475	761	626	706	485	581	671	
474	490	578	689	782	412	393	328	453	395	798	764	523	322	471	741	423	407	568	530	342	439	596	741	548	497	529	577	343	366	535	376	579	707	376	552	340	548	434	558	728	513	437	0	409	632	357	708	727	309	563	314	637	588	407	618	781	700	639	408	418	
510	611	793	427	560	341	369	593	403	479	660	435	776	466	492	583	587	320	438	621	648	542	643	792	405	723	604	420	625	559	421	623	394	376	650	498	649	391	694	419	316	699	766	409	0	543	422	473	727	696	458	492	393	348	360	405	624	658	772	660	776	
795	572	507	642	783	347	733	519	666	558	380	762	450	552	305	459	563	426	344	783	513	349	671	572	376	690	316	566	343	686	432	369	443	742	386	478	694	542	426	641	741	301	371	632	543	0	350	671	516	537	751	526	361	615	480	545	579	628	794	374	708	
598	330	471	539	639	302	716	407	718	747	536	762	484	675	384	525	704	323	580	538	765	761	617	622	395	659	313	488	460	412	687	784	793	510	591	333	504	562	685	643	482	355	553	357	422	350	0	322	608	470	704	561	568	391	706	559	300	769	687	432	571	
383	713	654	376	666	487	794	643	473	479	314	513	693	753	328	771	765	651	540	494	738	594	592	479	603	675	459	481	578	706	398	497	349	776	575	551	432	687	471	710	637	603	669	708	473	671	322	0	485	523	395	494	406	643	420	467	796	501	434	799	352	
719	331	519	514	333	522	304	610	657	712	392	690	345	393	468	751	423	745	782	784	502	344	779	534	551	546	535	631	342	467	552	333	579	439	718	458	514	302	503	584	664	439	715	727	727	516	608	485	0	623	451	306	583	750	672	636	512	507	517	651	408	
542	419	744	500	624	471	377	408	431	732	355	611	686	411	780	597	563	375	696	730	310	302	435	350	492	372	318	723	617	607	530	362	447	318	617	321	694	400	536	374	500	795	479	309	696	537	470	523	623	0	780	325	513	382	682	557	410	670	727	445	782	
377	653	617	406	730	471	323	681	737	486	501	533	618	666	797	576	670	730	526	680	528	447	402	787	706	367	657	762	614	389	622	660	468	488	463	500	323	344	361	437	732	433	759	563	458	751	704	395	451	780	0	441	600	775	540	529	595	752	608	776	480	
416	649	340	600	438	730	336	325	459	750	671	727	373	777	418	745	633	628	799	528	446	713	652	659	325	354	448	525	726	689	642	728	739	521	346	770	386	358	572	728	417	743	511	314	492	526	561	494	306	325	441	0	483	565	500	767	365	480	665	703	349	
511	452	727	453	684	600	575	495	340	378	487	769	418	567	350	486	468	615	589	539	472	713	314	533	491	752	435	645	549	590	487	544	579	679	475	551	451	430	588	326	799	532	347	637	393	361	568	406	583	513	600	483	0	645	434	654	531	497	664	522	776	
646	602	410	459	631	363	569	475	472	475	631	387	363	778	569	461	645	558	518	755	446	556	595	309	317	642	606	417	561	481	774	457	368	402	757	486	735	412	392	476	496	668	577	588	348	615	391	643	750	382	775	565	645	0	562	673	437	501	380	326	373	
482	471	569	350	425	567	359	726	532	349	390	535	708	622	431	632	509	614	768	431	386	324	554	573	448	712	495	474	455	757	512	337	639	799	405	311	569	696	363	645	536	311	475	407	360	480	706	420	672	682	540	500	434	562	0	755	448	550	639	407	349	
487	600	613	604	741	355	563	653	545	451	660	486	795	492	768	395	526	722	389	382	302	483	351	797	783	595	687	435	705	426	687	333	704	378	706	669	514	504	509	380	728	792	761	618	405	545	559	467	636	557	529	767	654	673	755	0	401	668	348	600	662	
378	643	444	623	351	610	442	551	357	339	582	561	740	761	635	779	681	374	682	502	774	787	662	460	692	395	639	563	666	481	554	598	300	797	740	503	350	404	772	325	579	557	626	781	624	579	300	796	512	410	595	365	531	437	448	401	0	356	471	663	503	
763	687	412	439	382	540	651	536	427	516	553	394	783	370	581	622	718	402	638	440	596	659	360	585	578	594	534	773	739	676	321	573	639	524	680	656	621	405	479	609	774	480	706	700	658	628	769	501	507	670	752	480	497	501	550	668	356	0	591	714	708	
408	364	343	372	431	412	562	685	403	777	572	633	637	379	724	597	712	792	519	681	702	571	693	639	463	563	449	776	379	734	611	646	548	612	465	457	671	377	453	425	480	708	485	639	772	794	687	434	517	727	608	665	664	380	639	348	471	591	0	769	416	
540	420	672	676	717	511	443	512	654	792	561	580	610	457	537	540	462	436	529	483	759	640	582	477	459	634	558	725	523	709	605	752	700	478	729	433	523	560	570	528	787	598	581	408	660	374	432	799	651	445	776	703	522	326	407	600	663	714	769	0	455	
697	590	561	528	712	709	440	322	781	707	445	447	686	715	549	355	708	549	302	787	536	501	319	705	545	348	360	616	434	500	564	443	684	635	689	528	522	691	327	577	635	615	671	418	776	708	571	352	408	782	480	349	776	373	349	662	503	708	416	455	0	
etats
Id_Station	Poids W	Min (P)	WSPT	Priorité	
1	4	300	33,33	1	
2	1	300	33,33	2	
3	1	301	33,44	3	
4	5	303	33,67	4	
5	2	306	34,00	5	
6	2	309	34,33	6	
7	9	311	34,56	7	
8	8	316	35,11	8	
9	7	325	36,11	9	
10	6	303	37,88	10	
11	8	304	38,00	11	
12	1	306	38,25	12	
13	5	307	38,38	13	
14	2	300	42,86	14	
15	7	300	42,86	15	
16	1	303	43,29	16	
17	7	303	43,29	17	
18	1	304	43,43	18	
19	6	304	43,43	19	
20	4	305	43,57	20	
21	5	307	43,86	21	
22	6	307	43,86	22	
23	4	309	44,14	23	
24	6	318	45,43	24	
25	6	300	50,00	25	
26	8	303	50,50	26	
27	4	305	50,83	27	
28	1	309	51,50	28	
29	1	314	52,33	29	
30	3	301	60,20	30	
31	8	310	62,00	31	
32	8	311	62,20	32	
33	3	312	62,40	33	
34	4	300	75,00	34	
35	8	314	78,50	35	
36	9	302	100,67	36	
37	7	302	100,67	37	
38	5	309	103,00	38	
39	2	303	151,50	39	
40	4	305	152,50	40	
41	5	306	153,00	41	
42	7	307	153,50	42	
43	8	318	159,00	43	
44	1	300	300,00	44	
45	9	301	301,00	45	
46	5	302	302,00	46	
47	1	302	302,00	47	
48	9	304	304,00	48	
49	1	304	304,00	49	
50	9	308	308,00	50	
51	8	310	310,00	51	
52	9	311	311,00	52	
53	4	311	311,00	53	
54	6	312	312,00	54	
55	5	314	314,00	55	
56	7	317	317,00	56	
57	6	326	326,00	57	
58	5	327	327,00	58	
59	2	329	329,00	59	
60	2	340	340,00	60	

