distances
0	465	331	469	446	454	561	730	500	359	426	464	769	623	666	428	453	706	777	619	791	542	359	631	510	450	429	399	762	340	687	586	657	740	702	492	462	593	359	687	455	330	344	536	590	402	348	446	626	495	572	619	732	331	566	337	421	592	531	343	494	
465	0	681	682	660	707	713	741	306	707	475	534	526	494	790	702	554	628	502	413	475	721	685	679	348	762	513	644	424	581	712	346	407	466	630	715	611	359	358	658	426	480	745	741	419	382	530	578	373	340	659	394	600	503	394	618	396	587	703	584	637	
331	681	0	394	634	631	768	449	309	528	785	643	624	429	730	413	693	481	337	722	664	432	430	620	571	535	302	577	368	474	565	647	654	579	522	321	499	490	449	501	735	730	345	652	550	524	764	500	687	330	688	555	384	698	487	625	364	659	325	480	746	
469	682	394	0	708	555	436	397	521	685	684	664	312	440	778	606	747	381	634	713	607	672	763	399	601	310	508	657	453	506	668	421	792	718	332	326	593	725	457	497	385	337	792	338	652	571	552	407	608	423	437	643	633	724	755	367	768	517	587	698	417	
446	660	634	708	0	708	333	508	464	409	542	674	393	687	773	794	447	603	494	667	636	351	550	451	594	746	681	431	580	696	317	337	717	483	342	461	666	408	625	491	554	726	396	544	390	627	606	753	772	467	446	524	514	799	703	370	715	405	588	476	316	
454	707	631	555	708	0	669	438	496	653	775	769	584	535	579	745	650	503	784	599	498	739	507	722	376	763	528	786	767	446	320	604	788	449	710	366	714	619	670	753	725	520	567	748	562	748	655	795	770	469	463	402	382	559	388	421	796	412	570	422	345	
561	713	768	436	333	669	0	330	455	694	359	790	415	773	535	752	337	734	769	708	375	690	376	368	603	350	319	652	734	572	342	593	345	654	403	732	674	357	318	719	566	618	545	450	626	349	472	652	350	481	518	401	504	588	338	301	522	642	534	399	643	
730	741	449	397	508	438	330	0	442	620	611	550	550	434	531	604	601	433	734	679	556	338	337	417	469	648	432	562	367	592	435	300	647	398	422	382	386	781	714	359	304	475	401	736	714	668	457	572	402	462	611	372	793	397	679	726	722	372	740	518	787	
500	306	309	521	464	496	455	442	0	788	722	686	608	662	727	444	305	312	767	305	424	328	374	474	535	725	400	768	523	412	431	679	497	464	632	621	467	319	751	349	549	467	332	320	650	473	449	589	325	482	777	721	390	755	333	736	796	384	552	305	561	
359	707	528	685	409	653	694	620	788	0	421	776	464	494	651	667	337	636	774	328	377	581	479	745	560	546	351	422	686	676	774	319	681	580	729	585	798	626	789	465	303	604	628	613	460	585	437	426	517	712	480	446	596	646	301	356	754	479	703	338	752	
426	475	785	684	542	775	359	611	722	421	0	649	507	483	416	769	387	527	580	621	514	652	534	374	675	506	736	468	373	510	479	784	575	353	641	721	793	400	538	386	571	325	529	667	431	300	545	621	448	753	404	403	637	440	798	313	310	436	460	743	316	
464	534	643	664	674	769	790	550	686	776	649	0	363	356	342	520	764	352	714	364	302	310	519	451	438	451	626	451	529	479	752	718	305	432	338	750	516	522	661	502	575	613	441	752	346	780	399	670	498	628	612	592	725	762	348	634	562	649	359	317	585	
769	526	624	312	393	584	415	550	608	464	507	363	0	634	443	380	329	415	445	544	711	701	393	658	731	301	752	437	479	414	306	594	640	725	730	628	714	304	594	581	382	528	749	591	539	484	691	584	431	633	780	632	570	543	354	387	557	430	577	515	746	
623	494	429	440	687	535	773	434	662	494	483	356	634	0	429	538	732	505	554	670	667	350	367	569	378	472	744	410	672	310	371	530	684	375	731	483	459	635	796	443	668	535	734	772	728	608	471	454	648	758	469	737	642	780	706	531	461	312	408	623	454	
666	790	730	778	773	579	535	531	727	651	416	342	443	429	0	515	632	674	475	399	531	476	419	379	656	739	780	477	619	364	419	577	429	752	382	314	716	715	507	345	413	355	638	310	346	325	489	739	543	315	423	666	507	612	359	459	585	665	497	559	648	
428	702	413	606	794	745	752	604	444	667	769	520	380	538	515	0	650	736	676	676	428	527	421	639	513	329	677	458	446	568	596	620	716	642	740	486	743	368	777	302	539	364	491	421	403	665	518	335	655	602	305	659	738	393	515	676	653	364	391	715	332	
453	554	693	747	447	650	337	601	305	337	387	764	329	732	632	650	0	327	651	332	392	640	689	558	576	526	465	688	430	737	506	753	546	322	465	795	737	427	399	333	735	525	748	758	362	351	339	305	524	791	713	418	609	637	622	711	598	308	320	673	457	
706	628	481	381	603	503	734	433	312	636	527	352	415	505	674	736	327	0	635	380	363	696	575	684	753	535	664	505	795	570	647	414	685	650	714	638	537	451	545	477	514	653	549	459	628	539	771	530	791	317	419	735	643	303	735	597	433	724	748	420	587	
777	502	337	634	494	784	769	734	767	774	580	714	445	554	475	676	651	635	0	727	406	664	480	469	336	622	647	369	424	528	753	659	413	778	553	452	652	364	375	681	748	737	435	586	660	384	439	726	657	759	370	700	714	518	564	797	641	790	794	352	555	
619	413	722	713	667	599	708	679	305	328	621	364	544	670	399	676	332	380	727	0	337	593	622	480	583	719	300	419	472	773	745	572	461	499	552	509	424	405	340	555	754	514	672	644	625	467	585	411	535	331	545	358	665	335	661	538	684	714	736	725	668	
791	475	664	607	636	498	375	556	424	377	514	302	711	667	531	428	392	363	406	337	0	527	743	349	430	742	585	315	360	311	643	748	561	478	481	663	584	452	342	477	468	425	538	325	507	303	709	597	340	590	304	346	335	372	478	735	559	568	309	616	479	
542	721	432	672	351	739	690	338	328	581	652	310	701	350	476	527	640	696	664	593	527	0	566	402	731	798	339	361	789	588	408	566	519	756	679	349	531	513	639	389	725	517	667	453	384	541	355	614	715	384	481	318	458	594	505	465	443	553	490	778	359	
359	685	430	763	550	507	376	337	374	479	534	519	393	367	419	421	689	575	480	622	743	566	0	689	711	432	528	388	595	432	320	587	339	654	527	385	545	723	486	480	678	650	671	317	378	574	680	725	507	679	522	475	596	448	589	577	765	374	717	491	575	
631	679	620	399	451	722	368	417	474	745	374	451	658	569	379	639	558	684	469	480	349	402	689	0	767	480	695	355	533	386	452	638	504	358	730	379	644	442	537	548	553	750	541	798	787	479	389	555	663	781	765	320	489	759	731	559	635	384	652	717	321	
510	348	571	601	594	376	603	469	535	560	675	438	731	378	656	513	576	753	336	583	430	731	711	767	0	763	486	326	392	799	732	725	627	382	646	344	362	520	526	739	795	724	619	797	422	720	754	735	398	334	669	354	348	599	790	550	497	322	578	622	572	
450	762	535	310	746	763	350	648	725	546	506	451	301	472	739	329	526	535	622	719	742	798	432	480	763	0	691	681	492	420	713	407	595	574	745	510	399	610	613	554	760	463	616	798	401	377	458	413	627	407	558	756	501	411	478	327	512	328	505	347	462	
429	513	302	508	681	528	319	432	400	351	736	626	752	744	780	677	465	664	647	300	585	339	528	695	486	691	0	376	345	519	733	738	444	368	635	783	374	694	641	349	494	547	664	341	477	565	408	451	486	756	423	450	723	331	467	527	576	616	759	387	749	
399	644	577	657	431	786	652	562	768	422	468	451	437	410	477	458	688	505	369	419	315	361	388	355	326	681	376	0	659	399	352	540	732	558	447	744	419	376	658	309	442	645	702	603	705	539	340	529	418	316	606	791	640	541	638	502	449	415	723	560	445	
762	424	368	453	580	767	734	367	523	686	373	529	479	672	619	446	430	795	424	472	360	789	595	533	392	492	345	659	0	415	565	336	678	431	420	305	747	542	761	667	681	764	577	578	384	436	511	551	455	509	614	353	606	577	580	445	607	511	441	558	383	
340	581	474	506	696	446	572	592	412	676	510	479	414	310	364	568	737	570	528	773	311	588	432	386	799	420	519	399	415	0	787	794	593	520	331	782	637	438	569	312	534	584	682	757	436	407	589	318	711	497	595	786	629	769	624	442	689	693	651	652	606	
687	712	565	668	317	320	342	435	431	774	479	752	306	371	419	596	506	647	753	745	643	408	320	452	732	713	733	352	565	787	0	712	525	566	419	494	524	393	508	451	618	366	359	336	459	727	306	606	745	531	682	317	451	545	707	335	521	484	497	554	462	
586	346	647	421	337	604	593	300	679	319	784	718	594	530	577	620	753	414	659	572	748	566	587	638	725	407	738	540	336	794	712	0	467	439	464	505	568	679	576	300	600	628	703	398	754	635	511	628	356	471	310	588	515	368	515	475	607	738	517	579	624	
657	407	654	792	717	788	345	647	497	681	575	305	640	684	429	716	546	685	413	461	561	519	339	504	627	595	444	732	678	593	525	467	0	537	572	668	673	792	374	379	667	347	360	549	468	650	508	363	773	780	339	444	724	497	506	764	516	733	729	621	502	
740	466	579	718	483	449	654	398	464	580	353	432	725	375	752	642	322	650	778	499	478	756	654	358	382	574	368	558	431	520	566	439	537	0	595	441	362	318	398	410	790	506	792	706	771	674	786	304	380	541	614	464	389	681	488	641	401	523	572	338	620	
702	630	522	332	342	710	403	422	632	729	641	338	730	731	382	740	465	714	553	552	481	679	527	730	646	745	635	447	420	331	419	464	572	595	0	568	406	479	659	479	585	731	332	593	669	437	471	409	471	619	605	429	498	368	527	733	322	560	462	383	584	
492	715	321	326	461	366	732	382	621	585	721	750	628	483	314	486	795	638	452	509	663	349	385	379	344	510	783	744	305	782	494	505	668	441	568	0	758	736	363	723	348	382	346	508	480	787	462	560	626	678	613	659	717	632	748	409	672	660	790	700	550	
462	611	499	593	666	714	674	386	467	798	793	516	714	459	716	743	737	537	652	424	584	531	545	644	362	399	374	419	747	637	524	568	673	362	406	758	0	759	627	619	567	701	462	438	786	620	449	382	417	669	665	326	749	383	348	512	679	735	755	608	495	
593	359	490	725	408	619	357	781	319	626	400	522	304	635	715	368	427	451	364	405	452	513	723	442	520	610	694	376	542	438	393	679	792	318	479	736	759	0	608	705	417	315	467	374	797	358	535	321	699	383	721	473	328	382	363	482	379	564	492	480	796	
359	358	449	457	625	670	318	714	751	789	538	661	594	796	507	777	399	545	375	340	342	639	486	537	526	613	641	658	761	569	508	576	374	398	659	363	627	608	0	689	524	432	661	649	405	320	688	775	719	341	594	340	366	661	459	585	670	395	558	594	573	
687	658	501	497	491	753	719	359	349	465	386	502	581	443	345	302	333	477	681	555	477	389	480	548	739	554	349	309	667	312	451	300	379	410	479	723	619	705	689	0	689	614	645	549	330	614	747	542	527	552	613	380	399	723	391	356	633	480	522	416	665	
455	426	735	385	554	725	566	304	549	303	571	575	382	668	413	539	735	514	748	754	468	725	678	553	795	760	494	442	681	534	618	600	667	790	585	348	567	417	524	689	0	475	670	689	657	606	765	427	383	520	525	560	665	457	719	501	463	684	747	437	592	
330	480	730	337	726	520	618	475	467	604	325	613	528	535	355	364	525	653	737	514	425	517	650	750	724	463	547	645	764	584	366	628	347	506	731	382	701	315	432	614	475	0	639	695	471	591	323	301	660	689	433	437	496	794	794	514	378	723	376	340	344	
344	745	345	792	396	567	545	401	332	628	529	441	749	734	638	491	748	549	435	672	538	667	671	541	619	616	664	702	577	682	359	703	360	792	332	346	462	467	661	645	670	639	0	470	503	589	736	608	346	751	459	585	565	492	680	515	659	671	344	438	793	
536	741	652	338	544	748	450	736	320	613	667	752	591	772	310	421	758	459	586	644	325	453	317	798	797	798	341	603	578	757	336	398	549	706	593	508	438	374	649	549	689	695	470	0	719	424	397	433	532	312	510	747	319	471	521	626	319	433	487	488	790	
590	419	550	652	390	562	626	714	650	460	431	346	539	728	346	403	362	628	660	625	507	384	378	787	422	401	477	705	384	436	459	754	468	771	669	480	786	797	405	330	657	471	503	719	0	581	678	442	367	676	300	700	741	704	350	702	448	339	385	724	559	
402	382	524	571	627	748	349	668	473	585	300	780	484	608	325	665	351	539	384	467	303	541	574	479	720	377	565	539	436	407	727	635	650	674	437	787	620	358	320	614	606	591	589	424	581	0	327	489	449	348	571	709	516	714	512	598	460	685	473	409	478	
348	530	764	552	606	655	472	457	449	437	545	399	691	471	489	518	339	771	439	585	709	355	680	389	754	458	408	340	511	589	306	511	508	786	471	462	449	535	688	747	765	323	736	397	678	327	0	737	341	416	763	766	675	318	679	643	753	419	716	595	511	
446	578	500	407	753	795	652	572	589	426	621	670	584	454	739	335	305	530	726	411	597	614	725	555	735	413	451	529	551	318	606	628	363	304	409	560	382	321	775	542	427	301	608	433	442	489	737	0	793	450	694	318	491	507	623	628	361	744	786	746	795	
626	373	687	608	772	770	350	402	325	517	448	498	431	648	543	655	524	791	657	535	340	715	507	663	398	627	486	418	455	711	745	356	773	380	471	626	417	699	719	527	383	660	346	532	367	449	341	793	0	619	764	587	369	680	331	472	480	462	331	679	739	
495	340	330	423	467	469	481	462	482	712	753	628	633	758	315	602	791	317	759	331	590	384	679	781	334	407	756	316	509	497	531	471	780	541	619	678	669	383	341	552	520	689	751	312	676	348	416	450	619	0	477	661	448	408	401	339	553	553	751	342	599	
572	659	688	437	446	463	518	611	777	480	404	612	780	469	423	305	713	419	370	545	304	481	522	765	669	558	423	606	614	595	682	310	339	614	605	613	665	721	594	613	525	433	459	510	300	571	763	694	764	477	0	392	387	337	307	305	370	712	588	619	368	
619	394	555	643	524	402	401	372	721	446	403	592	632	737	666	659	418	735	700	358	346	318	475	320	354	756	450	791	353	786	317	588	444	464	429	659	326	473	340	380	560	437	585	747	700	709	766	318	587	661	392	0	327	631	330	608	411	384	306	711	468	
732	600	384	633	514	382	504	793	390	596	637	725	570	642	507	738	609	643	714	665	335	458	596	489	348	501	723	640	606	629	451	515	724	389	498	717	749	328	366	399	665	496	565	319	741	516	675	491	369	448	387	327	0	750	783	512	753	577	565	754	573	
331	503	698	724	799	559	588	397	755	646	440	762	543	780	612	393	637	303	518	335	372	594	448	759	599	411	331	541	577	769	545	368	497	681	368	632	383	382	661	723	457	794	492	471	704	714	318	507	680	408	337	631	750	0	727	387	727	677	595	609	490	
566	394	487	755	703	388	338	679	333	301	798	348	354	706	359	515	622	735	564	661	478	505	589	731	790	478	467	638	580	624	707	515	506	488	527	748	348	363	459	391	719	794	680	521	350	512	679	623	331	401	307	330	783	727	0	380	637	307	788	528	748	
337	618	625	367	370	421	301	726	736	356	313	634	387	531	459	676	711	597	797	538	735	465	577	559	550	327	527	502	445	442	335	475	764	641	733	409	512	482	585	356	501	514	515	626	702	598	643	628	472	339	305	608	512	387	380	0	630	528	657	796	496	
421	396	364	768	715	796	522	722	796	754	310	562	557	461	585	653	598	433	641	684	559	443	765	635	497	512	576	449	607	689	521	607	516	401	322	672	679	379	670	633	463	378	659	319	448	460	753	361	480	553	370	411	753	727	637	630	0	466	461	540	592	
592	587	659	517	405	412	642	372	384	479	436	649	430	312	665	364	308	724	790	714	568	553	374	384	322	328	616	415	511	693	484	738	733	523	560	660	735	564	395	480	684	723	671	433	339	685	419	744	462	553	712	384	577	677	307	528	466	0	311	340	553	
531	703	325	587	588	570	534	740	552	703	460	359	577	408	497	391	320	748	794	736	309	490	717	652	578	505	759	723	441	651	497	517	729	572	462	790	755	492	558	522	747	376	344	487	385	473	716	786	331	751	588	306	565	595	788	657	461	311	0	553	553	
343	584	480	698	476	422	399	518	305	338	743	317	515	623	559	715	673	420	352	725	616	778	491	717	622	347	387	560	558	652	554	579	621	338	383	700	608	480	594	416	437	340	438	488	724	409	595	746	679	342	619	711	754	609	528	796	540	340	553	0	688	
494	637	746	417	316	345	643	787	561	752	316	585	746	454	648	332	457	587	555	668	479	359	575	321	572	462	749	445	383	606	462	624	502	620	584	550	495	796	573	665	592	344	793	790	559	478	511	795	739	599	368	468	573	490	748	496	592	553	553	688	0	
etats
Id_Station	Poids W	Min (P)	WSPT	Priorité	
1	1	303	33,67	1	
2	5	303	33,67	2	
3	3	304	33,78	3	
4	5	308	34,22	4	
5	5	310	34,44	5	
6	9	312	34,67	6	
7	6	300	37,50	7	
8	3	305	38,13	8	
9	1	305	38,13	9	
10	2	311	38,88	10	
11	7	331	41,38	11	
12	2	300	42,86	12	
13	2	303	43,29	13	
14	6	304	43,43	14	
15	7	305	43,57	15	
16	8	305	43,57	16	
17	8	307	43,86	17	
18	6	308	44,00	18	
19	4	301	50,17	19	
20	8	303	50,50	20	
21	6	304	50,67	21	
22	5	304	50,67	22	
23	7	308	51,33	23	
24	1	308	51,33	24	
25	9	310	51,67	25	
26	6	311	51,83	26	
27	5	314	52,33	27	
28	5	316	52,67	28	
29	1	303	60,60	29	
30	1	305	61,00	30	
31	6	315	63,00	31	
32	1	319	63,80	32	
33	4	331	66,20	33	
34	1	300	75,00	34	
35	2	303	75,75	35	
36	2	305	76,25	36	
37	8	306	76,50	37	
38	9	307	76,75	38	
39	1	307	76,75	39	
40	2	309	77,25	40	
41	9	309	77,25	41	
42	9	314	78,50	42	
43	2	303	101,00	43	
44	3	305	101,67	44	
45	9	305	101,67	45	
46	1	306	102,00	46	
47	3	310	103,33	47	
48	2	312	104,00	48	
49	6	319	106,33	49	
50	2	357	119,00	50	
51	9	301	150,50	51	
52	9	305	152,50	52	
53	1	309	154,50	53	
54	1	300	300,00	54	
55	1	303	303,00	55	
56	8	305	305,00	56	
57	4	307	307,00	57	
58	9	308	308,00	58	
59	1	310	310,00	59	
60	9	317	317,00	60	

