distances
0	747	644	721	488	671	704	764	437	524	442	392	305	581	634	597	610	698	576	585	368	307	788	476	385	635	369	616	655	496	721	798	449	789	698	623	523	732	774	466	680	525	746	486	401	619	731	519	327	542	469	365	404	686	776	749	751	710	317	345	591	
747	0	773	763	602	716	470	528	631	681	692	601	740	436	724	575	799	665	359	742	451	530	676	758	305	383	706	531	365	794	480	521	324	670	436	515	542	734	320	684	722	479	332	371	386	337	651	572	594	306	691	547	486	554	733	379	747	717	624	455	767	
644	773	0	775	484	599	452	620	306	432	399	387	516	614	625	683	683	721	322	604	755	763	522	357	734	545	769	785	741	537	725	425	512	527	504	352	312	339	730	610	416	337	383	637	672	567	540	758	659	788	437	462	619	582	798	734	567	776	756	768	734	
721	763	775	0	797	657	349	421	622	321	319	357	768	540	743	332	437	381	380	735	682	724	529	762	652	468	635	645	614	455	685	629	612	304	561	773	385	613	327	491	383	559	769	562	351	753	745	325	760	386	326	747	616	680	559	503	479	770	784	703	301	
488	602	484	797	0	746	459	490	784	464	626	404	309	528	512	436	425	735	623	506	325	610	355	447	745	545	584	492	578	516	434	786	525	492	413	438	352	311	416	757	602	644	615	418	352	784	683	572	655	401	503	320	370	793	695	364	522	473	494	435	387	
671	716	599	657	746	0	524	582	343	611	663	765	432	787	323	495	598	703	577	490	726	738	400	674	654	476	450	684	721	592	734	758	512	375	425	799	459	413	456	455	545	405	358	356	570	641	424	418	716	727	566	609	766	426	465	344	659	470	785	446	301	
704	470	452	349	459	524	0	525	650	783	411	306	326	607	729	732	441	350	311	427	635	499	766	361	584	780	348	742	535	356	549	782	410	417	597	681	593	569	330	425	584	599	651	522	779	356	659	326	402	331	542	421	332	650	328	786	634	572	497	441	610	
764	528	620	421	490	582	525	0	403	754	657	583	632	431	577	381	691	753	307	504	744	659	445	651	755	450	730	553	521	432	378	388	643	570	334	604	643	649	550	495	437	641	735	571	492	410	504	688	370	706	397	740	758	457	659	419	597	601	353	339	375	
437	631	306	622	784	343	650	403	0	731	446	543	403	342	753	369	516	357	662	559	324	714	631	737	700	578	323	374	703	582	525	343	599	355	524	544	376	463	347	376	481	373	450	326	416	439	315	387	735	586	696	598	404	646	557	377	385	648	439	738	404	
524	681	432	321	464	611	783	754	731	0	493	691	639	510	709	623	718	686	756	626	560	373	509	614	601	324	591	669	627	749	567	625	708	348	443	742	447	326	647	726	520	588	465	481	784	489	552	793	707	473	627	475	615	606	402	694	681	417	462	313	748	
442	692	399	319	626	663	411	657	446	493	0	500	614	535	752	521	547	796	373	344	703	798	695	717	486	552	538	592	418	414	718	767	630	515	357	644	614	470	699	687	667	338	319	785	660	479	629	490	645	537	633	430	400	366	766	307	600	512	359	728	638	
392	601	387	357	404	765	306	583	543	691	500	0	319	345	696	433	393	570	383	488	582	657	574	729	323	724	515	400	529	796	772	591	531	567	665	585	644	675	478	645	544	622	507	796	772	566	674	397	636	632	376	375	552	438	798	694	645	739	566	502	494	
305	740	516	768	309	432	326	632	403	639	614	319	0	530	547	651	616	482	439	626	443	501	373	351	485	649	493	615	747	408	380	534	321	599	654	465	569	753	404	375	426	449	746	361	435	383	530	382	606	331	519	672	311	797	544	783	572	365	567	422	639	
581	436	614	540	528	787	607	431	342	510	535	345	530	0	469	402	772	312	654	613	786	745	439	540	740	641	528	782	614	622	491	799	596	604	527	525	692	363	529	616	340	605	717	693	425	488	372	422	760	419	756	670	635	335	355	759	523	452	743	611	493	
634	724	625	743	512	323	729	577	753	709	752	696	547	469	0	512	419	528	696	573	415	428	347	434	461	382	347	671	339	460	529	618	720	730	637	588	752	681	436	559	521	762	770	348	327	518	557	413	792	644	355	453	628	708	362	712	480	326	794	528	403	
597	575	683	332	436	495	732	381	369	623	521	433	651	402	512	0	585	711	458	622	580	590	699	754	438	422	709	533	493	373	308	540	710	333	753	744	781	738	651	690	584	729	787	743	547	307	593	314	703	525	334	498	611	368	753	551	609	470	737	537	649	
610	799	683	437	425	598	441	691	516	718	547	393	616	772	419	585	0	604	700	656	665	750	791	791	716	517	732	730	304	569	707	401	480	674	538	753	488	309	724	510	751	482	731	624	534	659	539	773	420	705	495	313	357	425	429	684	701	768	604	316	706	
698	665	721	381	735	703	350	753	357	686	796	570	482	312	528	711	604	0	531	399	467	518	588	506	587	767	717	418	517	544	607	788	352	625	364	638	576	664	363	633	400	446	719	330	629	665	351	477	516	651	709	528	552	755	453	468	457	459	314	400	411	
576	359	322	380	623	577	311	307	662	756	373	383	439	654	696	458	700	531	0	572	750	329	567	618	771	521	498	749	609	576	326	500	720	779	521	511	478	449	714	539	647	575	494	418	684	539	349	375	434	404	647	707	313	327	620	394	541	718	380	519	446	
585	742	604	735	506	490	427	504	559	626	344	488	626	613	573	622	656	399	572	0	364	556	776	661	591	738	528	791	673	334	341	328	530	451	612	566	746	729	748	713	536	361	684	564	792	778	408	370	301	409	605	792	632	455	714	529	343	387	517	563	656	
368	451	755	682	325	726	635	744	324	560	703	582	443	786	415	580	665	467	750	364	0	553	699	544	711	708	744	476	377	789	472	336	548	791	403	365	408	520	629	420	376	412	751	442	692	309	734	592	421	666	651	510	489	727	472	621	741	452	470	475	494	
307	530	763	724	610	738	499	659	714	373	798	657	501	745	428	590	750	518	329	556	553	0	333	779	334	312	398	656	773	367	517	484	316	630	337	410	604	693	779	577	417	618	637	552	302	395	673	733	430	484	707	462	397	636	343	382	735	411	332	625	386	
788	676	522	529	355	400	766	445	631	509	695	574	373	439	347	699	791	588	567	776	699	333	0	677	772	716	551	397	659	665	354	776	518	352	693	401	537	767	683	316	514	350	636	332	578	730	323	468	635	707	340	570	457	611	661	386	540	468	459	302	601	
476	758	357	762	447	674	361	651	737	614	717	729	351	540	434	754	791	506	618	661	544	779	677	0	799	342	745	573	518	326	510	666	555	431	723	728	551	726	707	316	533	644	377	609	794	354	675	302	657	479	700	395	539	361	524	788	780	690	425	464	309	
385	305	734	652	745	654	584	755	700	601	486	323	485	740	461	438	716	587	771	591	711	334	772	799	0	639	652	780	627	773	676	307	469	383	411	520	758	353	567	488	670	385	762	588	456	486	592	427	611	656	783	313	386	454	772	630	615	599	438	699	457	
635	383	545	468	545	476	780	450	578	324	552	724	649	641	382	422	517	767	521	738	708	312	716	342	639	0	520	639	651	349	383	445	723	533	499	679	543	775	557	587	581	574	405	543	410	313	576	560	743	590	542	435	599	775	595	522	747	669	713	485	591	
369	706	769	635	584	450	348	730	323	591	538	515	493	528	347	709	732	717	498	528	744	398	551	745	652	520	0	543	478	501	747	496	619	340	382	640	527	767	453	716	557	571	509	497	708	396	405	300	326	336	763	364	558	354	729	359	480	594	383	317	656	
616	531	785	645	492	684	742	553	374	669	592	400	615	782	671	533	730	418	749	791	476	656	397	573	780	639	543	0	663	472	693	753	305	656	568	325	356	620	319	566	397	705	606	565	685	569	331	429	411	705	333	728	710	783	380	548	658	522	695	338	583	
655	365	741	614	578	721	535	521	703	627	418	529	747	614	339	493	304	517	609	673	377	773	659	518	627	651	478	663	0	471	689	742	643	745	517	745	555	617	314	357	535	669	740	417	376	301	711	624	335	762	371	441	471	376	482	546	634	411	311	401	591	
496	794	537	455	516	592	356	432	582	749	414	796	408	622	460	373	569	544	576	334	789	367	665	326	773	349	501	472	471	0	577	475	401	725	568	563	737	605	783	433	710	463	789	732	324	462	557	511	307	498	344	740	692	648	496	474	480	417	785	502	406	
721	480	725	685	434	734	549	378	525	567	718	772	380	491	529	308	707	607	326	341	472	517	354	510	676	383	747	693	689	577	0	446	503	711	663	309	428	605	697	657	706	788	560	699	547	462	667	714	567	638	798	355	774	433	467	727	383	558	579	783	553	
798	521	425	629	786	758	782	388	343	625	767	591	534	799	618	540	401	788	500	328	336	484	776	666	307	445	496	753	742	475	446	0	370	517	430	608	779	428	776	605	723	581	652	768	772	690	683	584	410	478	363	368	446	337	419	323	527	745	670	461	503	
449	324	512	612	525	512	410	643	599	708	630	531	321	596	720	710	480	352	720	530	548	316	518	555	469	723	619	305	643	401	503	370	0	577	511	663	615	549	780	528	577	617	725	569	586	718	504	792	484	574	354	315	599	763	437	567	416	632	430	395	683	
789	670	527	304	492	375	417	570	355	348	515	567	599	604	730	333	674	625	779	451	791	630	352	431	383	533	340	656	745	725	711	517	577	0	718	418	672	615	691	438	598	317	374	631	584	548	594	416	344	343	705	463	513	510	519	534	547	788	603	532	666	
698	436	504	561	413	425	597	334	524	443	357	665	654	527	637	753	538	364	521	612	403	337	693	723	411	499	382	568	517	568	663	430	511	718	0	545	689	684	517	777	341	532	514	393	394	559	502	466	409	586	596	494	622	497	384	459	337	368	505	799	598	
623	515	352	773	438	799	681	604	544	742	644	585	465	525	588	744	753	638	511	566	365	410	401	728	520	679	640	325	745	563	309	608	663	418	545	0	321	350	515	606	620	751	671	590	753	301	322	685	567	429	424	409	359	317	377	366	324	766	750	641	517	
523	542	312	385	352	459	593	643	376	447	614	644	569	692	752	781	488	576	478	746	408	604	537	551	758	543	527	356	555	737	428	779	615	672	689	321	0	391	451	659	330	758	715	338	698	720	778	587	468	679	491	425	405	476	325	645	694	648	333	642	524	
732	734	339	613	311	413	569	649	463	326	470	675	753	363	681	738	309	664	449	729	520	693	767	726	353	775	767	620	617	605	605	428	549	615	684	350	391	0	582	702	743	585	697	511	676	562	317	595	741	759	662	699	399	562	594	713	793	537	457	318	321	
774	320	730	327	416	456	330	550	347	647	699	478	404	529	436	651	724	363	714	748	629	779	683	707	567	557	453	319	314	783	697	776	780	691	517	515	451	582	0	691	376	757	363	314	392	370	690	728	347	407	629	507	621	731	357	486	704	785	658	482	713	
466	684	610	491	757	455	425	495	376	726	687	645	375	616	559	690	510	633	539	713	420	577	316	316	488	587	716	566	357	433	657	605	528	438	777	606	659	702	691	0	602	476	544	322	531	420	476	439	501	344	748	526	762	543	716	636	431	753	482	717	605	
680	722	416	383	602	545	584	437	481	520	667	544	426	340	521	584	751	400	647	536	376	417	514	533	670	581	557	397	535	710	706	723	577	598	341	620	330	743	376	602	0	365	456	759	363	610	323	658	466	567	541	396	636	342	612	718	687	484	346	504	423	
525	479	337	559	644	405	599	641	373	588	338	622	449	605	762	729	482	446	575	361	412	618	350	644	385	574	571	705	669	463	788	581	617	317	532	751	758	585	757	476	365	0	688	494	770	589	798	597	718	781	497	756	436	336	760	342	657	339	323	307	396	
746	332	383	769	615	358	651	735	450	465	319	507	746	717	770	787	731	719	494	684	751	637	636	377	762	405	509	606	740	789	560	652	725	374	514	671	715	697	363	544	456	688	0	426	625	321	530	544	451	761	532	518	588	417	482	650	419	424	731	318	662	
486	371	637	562	418	356	522	571	326	481	785	796	361	693	348	743	624	330	418	564	442	552	332	609	588	543	497	565	417	732	699	768	569	631	393	590	338	511	314	322	759	494	426	0	425	658	471	318	363	336	781	421	782	423	559	599	427	718	443	307	760	
401	386	672	351	352	570	779	492	416	784	660	772	435	425	327	547	534	629	684	792	692	302	578	794	456	410	708	685	376	324	547	772	586	584	394	753	698	676	392	531	363	770	625	425	0	402	487	488	687	594	789	797	619	434	350	699	480	681	535	667	367	
619	337	567	753	784	641	356	410	439	489	479	566	383	488	518	307	659	665	539	778	309	395	730	354	486	313	396	569	301	462	462	690	718	548	559	301	720	562	370	420	610	589	321	658	402	0	656	325	772	402	443	343	633	630	674	569	601	647	421	686	367	
731	651	540	745	683	424	659	504	315	552	629	674	530	372	557	593	539	351	349	408	734	673	323	675	592	576	405	331	711	557	667	683	504	594	502	322	778	317	690	476	323	798	530	471	487	656	0	768	679	704	578	511	530	689	715	487	448	793	437	330	606	
519	572	758	325	572	418	326	688	387	793	490	397	382	422	413	314	773	477	375	370	592	733	468	302	427	560	300	429	624	511	714	584	792	416	466	685	587	595	728	439	658	597	544	318	488	325	768	0	665	777	582	489	537	436	643	790	661	639	471	429	324	
327	594	659	760	655	716	402	370	735	707	645	636	606	760	792	703	420	516	434	301	421	430	635	657	611	743	326	411	335	307	567	410	484	344	409	567	468	741	347	501	466	718	451	363	687	772	679	665	0	507	464	669	593	663	369	394	573	507	446	586	678	
542	306	788	386	401	727	331	706	586	473	537	632	331	419	644	525	705	651	404	409	666	484	707	479	656	590	336	705	762	498	638	478	574	343	586	429	679	759	407	344	567	781	761	336	594	402	704	777	507	0	483	378	498	440	439	516	566	327	527	677	560	
469	691	437	326	503	566	542	397	696	627	633	376	519	756	355	334	495	709	647	605	651	707	340	700	783	542	763	333	371	344	798	363	354	705	596	424	491	662	629	748	541	497	532	781	789	443	578	582	464	483	0	716	386	737	527	679	598	478	622	639	314	
365	547	462	747	320	609	421	740	598	475	430	375	672	670	453	498	313	528	707	792	510	462	570	395	313	435	364	728	441	740	355	368	315	463	494	409	425	699	507	526	396	756	518	421	797	343	511	489	669	378	716	0	750	713	643	540	684	478	504	428	382	
404	486	619	616	370	766	332	758	404	615	400	552	311	635	628	611	357	552	313	632	489	397	457	539	386	599	558	710	471	692	774	446	599	513	622	359	405	399	621	762	636	436	588	782	619	633	530	537	593	498	386	750	0	726	570	374	519	484	670	430	340	
686	554	582	680	793	426	650	457	646	606	366	438	797	335	708	368	425	755	327	455	727	636	611	361	454	775	354	783	376	648	433	337	763	510	497	317	476	562	731	543	342	336	417	423	434	630	689	436	663	440	737	713	726	0	555	709	308	520	355	482	580	
776	733	798	559	695	465	328	659	557	402	766	798	544	355	362	753	429	453	620	714	472	343	661	524	772	595	729	380	482	496	467	419	437	519	384	377	325	594	357	716	612	760	482	559	350	674	715	643	369	439	527	643	570	555	0	725	652	315	674	690	393	
749	379	734	503	364	344	786	419	377	694	307	694	783	759	712	551	684	468	394	529	621	382	386	788	630	522	359	548	546	474	727	323	567	534	459	366	645	713	486	636	718	342	650	599	699	569	487	790	394	516	679	540	374	709	725	0	756	309	593	675	770	
751	747	567	479	522	659	634	597	385	681	600	645	572	523	480	609	701	457	541	343	741	735	540	780	615	747	480	658	634	480	383	527	416	547	337	324	694	793	704	431	687	657	419	427	480	601	448	661	573	566	598	684	519	308	652	756	0	657	423	732	724	
710	717	776	770	473	470	572	601	648	417	512	739	365	452	326	470	768	459	718	387	452	411	468	690	599	669	594	522	411	417	558	745	632	788	368	766	648	537	785	753	484	339	424	718	681	647	793	639	507	327	478	478	484	520	315	309	657	0	679	653	744	
317	624	756	784	494	785	497	353	439	462	359	566	567	743	794	737	604	314	380	517	470	332	459	425	438	713	383	695	311	785	579	670	430	603	505	750	333	457	658	482	346	323	731	443	535	421	437	471	446	527	622	504	670	355	674	593	423	679	0	560	718	
345	455	768	703	435	446	441	339	738	313	728	502	422	611	528	537	316	400	519	563	475	625	302	464	699	485	317	338	401	502	783	461	395	532	799	641	642	318	482	717	504	307	318	307	667	686	330	429	586	677	639	428	430	482	690	675	732	653	560	0	533	
591	767	734	301	387	301	610	375	404	748	638	494	639	493	403	649	706	411	446	656	494	386	601	309	457	591	656	583	591	406	553	503	683	666	598	517	524	321	713	605	423	396	662	760	367	367	606	324	678	560	314	382	340	580	393	770	724	744	718	533	0	
etats
Id_Station	Poids W	Min (P)	WSPT	Priorité	
1	5	300	33,33	1	
2	6	301	33,44	2	
3	6	301	33,44	3	
4	4	301	33,44	4	
5	7	306	34,00	5	
6	2	306	34,00	6	
7	7	316	35,11	7	
8	2	318	35,33	8	
9	1	319	35,44	9	
10	6	332	36,89	10	
11	1	302	37,75	11	
12	1	303	37,88	12	
13	4	304	38,00	13	
14	5	305	38,13	14	
15	2	310	38,75	15	
16	6	302	43,14	16	
17	9	302	43,14	17	
18	1	320	45,71	18	
19	7	300	50,00	19	
20	3	300	50,00	20	
21	1	300	50,00	21	
22	4	310	51,67	22	
23	6	310	51,67	23	
24	1	312	52,00	24	
25	1	336	56,00	25	
26	8	302	60,40	26	
27	4	305	61,00	27	
28	1	309	61,80	28	
29	1	316	63,20	29	
30	9	317	63,40	30	
31	3	320	64,00	31	
32	9	300	75,00	32	
33	5	304	76,00	33	
34	4	307	76,75	34	
35	3	300	100,00	35	
36	7	301	100,33	36	
37	2	305	101,67	37	
38	1	310	103,33	38	
39	2	300	150,00	39	
40	7	300	150,00	40	
41	3	301	150,50	41	
42	1	303	151,50	42	
43	7	305	152,50	43	
44	3	310	155,00	44	
45	2	310	155,00	45	
46	9	325	162,50	46	
47	4	326	163,00	47	
48	3	300	300,00	48	
49	9	301	301,00	49	
50	4	301	301,00	50	
51	2	301	301,00	51	
52	5	303	303,00	52	
53	3	305	305,00	53	
54	9	305	305,00	54	
55	9	306	306,00	55	
56	2	306	306,00	56	
57	7	306	306,00	57	
58	8	310	310,00	58	
59	8	322	322,00	59	
60	8	322	322,00	60	

