distances
0	617	504	627	546	655	586	629	487	448	535	388	480	340	518	324	585	713	312	704	392	685	761	511	716	780	713	732	473	499	786	706	536	467	471	497	398	492	728	678	638	569	560	581	477	318	687	519	766	696	584	501	727	765	477	463	332	584	467	735	563	
617	0	316	456	642	778	307	791	681	319	549	710	336	787	732	427	482	408	715	788	556	617	308	722	313	417	601	704	346	382	360	688	483	365	647	656	361	414	424	333	331	775	485	403	640	562	645	662	572	740	383	778	540	483	394	660	582	309	505	359	650	
504	316	0	372	676	549	701	435	564	624	785	685	728	721	638	557	513	439	506	355	672	470	445	519	456	355	356	429	594	602	510	494	684	610	473	618	659	405	744	317	655	609	370	646	798	680	674	565	615	582	690	703	545	551	465	376	791	679	525	588	589	
627	456	372	0	707	330	680	624	305	378	351	382	722	771	417	763	472	649	609	401	500	429	339	426	630	659	511	341	533	752	482	706	457	600	345	571	775	435	759	371	782	324	643	589	358	363	330	437	669	708	649	347	542	710	480	528	674	356	420	586	544	
546	642	676	707	0	731	427	602	519	505	374	572	321	393	512	658	305	623	489	603	597	648	419	627	443	551	357	641	409	761	641	743	704	499	704	428	460	659	494	795	360	673	499	758	656	624	380	362	430	768	446	747	559	425	471	741	365	780	616	762	681	
655	778	549	330	731	0	607	464	753	366	725	370	402	697	490	303	661	308	497	600	455	616	635	641	431	361	541	601	446	781	340	568	793	705	452	687	601	552	463	480	359	614	451	724	684	473	438	502	587	420	605	784	750	509	657	400	545	770	509	501	616	
586	307	701	680	427	607	0	358	358	410	480	509	522	482	673	785	667	346	768	767	731	525	710	592	575	706	568	329	613	514	478	762	390	392	637	632	558	599	714	717	539	700	729	407	580	650	717	451	522	725	385	482	532	636	525	528	742	564	590	346	574	
629	791	435	624	602	464	358	0	363	356	454	321	655	659	776	730	734	525	466	388	383	762	455	338	767	651	781	760	661	682	326	746	336	412	592	696	647	349	635	415	408	656	745	726	513	574	781	343	573	606	398	538	511	776	582	452	661	416	502	797	670	
487	681	564	305	519	753	358	363	0	307	647	793	520	485	416	477	476	485	536	612	539	416	658	760	723	661	496	378	327	523	431	651	770	397	662	745	395	546	725	576	787	498	430	787	755	549	624	360	474	711	604	481	613	428	702	451	724	685	472	516	688	
448	319	624	378	505	366	410	356	307	0	524	745	694	797	528	553	552	381	681	465	485	490	514	385	470	720	673	548	679	577	410	482	792	685	459	464	713	441	331	557	396	475	488	327	758	318	731	576	761	549	398	457	764	716	351	500	327	407	488	324	390	
535	549	785	351	374	725	480	454	647	524	0	383	659	666	771	421	768	603	440	564	464	316	784	503	545	304	617	602	621	412	467	385	572	488	522	535	302	536	331	343	696	351	704	319	749	670	471	319	492	587	608	571	500	654	510	392	461	514	371	659	398	
388	710	685	382	572	370	509	321	793	745	383	0	428	468	494	704	306	360	358	610	621	517	526	393	701	747	711	614	761	619	650	321	359	719	748	761	686	336	753	343	797	673	756	385	657	494	615	463	481	380	553	623	496	661	537	797	495	401	637	759	638	
480	336	728	722	321	402	522	655	520	694	659	428	0	449	736	509	681	680	535	739	771	640	421	728	640	685	530	389	356	731	351	742	546	334	622	429	330	763	326	526	679	402	724	514	477	776	534	398	332	695	522	470	704	786	640	534	628	630	785	558	796	
340	787	721	771	393	697	482	659	485	797	666	468	449	0	427	493	356	383	319	516	701	647	378	504	521	489	403	570	347	762	726	688	736	435	363	445	453	598	684	780	619	379	304	761	553	438	713	622	362	456	413	589	467	784	791	346	480	752	404	444	326	
518	732	638	417	512	490	673	776	416	528	771	494	736	427	0	463	720	320	676	594	578	736	498	707	487	644	557	776	551	313	673	383	732	509	589	579	350	493	798	415	345	541	398	777	330	631	725	376	648	766	421	332	604	756	566	463	784	399	443	602	591	
324	427	557	763	658	303	785	730	477	553	421	704	509	493	463	0	476	529	697	697	547	498	649	529	524	516	665	645	605	458	333	586	676	473	439	576	470	747	547	699	572	475	757	685	630	633	754	746	753	603	403	442	533	418	401	761	457	637	326	541	654	
585	482	513	472	305	661	667	734	476	552	768	306	681	356	720	476	0	797	473	625	418	588	711	758	488	400	605	460	637	558	480	628	626	750	586	403	448	556	531	785	621	492	607	340	506	381	326	325	492	518	575	739	586	498	470	508	697	390	335	324	455	
713	408	439	649	623	308	346	525	485	381	603	360	680	383	320	529	797	0	686	636	709	709	579	730	399	612	691	600	370	383	604	399	442	385	500	389	416	306	652	637	675	346	642	521	342	785	406	359	587	418	578	693	530	798	719	714	642	536	591	747	625	
312	715	506	609	489	497	768	466	536	681	440	358	535	319	676	697	473	686	0	674	491	460	355	556	549	615	786	770	541	382	363	427	494	607	714	484	344	358	615	641	377	605	588	728	471	401	453	746	392	732	545	504	586	413	419	515	608	632	437	472	326	
704	788	355	401	603	600	767	388	612	465	564	610	739	516	594	697	625	636	674	0	726	751	383	471	481	594	536	638	559	441	655	659	470	796	569	640	718	527	316	369	560	326	513	760	349	727	339	573	513	754	651	605	444	755	466	580	395	462	489	687	379	
392	556	672	500	597	455	731	383	539	485	464	621	771	701	578	547	418	709	491	726	0	493	680	502	360	608	670	716	365	624	662	386	352	696	420	349	347	394	726	554	774	361	342	651	742	611	572	741	428	493	513	565	387	793	451	315	713	538	756	546	542	
685	617	470	429	648	616	525	762	416	490	316	517	640	647	736	498	588	709	460	751	493	0	516	725	543	676	682	648	447	596	446	329	405	531	333	726	793	353	376	383	615	767	788	571	612	451	320	737	450	669	346	699	490	610	529	574	478	554	724	504	359	
761	308	445	339	419	635	710	455	658	514	784	526	421	378	498	649	711	579	355	383	680	516	0	560	411	446	727	474	578	728	586	778	726	729	509	760	364	690	471	472	764	799	632	621	557	300	448	704	368	513	437	700	585	534	544	518	704	621	397	503	348	
511	722	519	426	627	641	592	338	760	385	503	393	728	504	707	529	758	730	556	471	502	725	560	0	606	793	648	427	616	566	459	525	363	470	420	707	548	680	599	642	710	503	610	310	726	442	679	589	323	789	518	394	578	487	628	368	412	653	498	609	582	
716	313	456	630	443	431	575	767	723	470	545	701	640	521	487	524	488	399	549	481	360	543	411	606	0	489	563	560	483	792	789	539	342	326	386	459	576	560	429	581	746	712	548	699	734	771	576	469	769	661	716	649	433	763	559	377	708	371	466	370	733	
780	417	355	659	551	361	706	651	661	720	304	747	685	489	644	516	400	612	615	594	608	676	446	793	489	0	789	496	459	753	722	588	649	360	382	344	430	542	356	416	791	430	542	401	765	327	573	398	585	780	780	308	313	792	615	530	602	510	342	639	697	
713	601	356	511	357	541	568	781	496	673	617	711	530	403	557	665	605	691	786	536	670	682	727	648	563	789	0	781	529	545	491	584	664	620	361	405	561	443	426	741	358	412	577	755	680	731	542	619	730	608	679	650	330	796	586	372	743	513	512	716	746	
732	704	429	341	641	601	329	760	378	548	602	614	389	570	776	645	460	600	770	638	716	648	474	427	560	496	781	0	576	508	401	317	479	683	425	517	474	590	319	315	446	550	321	432	667	302	564	350	325	502	385	306	309	737	566	596	550	744	430	500	308	
473	346	594	533	409	446	613	661	327	679	621	761	356	347	551	605	637	370	541	559	365	447	578	616	483	459	529	576	0	451	569	742	413	456	669	438	570	370	781	385	579	724	730	494	460	542	629	395	435	722	415	701	796	300	658	702	377	761	409	454	380	
499	382	602	752	761	781	514	682	523	577	412	619	731	762	313	458	558	383	382	441	624	596	728	566	792	753	545	508	451	0	410	437	455	530	795	403	786	509	677	735	764	388	454	471	537	724	341	584	789	534	396	640	326	622	317	331	715	398	396	760	600	
786	360	510	482	641	340	478	326	431	410	467	650	351	726	673	333	480	604	363	655	662	446	586	459	789	722	491	401	569	410	0	376	429	656	414	309	565	364	694	574	456	553	536	359	418	688	751	403	374	558	388	405	610	335	504	789	550	719	578	580	546	
706	688	494	706	743	568	762	746	651	482	385	321	742	688	383	586	628	399	427	659	386	329	778	525	539	588	584	317	742	437	376	0	668	323	712	684	488	487	525	777	411	351	511	676	322	301	414	777	676	320	704	327	644	731	499	601	307	768	732	569	670	
536	483	684	457	704	793	390	336	770	792	572	359	546	736	732	676	626	442	494	470	352	405	726	363	342	649	664	479	413	455	429	668	0	439	677	623	754	545	416	499	757	421	627	686	520	698	439	735	442	385	592	384	411	510	779	320	718	350	368	616	474	
467	365	610	600	499	705	392	412	397	685	488	719	334	435	509	473	750	385	607	796	696	531	729	470	326	360	620	683	456	530	656	323	439	0	739	795	393	568	628	505	677	438	627	471	464	798	401	576	687	699	304	503	437	323	577	728	420	619	462	317	342	
471	647	473	345	704	452	637	592	662	459	522	748	622	363	589	439	586	500	714	569	420	333	509	420	386	382	361	425	669	795	414	712	677	739	0	397	300	707	347	685	406	626	780	714	548	433	449	519	468	310	407	419	407	520	565	367	748	449	790	799	726	
497	656	618	571	428	687	632	696	745	464	535	761	429	445	579	576	403	389	484	640	349	726	760	707	459	344	405	517	438	403	309	684	623	795	397	0	734	489	502	723	725	451	432	360	329	673	702	633	523	483	799	583	374	329	316	569	730	435	318	779	608	
398	361	659	775	460	601	558	647	395	713	302	686	330	453	350	470	448	416	344	718	347	793	364	548	576	430	561	474	570	786	565	488	754	393	300	734	0	728	621	446	376	569	596	699	558	391	641	491	663	496	343	773	513	452	426	522	341	717	650	622	449	
492	414	405	435	659	552	599	349	546	441	536	336	763	598	493	747	556	306	358	527	394	353	690	680	560	542	443	590	370	509	364	487	545	568	707	489	728	0	769	393	782	366	370	338	371	617	532	391	407	571	417	336	369	689	432	425	522	638	418	492	638	
728	424	744	759	494	463	714	635	725	331	331	753	326	684	798	547	531	652	615	316	726	376	471	599	429	356	426	319	781	677	694	525	416	628	347	502	621	769	0	475	574	695	757	401	329	316	572	792	445	755	320	412	716	492	740	557	763	390	531	547	418	
678	333	317	371	795	480	717	415	576	557	343	343	526	780	415	699	785	637	641	369	554	383	472	642	581	416	741	315	385	735	574	777	499	505	685	723	446	393	475	0	475	736	325	576	493	613	317	398	675	665	363	664	368	612	360	460	401	628	390	646	466	
638	331	655	782	360	359	539	408	787	396	696	797	679	619	345	572	621	675	377	560	774	615	764	710	746	791	358	446	579	764	456	411	757	677	406	725	376	782	574	475	0	317	421	529	428	664	696	324	591	576	528	468	350	323	506	718	302	627	538	571	763	
569	775	609	324	673	614	700	656	498	475	351	673	402	379	541	475	492	346	605	326	361	767	799	503	712	430	412	550	724	388	553	351	421	438	626	451	569	366	695	736	317	0	743	346	582	432	547	797	695	635	388	441	601	774	334	796	700	429	442	796	453	
560	485	370	643	499	451	729	745	430	488	704	756	724	304	398	757	607	642	588	513	342	788	632	610	548	542	577	321	730	454	536	511	627	627	780	432	596	370	757	325	421	743	0	582	760	629	667	673	579	418	387	428	743	325	552	743	355	527	538	451	695	
581	403	646	589	758	724	407	726	787	327	319	385	514	761	777	685	340	521	728	760	651	571	621	310	699	401	755	432	494	471	359	676	686	471	714	360	699	338	401	576	529	346	582	0	791	355	653	751	723	704	481	479	671	534	668	689	435	759	303	415	464	
477	640	798	358	656	684	580	513	755	758	749	657	477	553	330	630	506	342	471	349	742	612	557	726	734	765	680	667	460	537	418	322	520	464	548	329	558	371	329	493	428	582	760	791	0	448	644	423	446	379	610	332	755	547	583	596	388	690	636	589	552	
318	562	680	363	624	473	650	574	549	318	670	494	776	438	631	633	381	785	401	727	611	451	300	442	771	327	731	302	542	724	688	301	698	798	433	673	391	617	316	613	664	432	629	355	448	0	757	517	573	533	746	597	597	745	669	781	742	449	752	487	398	
687	645	674	330	380	438	717	781	624	731	471	615	534	713	725	754	326	406	453	339	572	320	448	679	576	573	542	564	629	341	751	414	439	401	449	702	641	532	572	317	696	547	667	653	644	757	0	483	660	540	440	793	749	522	535	621	336	628	538	606	445	
519	662	565	437	362	502	451	343	360	576	319	463	398	622	376	746	325	359	746	573	741	737	704	589	469	398	619	350	395	584	403	777	735	576	519	633	491	391	792	398	324	797	673	751	423	517	483	0	497	619	583	452	358	442	704	668	638	348	313	517	617	
766	572	615	669	430	587	522	573	474	761	492	481	332	362	648	753	492	587	392	513	428	450	368	323	769	585	730	325	435	789	374	676	442	687	468	523	663	407	445	675	591	695	579	723	446	573	660	497	0	695	574	407	785	637	320	568	336	406	783	710	657	
696	740	582	708	768	420	725	606	711	549	587	380	695	456	766	603	518	418	732	754	493	669	513	789	661	780	608	502	722	534	558	320	385	699	310	483	496	571	755	665	576	635	418	704	379	533	540	619	695	0	417	739	660	346	726	687	486	613	684	354	583	
584	383	690	649	446	605	385	398	604	398	608	553	522	413	421	403	575	578	545	651	513	346	437	518	716	780	679	385	415	396	388	704	592	304	407	799	343	417	320	363	528	388	387	481	610	746	440	583	574	417	0	623	501	530	383	655	358	764	405	302	342	
501	778	703	347	747	784	482	538	481	457	571	623	470	589	332	442	739	693	504	605	565	699	700	394	649	308	650	306	701	640	405	327	384	503	419	583	773	336	412	664	468	441	428	479	332	597	793	452	407	739	623	0	339	395	602	769	329	553	328	584	725	
727	540	545	542	559	750	532	511	613	764	500	496	704	467	604	533	586	530	586	444	387	490	585	578	433	313	330	309	796	326	610	644	411	437	407	374	513	369	716	368	350	601	743	671	755	597	749	358	785	660	501	339	0	393	628	608	427	706	397	721	448	
765	483	551	710	425	509	636	776	428	716	654	661	786	784	756	418	498	798	413	755	793	610	534	487	763	792	796	737	300	622	335	731	510	323	520	329	452	689	492	612	323	774	325	534	547	745	522	442	637	346	530	395	393	0	644	765	735	788	793	546	783	
477	394	465	480	471	657	525	582	702	351	510	537	640	791	566	401	470	719	419	466	451	529	544	628	559	615	586	566	658	317	504	499	779	577	565	316	426	432	740	360	506	334	552	668	583	669	535	704	320	726	383	602	628	644	0	677	339	676	375	333	487	
463	660	376	528	741	400	528	452	451	500	392	797	534	346	463	761	508	714	515	580	315	574	518	368	377	530	372	596	702	331	789	601	320	728	367	569	522	425	557	460	718	796	743	689	596	781	621	668	568	687	655	769	608	765	677	0	505	422	727	418	445	
332	582	791	674	365	545	742	661	724	327	461	495	628	480	784	457	697	642	608	395	713	478	704	412	708	602	743	550	377	715	550	307	718	420	748	730	341	522	763	401	302	700	355	435	388	742	336	638	336	486	358	329	427	735	339	505	0	504	404	701	306	
584	309	679	356	780	770	564	416	685	407	514	401	630	752	399	637	390	536	632	462	538	554	621	653	371	510	513	744	761	398	719	768	350	619	449	435	717	638	390	628	627	429	527	759	690	449	628	348	406	613	764	553	706	788	676	422	504	0	736	688	424	
467	505	525	420	616	509	590	502	472	488	371	637	785	404	443	326	335	591	437	489	756	724	397	498	466	342	512	430	409	396	578	732	368	462	790	318	650	418	531	390	538	442	538	303	636	752	538	313	783	684	405	328	397	793	375	727	404	736	0	779	774	
735	359	588	586	762	501	346	797	516	324	659	759	558	444	602	541	324	747	472	687	546	504	503	609	370	639	716	500	454	760	580	569	616	317	799	779	622	492	547	646	571	796	451	415	589	487	606	517	710	354	302	584	721	546	333	418	701	688	779	0	616	
563	650	589	544	681	616	574	670	688	390	398	638	796	326	591	654	455	625	326	379	542	359	348	582	733	697	746	308	380	600	546	670	474	342	726	608	449	638	418	466	763	453	695	464	552	398	445	617	657	583	342	725	448	783	487	445	306	424	774	616	0	
etats
Id_Station	Poids W	Min (P)	WSPT	Priorité	
1	1	305	33,89	1	
2	1	306	34,00	2	
3	7	307	34,11	3	
4	2	308	34,22	4	
5	9	312	34,67	5	
6	1	315	35,00	6	
7	1	315	35,00	7	
8	3	300	37,50	8	
9	7	301	37,63	9	
10	5	302	37,75	10	
11	1	311	38,88	11	
12	6	301	43,00	12	
13	4	301	43,00	13	
14	7	307	43,86	14	
15	8	307	43,86	15	
16	6	309	44,14	16	
17	2	312	44,57	17	
18	2	323	46,14	18	
19	5	301	50,17	19	
20	4	302	50,33	20	
21	1	304	50,67	21	
22	1	306	51,00	22	
23	3	307	51,17	23	
24	2	304	60,80	24	
25	6	305	61,00	25	
26	1	311	62,20	26	
27	1	323	64,60	27	
28	7	300	75,00	28	
29	2	302	75,50	29	
30	2	305	76,25	30	
31	7	309	77,25	31	
32	6	312	78,00	32	
33	1	314	78,50	33	
34	1	334	83,50	34	
35	8	301	100,33	35	
36	4	301	100,33	36	
37	3	302	100,67	37	
38	4	307	102,33	38	
39	6	307	102,33	39	
40	5	308	102,67	40	
41	2	309	103,00	41	
42	2	301	150,50	42	
43	9	306	153,00	43	
44	1	306	153,00	44	
45	8	307	153,50	45	
46	1	308	154,00	46	
47	2	309	154,50	47	
48	6	313	156,50	48	
49	3	316	158,00	49	
50	6	301	301,00	50	
51	3	302	302,00	51	
52	8	305	305,00	52	
53	2	305	305,00	53	
54	4	306	306,00	54	
55	7	307	307,00	55	
56	1	307	307,00	56	
57	8	312	312,00	57	
58	3	313	313,00	58	
59	6	314	314,00	59	
60	6	318	318,00	60	

