distances
0	330	380	745	330	664	639	571	661	806	574	768	694	626	659	587	374	710	625	593	350	868	554	896	784	824	516	854	511	326	590	742	746	736	476	310	775	501	481	353	453	891	531	624	345	784	437	346	728	508	479	388	586	484	885	712	711	817	326	365	539	
330	0	852	343	705	633	473	710	469	483	631	430	744	324	478	587	559	880	657	890	426	324	463	695	505	817	822	507	484	350	499	359	339	365	523	850	493	827	554	515	811	468	450	532	785	313	462	329	755	868	341	774	327	674	489	813	354	384	669	708	477	
380	852	0	345	407	731	408	364	595	301	658	471	883	457	689	565	484	729	702	560	371	380	871	496	582	896	394	605	313	790	318	861	831	664	840	390	564	392	867	686	467	435	577	883	896	869	551	646	389	809	694	391	741	756	575	350	684	539	450	618	436	
745	343	345	0	824	458	472	459	343	815	373	747	704	404	536	671	653	861	348	839	694	362	305	458	326	793	868	825	408	807	815	649	422	312	678	401	514	570	340	679	417	594	367	724	890	588	720	865	693	354	431	776	479	874	551	401	353	566	604	512	775	
330	705	407	824	0	770	394	457	791	532	517	660	522	743	389	432	397	801	878	744	434	596	889	331	632	586	469	356	336	732	503	342	610	364	410	456	601	387	368	469	513	524	531	713	429	467	778	426	879	822	522	409	408	839	854	585	308	306	392	352	495	
664	633	731	458	770	0	358	384	829	587	423	811	680	448	546	734	488	605	561	526	778	441	453	668	786	559	686	309	426	439	859	341	875	888	404	576	752	681	864	634	762	379	868	511	303	837	571	747	527	834	490	706	563	663	498	340	685	648	523	749	720	
639	473	408	472	394	358	0	584	819	721	697	715	373	533	462	872	884	606	792	780	569	608	329	659	544	605	839	689	613	839	408	547	775	605	429	786	875	411	883	805	480	541	534	379	753	598	740	782	774	401	881	467	781	673	345	373	406	506	578	369	372	
571	710	364	459	457	384	584	0	381	429	703	601	410	437	736	360	804	865	346	861	520	450	708	579	582	418	644	783	323	843	643	668	533	691	409	722	418	800	633	620	467	627	334	410	372	673	624	696	669	396	749	694	685	592	692	433	596	706	481	891	470	
661	469	595	343	791	829	819	381	0	308	539	483	674	546	503	721	447	778	729	680	532	325	315	359	809	583	844	521	577	385	767	737	334	772	838	871	457	720	889	573	655	371	598	816	809	705	812	504	395	707	872	899	640	423	544	624	333	472	548	596	329	
806	483	301	815	532	587	721	429	308	0	442	646	437	524	845	437	612	691	569	423	596	746	722	729	574	793	572	460	806	489	347	478	655	433	745	505	453	794	796	556	703	431	473	514	626	429	566	731	645	623	854	814	831	536	692	875	566	811	422	757	608	
574	631	658	373	517	423	697	703	539	442	0	700	879	881	878	423	710	849	781	401	530	529	503	494	434	886	554	367	731	551	400	861	325	369	326	851	795	508	468	554	397	709	670	390	350	632	899	512	622	764	540	669	636	495	751	362	789	896	310	806	828	
768	430	471	747	660	811	715	601	483	646	700	0	323	321	318	399	864	608	591	682	422	347	301	329	437	423	750	897	479	563	374	858	630	614	613	544	844	624	610	891	493	378	494	457	827	899	868	537	490	578	794	822	743	336	544	856	493	370	783	773	394	
694	744	883	704	522	680	373	410	674	437	879	323	0	486	698	595	315	865	846	656	871	561	782	848	324	436	833	724	588	490	804	576	725	304	720	563	794	846	780	503	601	625	593	404	670	605	757	623	748	710	609	362	832	497	360	533	719	798	336	560	836	
626	324	457	404	743	448	533	437	546	524	881	321	486	0	794	636	306	675	596	685	326	625	662	304	350	747	898	622	715	806	787	799	345	470	596	618	815	570	602	523	564	808	837	854	481	387	504	392	425	835	372	668	839	663	523	813	865	695	600	414	577	
659	478	689	536	389	546	462	736	503	845	878	318	698	794	0	385	382	697	626	592	495	848	341	894	692	701	774	518	315	732	685	501	790	364	595	875	423	654	695	755	575	492	792	507	663	802	715	428	763	731	344	819	545	562	741	495	474	434	408	458	333	
587	587	565	671	432	734	872	360	721	437	423	399	595	636	385	0	618	304	501	865	395	581	412	854	684	615	879	360	834	757	786	435	771	304	655	312	642	548	575	689	845	539	515	477	532	365	811	761	882	556	609	655	560	639	565	654	466	323	516	310	729	
374	559	484	653	397	488	884	804	447	612	710	864	315	306	382	618	0	372	303	651	373	451	551	506	872	421	790	854	497	307	409	599	516	542	846	815	365	394	803	675	638	585	888	451	366	434	736	759	627	412	641	608	730	408	897	863	386	382	844	728	729	
710	880	729	861	801	605	606	865	778	691	849	608	865	675	697	304	372	0	306	792	560	546	813	562	410	668	377	666	410	534	856	627	862	733	730	569	484	789	344	713	445	893	404	511	383	421	548	799	446	658	479	310	757	674	389	466	549	477	488	468	878	
625	657	702	348	878	561	792	346	729	569	781	591	846	596	626	501	303	306	0	648	772	672	860	566	881	320	746	557	666	368	857	606	780	617	315	654	703	583	871	438	376	840	440	672	874	745	633	881	695	403	557	789	632	645	508	896	807	742	602	581	466	
593	890	560	839	744	526	780	861	680	423	401	682	656	685	592	865	651	792	648	0	461	767	343	395	792	896	538	387	757	603	487	354	742	485	875	653	799	305	450	304	446	362	850	886	817	508	316	708	824	743	780	784	698	326	762	754	693	788	721	799	725	
350	426	371	694	434	778	569	520	532	596	530	422	871	326	495	395	373	560	772	461	0	546	597	448	688	874	622	786	646	648	799	334	726	653	687	671	885	898	389	347	304	672	477	403	638	726	829	457	432	309	710	508	300	761	414	310	817	499	381	687	565	
868	324	380	362	596	441	608	450	325	746	529	347	561	625	848	581	451	546	672	767	546	0	763	475	614	808	414	808	802	339	779	862	816	750	738	526	680	887	330	420	830	814	391	599	301	489	847	563	368	703	629	635	660	582	525	527	867	303	743	415	446	
554	463	871	305	889	453	329	708	315	722	503	301	782	662	341	412	551	813	860	343	597	763	0	795	722	845	361	689	763	364	730	540	619	613	716	682	592	830	772	871	544	373	508	690	662	878	598	875	548	733	735	897	448	393	876	873	633	309	302	377	747	
896	695	496	458	331	668	659	579	359	729	494	329	848	304	894	854	506	562	566	395	448	475	795	0	884	409	642	734	821	316	382	883	437	682	609	467	738	719	538	377	885	329	828	605	435	421	883	466	715	407	576	760	455	315	315	309	450	882	889	673	428	
784	505	582	326	632	786	544	582	809	574	434	437	324	350	692	684	872	410	881	792	688	614	722	884	0	689	310	413	341	420	755	799	823	379	634	435	687	358	863	574	867	581	862	676	792	380	423	563	852	379	647	371	679	495	469	427	479	619	446	767	747	
824	817	896	793	586	559	605	418	583	793	886	423	436	747	701	615	421	668	320	896	874	808	845	409	689	0	740	503	444	620	704	899	527	440	589	828	516	649	383	658	381	510	424	596	342	556	871	647	608	710	493	669	333	861	356	738	686	840	744	605	587	
516	822	394	868	469	686	839	644	844	572	554	750	833	898	774	879	790	377	746	538	622	414	361	642	310	740	0	635	694	423	381	316	602	321	478	556	441	554	511	413	504	756	314	856	487	592	300	628	793	578	490	764	468	755	691	563	415	352	421	673	338	
854	507	605	825	356	309	689	783	521	460	367	897	724	622	518	360	854	666	557	387	786	808	689	734	413	503	635	0	612	381	460	369	843	508	810	756	753	764	620	630	569	816	668	864	794	672	418	525	386	622	358	780	446	774	515	441	893	343	698	444	810	
511	484	313	408	336	426	613	323	577	806	731	479	588	715	315	834	497	410	666	757	646	802	763	821	341	444	694	612	0	893	377	844	503	830	516	351	483	446	715	636	700	856	447	500	544	889	797	645	367	433	459	800	889	564	689	554	407	613	458	375	623	
326	350	790	807	732	439	839	843	385	489	551	563	490	806	732	757	307	534	368	603	648	339	364	316	420	620	423	381	893	0	687	660	447	785	680	615	480	820	538	787	498	875	499	451	689	552	315	738	420	627	740	308	354	703	531	686	858	796	898	538	875	
590	499	318	815	503	859	408	643	767	347	400	374	804	787	685	786	409	856	857	487	799	779	730	382	755	704	381	460	377	687	0	410	327	317	639	827	870	744	847	603	474	634	671	728	785	726	829	565	675	408	762	567	601	530	324	540	461	371	706	325	300	
742	359	861	649	342	341	547	668	737	478	861	858	576	799	501	435	599	627	606	354	334	862	540	883	799	899	316	369	844	660	410	0	415	796	859	811	760	656	877	843	323	885	459	728	345	845	464	812	684	752	362	612	404	404	733	618	702	537	676	572	705	
746	339	831	422	610	875	775	533	334	655	325	630	725	345	790	771	516	862	780	742	726	816	619	437	823	527	602	843	503	447	327	415	0	690	499	581	582	660	517	417	608	524	713	890	673	563	640	695	703	324	817	868	579	348	479	542	490	676	738	402	545	
736	365	664	312	364	888	605	691	772	433	369	614	304	470	364	304	542	733	617	485	653	750	613	682	379	440	321	508	830	785	317	796	690	0	560	554	461	327	734	319	370	378	697	560	791	652	821	875	792	345	385	530	488	724	753	872	495	867	790	320	646	
476	523	840	678	410	404	429	409	838	745	326	613	720	596	595	655	846	730	315	875	687	738	716	609	634	589	478	810	516	680	639	859	499	560	0	536	362	877	846	871	873	422	340	497	403	514	347	802	621	744	478	897	670	481	407	561	793	805	466	680	680	
310	850	390	401	456	576	786	722	871	505	851	544	563	618	875	312	815	569	654	653	671	526	682	467	435	828	556	756	351	615	827	811	581	554	536	0	487	804	651	781	745	323	470	728	777	571	362	873	677	711	440	511	794	342	483	860	473	580	429	632	612	
775	493	564	514	601	752	875	418	457	453	795	844	794	815	423	642	365	484	703	799	885	680	592	738	687	516	441	753	483	480	870	760	582	461	362	487	0	439	704	309	755	838	431	728	695	649	634	615	475	604	548	718	781	613	742	844	671	579	517	489	488	
501	827	392	570	387	681	411	800	720	794	508	624	846	570	654	548	394	789	583	305	898	887	830	719	358	649	554	764	446	820	744	656	660	327	877	804	439	0	737	420	386	840	745	333	381	319	472	483	615	841	896	832	319	601	650	345	325	634	844	355	513	
481	554	867	340	368	864	883	633	889	796	468	610	780	602	695	575	803	344	871	450	389	330	772	538	863	383	511	620	715	538	847	877	517	734	846	651	704	737	0	847	492	433	368	646	741	756	528	323	549	331	866	818	438	752	440	820	791	763	356	784	597	
353	515	686	679	469	634	805	620	573	556	554	891	503	523	755	689	675	713	438	304	347	420	871	377	574	658	413	630	636	787	603	843	417	319	871	781	309	420	847	0	485	851	676	542	876	407	547	320	878	705	408	815	667	334	356	439	373	353	321	439	746	
453	811	467	417	513	762	480	467	655	703	397	493	601	564	575	845	638	445	376	446	304	830	544	885	867	381	504	569	700	498	474	323	608	370	873	745	755	386	492	485	0	696	624	367	590	322	372	393	603	386	795	477	882	332	474	669	401	795	424	350	879	
891	468	435	594	524	379	541	627	371	431	709	378	625	808	492	539	585	893	840	362	672	814	373	329	581	510	756	816	856	875	634	885	524	378	422	323	838	840	433	851	696	0	889	814	726	614	761	517	343	309	829	403	753	896	586	342	710	368	599	631	548	
531	450	577	367	531	868	534	334	598	473	670	494	593	837	792	515	888	404	440	850	477	391	508	828	862	424	314	668	447	499	671	459	713	697	340	470	431	745	368	676	624	889	0	588	479	823	702	899	401	801	306	324	512	746	428	304	675	531	384	869	894	
624	532	883	724	713	511	379	410	816	514	390	457	404	854	507	477	451	511	672	886	403	599	690	605	676	596	856	864	500	451	728	728	890	560	497	728	728	333	646	542	367	814	588	0	608	879	669	340	451	870	555	317	391	510	457	684	330	423	658	735	847	
345	785	896	890	429	303	753	372	809	626	350	827	670	481	663	532	366	383	874	817	638	301	662	435	792	342	487	794	544	689	785	345	673	791	403	777	695	381	741	876	590	726	479	608	0	838	639	532	319	538	566	470	853	491	451	440	300	324	318	394	739	
784	313	869	588	467	837	598	673	705	429	632	899	605	387	802	365	434	421	745	508	726	489	878	421	380	556	592	672	889	552	726	845	563	652	514	571	649	319	756	407	322	614	823	879	838	0	777	564	691	448	332	618	864	829	599	744	845	784	724	343	311	
437	462	551	720	778	571	740	624	812	566	899	868	757	504	715	811	736	548	633	316	829	847	598	883	423	871	300	418	797	315	829	464	640	821	347	362	634	472	528	547	372	761	702	669	639	777	0	431	360	591	379	744	579	675	548	384	485	527	639	408	493	
346	329	646	865	426	747	782	696	504	731	512	537	623	392	428	761	759	799	881	708	457	563	875	466	563	647	628	525	645	738	565	812	695	875	802	873	615	483	323	320	393	517	899	340	532	564	431	0	381	312	380	774	752	318	445	445	481	897	445	583	596	
728	755	389	693	879	527	774	669	395	645	622	490	748	425	763	882	627	446	695	824	432	368	548	715	852	608	793	386	367	420	675	684	703	792	621	677	475	615	549	878	603	343	401	451	319	691	360	381	0	858	346	851	721	466	332	737	438	422	351	657	512	
508	868	809	354	822	834	401	396	707	623	764	578	710	835	731	556	412	658	403	743	309	703	733	407	379	710	578	622	433	627	408	752	324	345	744	711	604	841	331	705	386	309	801	870	538	448	591	312	858	0	563	686	645	468	803	759	584	894	347	575	348	
479	341	694	431	522	490	881	749	872	854	540	794	609	372	344	609	641	479	557	780	710	629	735	576	647	493	490	358	459	740	762	362	817	385	478	440	548	896	866	408	795	829	306	555	566	332	379	380	346	563	0	474	636	778	567	580	516	671	550	449	670	
388	774	391	776	409	706	467	694	899	814	669	822	362	668	819	655	608	310	789	784	508	635	897	760	371	669	764	780	800	308	567	612	868	530	897	511	718	832	818	815	477	403	324	317	470	618	744	774	851	686	474	0	382	849	417	777	841	819	598	310	537	
586	327	741	479	408	563	781	685	640	831	636	743	832	839	545	560	730	757	632	698	300	660	448	455	679	333	468	446	889	354	601	404	579	488	670	794	781	319	438	667	882	753	512	391	853	864	579	752	721	645	636	382	0	646	414	311	660	318	399	651	644	
484	674	756	874	839	663	673	592	423	536	495	336	497	663	562	639	408	674	645	326	761	582	393	315	495	861	755	774	564	703	530	404	348	724	481	342	613	601	752	334	332	896	746	510	491	829	675	318	466	468	778	849	646	0	347	897	767	460	519	853	455	
885	489	575	551	854	498	345	692	544	692	751	544	360	523	741	565	897	389	508	762	414	525	876	315	469	356	691	515	689	531	324	733	479	753	407	483	742	650	440	356	474	586	428	457	451	599	548	445	332	803	567	417	414	347	0	590	622	508	343	880	481	
712	813	350	401	585	340	373	433	624	875	362	856	533	813	495	654	863	466	896	754	310	527	873	309	427	738	563	441	554	686	540	618	542	872	561	860	844	345	820	439	669	342	304	684	440	744	384	445	737	759	580	777	311	897	590	0	865	648	339	336	718	
711	354	684	353	308	685	406	596	333	566	789	493	719	865	474	466	386	549	807	693	817	867	633	450	479	686	415	893	407	858	461	702	490	495	793	473	671	325	791	373	401	710	675	330	300	845	485	481	438	584	516	841	660	767	622	865	0	813	521	732	426	
817	384	539	566	306	648	506	706	472	811	896	370	798	695	434	323	382	477	742	788	499	303	309	882	619	840	352	343	613	796	371	537	676	867	805	580	579	634	763	353	795	368	531	423	324	784	527	897	422	894	671	819	318	460	508	648	813	0	318	576	701	
326	669	450	604	392	523	578	481	548	422	310	783	336	600	408	516	844	488	602	721	381	743	302	889	446	744	421	698	458	898	706	676	738	790	466	429	517	844	356	321	424	599	384	658	318	724	639	445	351	347	550	598	399	519	343	339	521	318	0	380	853	
365	708	618	512	352	749	369	891	596	757	806	773	560	414	458	310	728	468	581	799	687	415	377	673	767	605	673	444	375	538	325	572	402	320	680	632	489	355	784	439	350	631	869	735	394	343	408	583	657	575	449	310	651	853	880	336	732	576	380	0	575	
539	477	436	775	495	720	372	470	329	608	828	394	836	577	333	729	729	878	466	725	565	446	747	428	747	587	338	810	623	875	300	705	545	646	680	612	488	513	597	746	879	548	894	847	739	311	493	596	512	348	670	537	644	455	481	718	426	701	853	575	0	
etats
Id_Station	Poids W	Min (P)	WSPT	Priorité	
1	7	326	54,33	26	
2	8	329	329,00	60	
3	9	302	100,67	42	
4	7	302	60,40	29	
5	6	328	41,00	15	
6	2	310	77,50	36	
7	2	300	42,86	16	
8	1	303	101,00	43	
9	9	306	306,00	52	
10	3	302	33,56	1	
11	4	316	79,00	38	
12	4	300	42,86	17	
13	8	312	312,00	56	
14	5	300	300,00	47	
15	2	315	78,75	37	
16	4	302	37,75	9	
17	2	313	44,71	21	
18	8	307	153,50	45	
19	8	306	34,00	4	
20	6	312	312,00	57	
21	1	311	311,00	55	
22	7	304	76,00	33	
23	7	314	314,00	58	
24	9	300	50,00	23	
25	9	301	50,17	24	
26	8	300	75,00	31	
27	7	300	300,00	48	
28	7	318	63,60	30	
29	9	304	76,00	34	
30	2	300	37,50	8	
31	8	308	51,33	25	
32	4	300	100,00	39	
33	7	345	172,50	46	
34	1	300	75,00	32	
35	9	309	34,33	5	
36	1	304	304,00	50	
37	9	305	152,50	44	
38	1	301	301,00	49	
39	1	309	44,14	20	
40	1	338	48,29	22	
41	1	301	60,20	27	
42	8	306	43,71	18	
43	3	319	319,00	59	
44	5	304	33,78	3	
45	4	311	38,88	12	
46	5	321	40,13	13	
47	9	310	310,00	54	
48	7	307	307,00	53	
49	7	306	43,71	19	
50	1	304	76,00	35	
51	4	302	37,75	10	
52	3	325	40,63	14	
53	6	307	38,38	11	
54	3	310	34,44	6	
55	3	300	100,00	40	
56	3	304	304,00	51	
57	6	301	100,33	41	
58	8	303	33,67	2	
59	3	301	60,20	28	
60	4	314	34,89	7	
