distances
0	466	457	422	592	765	882	554	594	473	482	429	403	787	358	421	649	406	733	717	632	303	483	575	784	617	740	503	444	620	704	899	527	440	589	828	516	649	383	658	381	510	424	596	342	556	871	647	608	710	493	669	333	861	356	738	686	840	744	605	587	
466	0	590	713	457	810	387	897	497	472	536	736	493	543	393	349	394	443	490	777	372	732	476	388	362	369	559	635	694	423	381	316	602	321	478	556	441	554	511	413	504	756	314	856	487	592	300	628	793	578	490	764	468	755	691	563	415	352	421	673	338	
457	590	0	676	435	894	697	894	838	845	860	579	353	492	863	890	664	403	479	461	868	563	761	799	424	854	856	603	612	381	460	369	843	508	810	756	753	764	620	630	569	816	668	864	794	672	418	525	386	622	358	780	446	774	515	441	893	343	698	444	810	
422	713	676	0	710	584	781	773	496	563	584	760	554	648	322	494	822	861	536	631	648	805	479	843	626	729	637	812	358	893	377	844	503	830	516	351	483	446	715	636	700	856	447	500	544	889	797	645	367	433	459	800	889	564	689	554	407	613	458	375	623	
592	457	435	710	0	818	398	514	423	323	614	438	782	395	414	826	406	347	756	836	492	686	747	769	725	306	314	443	623	668	687	660	447	785	680	615	480	820	538	787	498	875	499	451	689	552	315	738	420	627	740	308	354	703	531	686	858	796	898	538	875	
765	810	894	584	818	0	587	343	834	472	678	350	796	855	470	735	375	392	815	552	684	427	452	432	371	435	342	359	834	680	311	410	327	317	639	827	870	744	847	603	474	634	671	728	785	726	829	565	675	408	762	567	601	530	324	540	461	371	706	325	300	
882	387	697	781	398	587	0	707	634	407	636	503	729	576	816	820	333	424	593	361	696	707	873	618	883	748	664	489	514	732	419	796	415	796	859	811	760	656	877	843	323	885	459	728	345	845	464	812	684	752	362	612	404	404	733	618	702	537	676	572	705	
554	897	894	773	514	343	707	0	327	646	399	615	403	850	429	405	570	392	426	330	540	885	800	394	569	788	400	671	559	323	713	643	469	690	499	581	582	660	517	417	608	524	713	890	673	563	640	695	703	324	817	868	579	348	479	542	490	676	738	402	545	
594	497	838	496	423	834	634	327	0	403	644	644	488	517	373	625	847	489	356	582	793	307	714	789	426	816	507	651	876	590	573	783	592	324	560	554	461	327	734	319	370	378	697	560	791	652	821	875	792	345	385	530	488	724	753	872	495	867	790	320	646	
473	472	845	563	323	472	407	646	403	0	697	323	311	530	830	447	745	415	719	509	837	648	704	504	549	494	675	456	337	568	760	653	439	582	396	536	362	877	846	871	873	422	340	497	403	514	347	802	621	744	478	897	670	481	407	561	793	805	466	680	680	
482	536	860	584	614	678	636	399	644	697	0	660	513	739	387	827	432	440	859	732	509	492	466	672	450	617	618	473	835	505	887	327	858	764	633	812	487	804	651	781	745	323	470	728	777	571	362	873	677	711	440	511	794	342	483	860	473	580	429	632	612	
429	736	579	760	438	350	503	615	644	323	660	0	379	885	490	500	812	471	668	732	708	736	856	582	686	515	593	801	427	691	549	794	773	891	637	332	311	439	704	309	755	838	431	728	695	649	634	615	475	604	548	718	781	613	742	844	671	579	517	489	488	
403	493	353	554	782	796	729	403	488	311	513	379	0	607	745	755	777	882	412	329	733	307	884	396	364	647	833	759	895	520	489	475	712	644	751	528	376	735	737	420	386	840	745	333	381	319	472	483	615	841	896	832	319	601	650	345	325	634	844	355	513	
787	543	492	648	395	855	576	850	517	530	739	885	607	0	342	588	376	894	580	694	628	648	801	627	666	318	379	419	761	446	498	653	449	491	624	674	634	661	652	847	492	433	368	646	741	756	528	323	549	331	866	818	438	752	440	820	791	763	356	784	597	
358	393	863	322	414	470	816	429	373	830	387	490	745	342	0	769	696	837	760	407	425	427	893	579	516	361	720	377	518	756	694	896	877	830	372	881	707	565	666	486	485	851	676	542	876	407	547	320	878	705	408	815	667	334	356	439	373	353	321	439	746	
421	349	890	494	826	735	820	405	625	447	827	500	755	588	769	0	459	537	638	551	705	349	386	633	765	588	898	546	363	886	836	798	712	649	691	333	721	594	612	864	833	696	624	367	590	322	372	393	603	386	795	477	882	332	474	669	401	795	424	350	879	
649	394	664	822	406	375	333	570	847	745	432	812	777	376	696	459	0	498	544	653	773	372	423	599	343	312	763	865	731	871	620	315	769	644	342	524	599	680	525	773	309	820	889	814	726	614	761	517	343	309	829	403	753	896	586	342	710	368	599	631	548	
406	443	403	861	347	392	424	392	489	415	440	471	882	894	837	537	498	0	470	533	701	861	401	735	628	791	404	588	445	333	599	792	430	507	488	791	774	576	600	620	649	853	449	588	479	823	702	899	401	801	306	324	512	746	428	304	675	531	384	869	894	
733	490	479	536	756	815	593	426	356	719	859	668	412	580	760	638	544	470	0	530	856	530	684	856	795	898	634	651	407	641	812	509	736	330	664	437	692	440	783	816	563	365	567	866	608	879	669	340	451	870	555	317	391	510	457	684	330	423	658	735	847	
717	777	461	631	836	552	361	330	582	509	732	732	329	694	407	551	653	533	530	0	508	479	897	828	566	529	746	519	340	653	645	568	409	832	421	884	427	549	487	489	639	423	303	395	582	838	639	532	319	538	566	470	853	491	451	440	300	324	318	394	739	
632	372	868	648	492	684	696	540	793	837	509	708	733	628	425	705	773	701	856	508	0	856	482	438	763	578	500	668	734	335	392	700	486	366	730	641	883	415	472	418	360	535	388	324	437	814	777	564	691	448	332	618	864	829	599	744	845	784	724	343	311	
303	732	563	805	686	427	707	885	307	648	492	736	307	648	427	349	372	861	530	479	856	0	315	524	460	716	894	719	861	881	670	794	563	361	383	417	336	383	341	581	825	856	761	838	342	882	818	431	360	591	379	744	579	675	548	384	485	527	639	408	493	
483	476	761	479	747	452	873	800	714	704	466	856	884	801	893	386	423	401	684	897	482	315	0	738	505	525	544	303	664	811	648	857	875	696	675	895	514	307	739	404	898	472	401	450	779	447	367	542	381	312	380	774	752	318	445	445	481	897	445	583	596	
575	388	799	843	769	432	618	394	789	504	672	582	396	627	579	633	599	735	856	828	438	524	738	0	711	844	746	517	684	571	873	377	359	821	670	346	790	838	673	705	322	416	674	658	707	832	516	807	314	858	346	851	721	466	332	737	438	422	351	657	512	
784	362	424	626	725	371	883	569	426	549	450	686	364	666	516	765	343	628	795	566	763	460	505	711	0	894	611	527	552	484	790	447	745	370	379	466	370	532	410	619	426	748	364	351	795	584	657	416	722	641	563	686	645	468	803	759	584	894	347	575	348	
617	369	854	729	306	435	748	788	816	494	617	515	647	318	361	588	312	791	898	529	578	716	525	844	894	0	793	387	328	863	472	711	520	836	387	711	664	564	635	731	774	793	417	613	428	528	758	449	442	821	831	474	636	778	567	580	516	671	550	449	670	
740	559	856	637	314	342	664	400	507	675	618	593	833	379	720	898	763	404	634	746	500	894	544	746	611	793	0	804	321	795	828	540	738	358	434	687	772	587	408	523	591	879	727	535	747	746	813	878	558	680	831	544	382	849	417	777	841	819	598	310	537	
503	635	603	812	443	359	489	671	651	456	473	801	759	419	377	546	865	588	651	519	668	719	303	517	527	387	804	0	702	517	494	682	474	369	485	373	795	571	537	379	717	413	852	323	368	824	315	653	334	866	614	436	400	646	414	311	660	318	399	651	644	
444	694	612	358	623	834	514	559	876	337	835	427	895	761	518	363	731	445	407	340	734	861	664	684	552	328	321	702	0	491	519	564	352	388	862	827	591	655	749	694	548	717	530	631	736	513	439	581	709	670	545	707	391	838	347	897	767	460	519	853	455	
620	423	381	893	668	680	732	323	590	568	505	691	520	446	756	886	871	333	641	653	335	881	811	571	484	863	795	517	491	0	732	465	878	847	827	536	349	672	462	584	483	467	325	645	665	488	421	510	788	427	653	571	396	374	387	590	622	508	343	880	481	
704	381	460	377	687	311	419	713	573	760	887	549	489	498	694	836	620	599	812	645	392	670	648	873	790	472	828	494	519	732	0	427	707	774	379	594	795	551	698	836	624	615	849	549	333	759	806	798	681	502	502	885	678	480	844	597	865	648	339	336	718	
899	316	369	844	660	410	796	643	783	653	327	794	475	653	896	798	315	792	509	568	700	794	857	377	447	711	540	682	564	465	427	0	556	876	456	547	342	604	324	334	559	656	434	822	817	463	377	764	353	472	360	818	490	401	723	546	458	813	521	732	426	
527	602	843	503	447	327	415	469	592	439	858	773	712	449	877	712	769	430	736	409	486	563	875	359	745	520	738	474	352	878	707	556	0	500	723	805	594	733	561	642	635	506	563	858	784	520	643	889	579	661	792	351	607	359	705	775	321	828	318	576	701	
440	321	508	830	785	317	796	690	324	582	764	891	644	491	830	649	644	507	330	832	366	361	696	821	370	836	358	369	388	847	774	876	500	0	884	620	316	703	601	845	395	541	780	660	606	816	861	780	309	623	611	836	435	807	337	352	321	322	317	380	853	
589	478	810	516	680	639	859	499	560	396	633	637	751	624	372	691	342	488	664	421	730	383	675	670	379	387	434	485	862	827	379	456	723	884	0	367	418	567	696	849	608	364	537	434	454	841	309	436	374	498	554	537	672	645	383	367	799	415	769	498	575	
828	556	756	351	615	827	811	581	554	536	812	332	528	674	881	333	524	791	437	884	641	417	895	346	466	711	687	373	827	536	594	547	805	620	367	0	501	481	353	453	891	531	624	345	784	437	346	728	508	479	388	586	484	885	712	711	817	326	365	539	421	
516	441	753	483	480	870	760	582	461	362	487	311	376	634	707	721	599	774	692	427	883	336	514	790	370	664	772	795	591	349	795	342	594	316	418	501	0	554	515	811	468	450	532	785	313	462	329	755	868	341	774	327	674	489	813	354	384	669	708	477	537	
649	554	764	446	820	744	656	660	327	877	804	439	735	661	565	594	680	576	440	549	415	383	307	838	532	564	587	571	655	672	551	604	733	703	567	481	554	0	686	467	435	577	883	896	869	551	646	389	809	694	391	741	756	575	350	684	539	450	618	436	615	
383	511	620	715	538	847	877	517	734	846	651	704	737	652	666	612	525	600	783	487	472	341	739	673	410	635	408	537	749	462	698	324	561	601	696	353	515	686	0	417	594	367	724	890	588	720	865	693	354	431	776	479	874	551	401	353	566	604	512	775	708	
658	413	630	636	787	603	843	417	319	871	781	309	420	847	486	864	773	620	816	489	418	581	404	705	619	731	523	379	694	584	836	334	642	845	849	453	811	467	417	0	524	531	713	429	467	778	426	879	822	522	409	408	839	854	585	308	306	392	352	495	735	
381	504	569	700	498	474	323	608	370	873	745	755	386	492	485	833	309	649	563	639	360	825	898	322	426	774	591	717	548	483	624	559	635	395	608	891	468	435	594	524	0	868	511	303	837	571	747	527	834	490	706	563	663	498	340	685	648	523	749	720	639	
510	756	816	856	875	634	885	524	378	422	323	838	840	433	851	696	820	853	365	423	535	856	472	416	748	793	879	413	717	467	615	656	506	541	364	531	450	577	367	531	868	0	379	753	598	740	782	774	401	881	467	781	673	345	373	406	506	578	369	372	499	
424	314	668	447	499	671	459	713	697	340	470	431	745	368	676	624	889	449	567	303	388	761	401	674	364	417	727	852	530	325	849	434	563	780	537	624	532	883	724	713	511	379	0	372	673	624	696	669	396	749	694	685	592	692	433	596	706	481	891	470	627	
596	856	864	500	451	728	728	890	560	497	728	728	333	646	542	367	814	588	866	395	324	838	450	658	351	613	535	323	631	645	549	822	858	660	434	345	785	896	890	429	303	753	372	0	705	812	504	395	707	872	899	640	423	544	624	333	472	548	596	329	493	
342	487	794	544	689	785	345	673	791	403	777	695	381	741	876	590	726	479	608	582	437	342	779	707	795	428	747	368	736	665	333	817	784	606	454	784	313	869	588	467	837	598	673	705	0	566	731	645	623	854	814	831	536	692	875	566	811	422	757	608	456	
556	592	672	889	552	726	845	563	652	514	571	649	319	756	407	322	614	823	879	838	814	882	447	832	584	528	746	824	513	488	759	463	520	816	841	437	462	551	720	778	571	740	624	812	566	0	512	622	764	540	669	636	495	751	362	789	896	310	806	828	512	
871	300	418	797	315	829	464	640	821	347	362	634	472	528	547	372	761	702	669	639	777	818	367	516	657	758	813	315	439	421	806	377	643	861	309	346	329	646	865	426	747	782	696	504	731	512	0	490	578	794	822	743	336	544	856	493	370	783	773	394	802	
647	628	525	645	738	565	812	695	875	802	873	615	483	323	320	393	517	899	340	532	564	431	542	807	416	449	878	653	581	510	798	764	889	780	436	728	755	389	693	879	527	774	669	395	645	622	490	0	710	609	362	832	497	360	533	719	798	336	560	836	392	
608	793	386	367	420	675	684	703	792	621	677	475	615	549	878	603	343	401	451	319	691	360	381	314	722	442	558	334	709	788	681	353	579	309	374	508	868	809	354	822	834	401	396	707	623	764	578	710	0	372	668	839	663	523	813	865	695	600	414	577	402	
710	578	622	433	627	408	752	324	345	744	711	604	841	331	705	386	309	801	870	538	448	591	312	858	641	821	680	866	670	427	502	472	661	623	498	479	341	694	431	522	490	881	749	872	854	540	794	609	372	0	819	545	562	741	495	474	434	408	458	333	779	
493	490	358	459	740	762	362	817	385	478	440	548	896	866	408	795	829	306	555	566	332	379	380	346	563	831	831	614	545	653	502	360	792	611	554	388	774	391	776	409	706	467	694	899	814	669	822	362	668	819	0	560	639	565	654	466	323	516	310	729	830	
669	764	780	800	308	567	612	868	530	897	511	718	832	818	815	477	403	324	317	470	618	744	774	851	686	474	544	436	707	571	885	818	351	836	537	586	327	741	479	408	563	781	685	640	831	636	743	832	839	545	560	0	408	897	863	386	382	844	728	729	664	
333	468	446	889	354	601	404	579	488	670	794	781	319	438	667	882	753	512	391	853	864	579	752	721	645	636	382	400	391	396	678	490	607	435	672	484	674	756	874	839	663	673	592	423	536	495	336	497	663	562	639	408	0	389	466	549	477	488	468	878	639	
861	755	774	564	703	530	404	348	724	481	342	613	601	752	334	332	896	746	510	491	829	675	318	466	468	778	849	646	838	374	480	401	359	807	645	885	489	575	551	854	498	345	692	544	692	751	544	360	523	741	565	897	389	0	896	807	742	602	581	466	750	
356	691	515	689	531	324	733	479	753	407	483	742	650	440	356	474	586	428	457	451	599	548	445	332	803	567	417	414	347	387	844	723	705	337	383	712	813	350	401	585	340	373	433	624	875	362	856	533	813	495	654	863	466	896	0	693	788	721	799	725	883	
738	563	441	554	686	540	618	542	872	561	860	844	345	820	439	669	342	304	684	440	744	384	445	737	759	580	777	311	897	590	597	546	775	352	367	711	354	684	353	308	685	406	596	333	566	789	493	719	865	474	466	386	549	807	693	0	499	381	687	565	876	
686	415	893	407	858	461	702	490	495	793	473	671	325	791	373	401	710	675	330	300	845	485	481	438	584	516	841	660	767	622	865	458	321	321	799	817	384	539	566	306	648	506	706	472	811	896	370	798	695	434	323	382	477	742	788	499	0	743	415	446	384	
840	352	343	613	796	371	537	676	867	805	580	579	634	763	353	795	368	531	423	324	784	527	897	422	894	671	819	318	460	508	648	813	828	322	415	326	669	450	604	392	523	578	481	548	422	310	783	336	600	408	516	844	488	602	721	381	743	0	377	747	684	
744	421	698	458	898	706	676	738	790	466	429	517	844	356	321	424	599	384	658	318	724	639	445	351	347	550	598	399	519	343	339	521	318	317	769	365	708	618	512	352	749	369	891	596	757	806	773	560	414	458	310	728	468	581	799	687	415	377	0	428	464	
605	673	444	375	538	325	572	402	320	680	632	489	355	784	439	350	631	869	735	394	343	408	583	657	575	449	310	651	853	880	336	732	576	380	498	539	477	436	775	495	720	372	470	329	608	828	394	836	577	333	729	729	878	466	725	565	446	747	428	0	721	
587	338	810	623	875	300	705	545	646	680	612	488	513	597	746	879	548	894	847	739	311	493	596	512	348	670	537	644	455	481	718	426	701	853	575	421	537	615	708	735	639	499	627	493	456	512	802	392	402	779	830	664	639	750	883	876	384	684	464	721	0	
etats
Id_Station	Poids W	Min (P)	WSPT	Priorité	
1	2	311	44,43	17	
2	3	304	304,00	52	
3	3	302	60,40	25	
4	9	300	75,00	29	
5	3	301	150,50	45	
6	1	300	150,00	43	
7	7	300	150,00	44	
8	6	302	302,00	49	
9	1	304	38,00	10	
10	6	302	50,33	20	
11	6	300	33,33	1	
12	9	301	37,63	8	
13	8	319	106,33	42	
14	8	301	43,00	14	
15	3	329	329,00	58	
16	4	301	33,44	2	
17	5	302	100,67	39	
18	7	301	75,25	30	
19	2	301	100,33	38	
20	8	303	43,29	15	
21	8	309	61,80	28	
22	2	306	51,00	22	
23	6	309	103,00	41	
24	8	314	78,50	36	
25	2	331	331,00	59	
26	3	301	301,00	48	
27	1	310	38,75	11	
28	3	306	34,00	4	
29	1	307	34,11	5	
30	8	304	304,00	53	
31	3	326	54,33	23	
32	4	303	101,00	40	
33	6	300	60,00	24	
34	8	301	37,63	9	
35	2	300	300,00	47	
36	4	327	46,71	18	
37	3	308	77,00	35	
38	2	301	33,44	3	
39	5	304	60,80	26	
40	9	312	34,67	7	
41	1	327	327,00	57	
42	5	319	319,00	56	
43	7	302	75,50	32	
44	2	301	75,25	31	
45	4	328	82,00	37	
46	3	303	43,29	16	
47	1	306	306,00	54	
48	7	303	50,50	21	
49	3	337	337,00	60	
50	6	323	40,38	12	
51	8	308	61,60	27	
52	1	306	76,50	34	
53	6	302	302,00	50	
54	3	300	50,00	19	
55	7	307	34,11	6	
56	2	301	150,50	46	
57	2	300	42,86	13	
58	3	311	311,00	55	
59	1	304	76,00	33	
60	6	303	303,00	51	
