distances
0	710	588	824	543	362	748	343	376	489	837	865	562	410	753	589	515	562	600	811	528	374	426	360	727	882	591	613	658	561	805	681	706	361	857	434	687	430	666	591	674	877	859	814	651	320	553	803	875	599	464	552	786	526	461	537	827	339	632	635	387	
710	0	502	326	646	562	413	346	783	875	627	494	467	793	786	650	533	830	552	500	516	540	577	876	855	365	714	407	515	822	822	408	737	365	679	861	777	399	716	555	616	338	656	622	384	805	404	509	370	893	428	655	502	356	765	852	509	736	728	375	545	
588	502	0	482	811	894	589	732	612	622	425	690	701	771	541	624	530	486	793	763	803	437	766	709	575	329	883	509	854	653	792	384	410	714	381	509	478	416	406	606	742	574	552	760	689	692	573	569	400	399	491	639	733	799	383	376	701	355	737	739	507	
824	326	482	0	700	684	830	425	755	557	799	532	408	475	498	787	668	512	628	731	458	875	356	314	460	616	603	803	631	555	800	503	793	601	322	526	332	503	801	539	839	798	713	896	720	492	509	369	462	425	318	302	416	742	888	487	379	386	310	456	404	
543	646	811	700	0	864	429	448	491	575	738	632	495	493	829	852	558	313	483	504	805	531	382	734	772	484	640	713	582	609	511	520	805	507	305	620	731	799	754	756	600	573	895	886	661	528	650	888	582	419	459	710	496	836	837	302	472	457	830	620	571	
362	562	894	684	864	0	585	336	351	778	659	876	757	555	534	715	666	754	403	784	591	526	561	470	595	749	328	533	765	625	636	389	428	697	810	656	638	486	524	774	642	409	601	731	894	549	364	470	555	874	384	518	890	788	387	685	854	614	349	583	531	
748	413	589	830	429	585	0	664	823	603	793	692	819	887	454	544	722	480	421	661	508	870	837	443	884	435	766	415	518	353	511	668	522	761	412	465	497	638	422	337	869	883	426	757	838	740	459	496	647	709	574	481	845	600	310	473	772	817	869	427	504	
343	346	732	425	448	336	664	0	555	818	639	549	652	391	533	786	548	408	591	653	410	769	863	450	335	740	838	337	380	716	528	813	419	450	300	384	700	305	441	784	893	763	480	811	697	882	500	859	346	767	360	817	417	544	569	566	895	727	788	734	706	
376	783	612	755	491	351	823	555	0	842	756	371	350	334	564	446	752	435	681	750	825	824	530	893	549	370	823	657	875	354	326	505	437	676	856	852	848	461	773	354	421	826	544	711	526	813	399	847	649	566	741	882	463	661	534	859	724	383	303	432	400	
489	875	622	557	575	778	603	818	842	0	600	678	815	783	473	400	766	596	410	306	592	670	535	546	467	891	507	661	655	655	521	549	397	482	395	823	455	502	594	465	737	682	831	439	572	702	608	598	730	798	692	622	764	378	827	745	878	592	847	450	609	
837	627	425	799	738	659	793	639	756	600	0	368	605	362	612	734	302	688	623	582	771	777	600	867	429	809	649	683	838	852	805	718	852	412	446	353	816	792	709	592	478	799	491	852	819	786	586	849	492	516	706	603	857	574	502	368	841	323	522	461	540	
865	494	690	532	632	876	692	549	371	678	368	0	523	582	685	767	468	840	754	800	470	365	316	467	345	333	616	643	318	504	569	652	422	571	725	623	805	488	845	766	464	758	548	772	873	792	444	834	716	448	318	398	574	327	323	372	524	449	742	710	502	
562	467	701	408	495	757	819	652	350	815	605	523	0	784	868	502	332	511	398	840	362	607	850	449	300	322	777	877	721	676	416	359	428	395	458	841	359	465	767	716	362	503	328	674	749	488	341	488	806	416	848	554	502	880	829	545	890	524	796	585	433	
410	793	771	475	493	555	887	391	334	783	362	582	784	0	641	608	480	564	764	779	312	858	884	468	792	614	581	464	364	720	777	602	505	372	742	850	786	353	823	870	725	718	470	348	483	429	330	796	685	600	570	840	532	824	641	574	878	669	611	808	357	
753	786	541	498	829	534	454	533	564	473	612	685	868	641	0	407	697	446	642	431	434	563	412	743	607	663	339	733	549	500	694	642	477	843	635	535	782	514	559	663	505	730	614	813	708	376	740	586	420	716	663	491	422	720	611	300	891	643	488	402	629	
589	650	624	787	852	715	544	786	446	400	734	767	502	608	407	0	892	484	701	387	779	386	637	499	802	483	890	879	585	372	835	835	729	514	827	315	468	736	603	441	489	400	441	661	839	491	699	400	522	494	465	368	633	707	577	340	380	821	449	529	781	
515	533	530	668	558	666	722	548	752	766	302	468	332	480	697	892	0	639	834	583	842	438	521	404	487	889	571	766	344	675	725	858	742	659	745	519	792	757	319	819	413	359	556	388	515	635	783	808	732	801	451	709	878	598	450	371	873	368	836	313	731	
562	830	486	512	313	754	480	408	435	596	688	840	511	564	446	484	639	0	652	869	419	384	742	660	339	518	389	870	477	622	396	365	892	620	892	881	832	541	809	325	732	829	646	770	701	862	327	885	765	699	486	465	891	700	887	755	378	783	662	339	314	
600	552	793	628	483	403	421	591	681	410	623	754	398	764	642	701	834	652	0	380	779	788	849	559	864	411	724	889	573	409	773	637	824	855	732	804	574	465	840	331	631	501	613	389	433	625	734	825	307	634	521	367	353	407	633	722	378	847	740	898	372	
811	500	763	731	504	784	661	653	750	306	582	800	840	779	431	387	583	869	380	0	747	531	411	539	757	376	807	337	858	563	676	701	876	846	713	594	543	671	554	609	799	690	381	610	662	667	648	738	693	661	795	399	551	653	752	367	535	553	516	861	741	
528	516	803	458	805	591	508	410	825	592	771	470	362	312	434	779	842	419	779	747	0	803	873	553	602	640	692	554	693	408	818	605	372	534	728	853	325	413	615	628	702	826	593	555	481	488	636	369	403	609	597	442	816	455	883	538	359	678	432	538	792	
374	540	437	875	531	526	870	769	824	670	777	365	607	858	563	386	438	384	788	531	803	0	600	556	482	769	637	860	681	812	657	396	368	517	389	640	849	312	693	830	505	420	688	481	721	311	542	702	747	886	665	613	672	395	467	780	770	861	777	686	595	
426	577	766	356	382	561	837	863	530	535	600	316	850	884	412	637	521	742	849	411	873	600	0	782	743	522	851	468	509	823	683	764	618	763	376	709	558	795	441	379	612	509	827	861	816	673	828	869	373	535	754	783	871	435	344	745	304	710	411	420	327	
360	876	709	314	734	470	443	450	893	546	867	467	449	468	743	499	404	660	559	539	553	556	782	0	788	432	597	315	575	545	646	557	639	500	801	477	563	431	671	400	433	372	433	379	624	381	690	340	377	346	708	655	533	518	570	470	446	772	391	323	597	
727	855	575	460	772	595	884	335	549	467	429	345	300	792	607	802	487	339	864	757	602	482	743	788	0	446	583	527	892	556	880	670	528	543	346	357	443	836	398	386	625	528	412	406	444	350	393	435	343	376	400	483	672	458	327	521	813	792	516	454	817	
882	365	329	616	484	749	435	740	370	891	809	333	322	614	663	483	889	518	411	376	640	769	522	432	446	0	627	474	403	691	476	736	301	677	454	601	621	881	508	765	786	363	505	884	635	527	606	349	803	750	882	394	474	400	815	453	693	484	765	795	732	
591	714	883	603	640	328	766	838	823	507	649	616	777	581	339	890	571	389	724	807	692	637	851	597	583	627	0	746	466	457	300	675	541	345	604	446	305	848	372	831	345	337	789	650	878	868	501	726	378	677	592	548	425	728	844	390	685	341	397	739	482	
613	407	509	803	713	533	415	337	657	661	683	643	877	464	733	879	766	870	889	337	554	860	468	315	527	474	746	0	537	692	629	603	300	844	745	822	763	338	763	827	486	770	353	897	322	667	535	587	611	709	410	410	761	536	427	588	856	659	514	778	545	
658	515	854	631	582	765	518	380	875	655	838	318	721	364	549	585	344	477	573	858	693	681	509	575	892	403	466	537	0	545	740	526	770	758	502	787	403	410	469	603	557	780	686	489	660	887	628	441	682	451	626	822	358	846	723	796	674	439	444	352	419	
561	822	653	555	609	625	353	716	354	655	852	504	676	720	500	372	675	622	409	563	408	812	823	545	556	691	457	692	545	0	687	415	706	384	802	536	304	614	437	319	868	484	628	341	328	677	519	367	474	370	325	700	688	400	728	758	758	581	322	501	811	
805	822	792	800	511	636	511	528	326	521	805	569	416	777	694	835	725	396	773	676	818	657	683	646	880	476	300	629	740	687	0	691	626	876	614	723	560	723	787	386	700	796	669	898	442	599	750	877	875	463	721	665	604	623	526	311	619	744	640	848	401	
681	408	384	503	520	389	668	813	505	549	718	652	359	602	642	835	858	365	637	701	605	396	764	557	670	736	675	603	526	415	691	0	659	604	354	383	625	698	868	796	480	703	776	429	408	372	446	695	308	421	461	761	463	577	777	333	670	358	352	487	608	
706	737	410	793	805	428	522	419	437	397	852	422	428	505	477	729	742	892	824	876	372	368	618	639	528	301	541	300	770	706	626	659	0	675	481	656	593	330	444	444	826	826	813	718	874	550	808	761	821	728	326	498	705	558	525	659	470	639	628	394	822	
361	365	714	601	507	697	761	450	676	482	412	571	395	372	843	514	659	620	855	846	534	517	763	500	543	677	345	844	758	384	876	604	675	0	354	489	489	753	681	442	845	461	880	897	897	865	592	608	479	608	757	448	411	679	380	571	422	850	652	834	358	
857	679	381	322	305	810	412	300	856	395	446	725	458	742	635	827	745	892	732	713	728	389	376	801	346	454	604	745	502	802	614	354	481	354	0	894	827	679	447	826	590	572	445	490	547	741	526	560	731	671	443	409	439	539	350	463	506	766	431	333	691	
434	861	509	526	620	656	465	384	852	823	353	623	841	850	535	315	519	881	804	594	853	640	709	477	357	601	446	822	787	536	723	383	656	489	894	0	579	768	618	706	368	889	612	551	478	845	613	838	470	898	762	524	638	714	698	626	480	720	790	309	774	
687	777	478	332	731	638	497	700	848	455	816	805	359	786	782	468	792	832	574	543	325	849	558	563	443	621	305	763	403	304	560	625	593	489	827	579	0	548	643	851	547	342	342	883	323	364	354	381	358	888	463	818	873	716	340	373	617	304	481	888	749	
430	399	416	503	799	486	638	305	461	502	792	488	465	353	514	736	757	541	465	671	413	312	795	431	836	881	848	338	410	614	723	698	330	753	679	768	548	0	436	360	492	338	582	484	655	744	856	896	867	628	542	568	528	680	431	464	357	840	848	435	800	
666	716	406	801	754	524	422	441	773	594	709	845	767	823	559	603	319	809	840	554	615	693	441	671	398	508	372	763	469	437	787	868	444	681	447	618	643	436	0	435	463	301	890	601	477	373	863	528	400	751	800	507	589	456	863	888	472	695	799	575	580	
591	555	606	539	756	774	337	784	354	465	592	766	716	870	663	441	819	325	331	609	628	830	379	400	386	765	831	827	603	319	386	796	444	442	826	706	851	360	435	0	702	708	647	819	838	856	858	354	812	412	556	712	700	722	822	713	687	694	626	309	858	
674	616	742	839	600	642	869	893	421	737	478	464	362	725	505	489	413	732	631	799	702	505	612	433	625	786	345	486	557	868	700	480	826	845	590	368	547	492	463	702	0	892	894	531	802	338	581	769	652	374	805	349	390	813	804	615	395	482	652	815	691	
877	338	574	798	573	409	883	763	826	682	799	758	503	718	730	400	359	829	501	690	826	420	509	372	528	363	337	770	780	484	796	703	826	461	572	889	342	338	301	708	892	0	328	388	853	723	541	555	511	896	483	814	703	646	610	334	708	690	729	651	643	
859	656	552	713	895	601	426	480	544	831	491	548	328	470	614	441	556	646	613	381	593	688	827	433	412	505	789	353	686	628	669	776	813	880	445	612	342	582	890	647	894	328	0	853	546	483	802	666	395	306	823	845	898	826	316	340	854	792	714	885	832	
814	622	760	896	886	731	757	811	711	439	852	772	674	348	813	661	388	770	389	610	555	481	861	379	406	884	650	897	489	341	898	429	718	897	490	551	883	484	601	819	531	388	853	0	473	887	525	483	382	704	518	343	595	781	488	520	319	494	728	401	661	
651	384	689	720	661	894	838	697	526	572	819	873	749	483	708	839	515	701	433	662	481	721	816	624	444	635	878	322	660	328	442	408	874	897	547	478	323	655	477	838	802	853	546	473	0	526	621	505	503	711	791	822	346	440	488	445	615	471	485	304	463	
320	805	692	492	528	549	740	882	813	702	786	792	488	429	376	491	635	862	625	667	488	311	673	381	350	527	868	667	887	677	599	372	550	865	741	845	364	744	373	856	338	723	483	887	526	0	682	435	643	688	769	642	721	462	361	428	566	449	873	524	794	
553	404	573	509	650	364	459	500	399	608	586	444	341	330	740	699	783	327	734	648	636	542	828	690	393	606	501	535	628	519	750	446	808	592	526	613	354	856	863	858	581	541	802	525	621	682	0	560	333	861	529	877	325	645	395	739	465	828	321	886	601	
803	509	569	369	888	470	496	859	847	598	849	834	488	796	586	400	808	885	825	738	369	702	869	340	435	349	726	587	441	367	877	695	761	608	560	838	381	896	528	354	769	555	666	483	505	435	560	0	406	369	416	537	414	708	310	612	519	371	577	404	449	
875	370	400	462	582	555	647	346	649	730	492	716	806	685	420	522	732	765	307	693	403	747	373	377	343	803	378	611	682	474	875	308	821	479	731	470	358	867	400	812	652	511	395	382	503	643	333	406	0	605	338	837	828	338	544	695	544	359	726	540	397	
599	893	399	425	419	874	709	767	566	798	516	448	416	600	716	494	801	699	634	661	609	886	535	346	376	750	677	709	451	370	463	421	728	608	671	898	888	628	751	412	374	896	306	704	711	688	861	369	605	0	759	758	855	307	568	349	613	851	480	524	806	
464	428	491	318	459	384	574	360	741	692	706	318	848	570	663	465	451	486	521	795	597	665	754	708	400	882	592	410	626	325	721	461	326	757	443	762	463	542	800	556	805	483	823	518	791	769	529	416	338	759	0	736	603	426	451	325	726	304	772	836	633	
552	655	639	302	710	518	481	817	882	622	603	398	554	840	491	368	709	465	367	399	442	613	783	655	483	394	548	410	822	700	665	761	498	448	409	524	818	568	507	712	349	814	845	343	822	642	877	537	837	758	736	0	879	704	749	874	504	468	419	507	672	
786	502	733	416	496	890	845	417	463	764	857	574	502	532	422	633	878	891	353	551	816	672	871	533	672	474	425	761	358	688	604	463	705	411	439	638	873	528	589	700	390	703	898	595	346	721	325	414	828	855	603	879	0	559	652	722	368	807	377	893	623	
526	356	799	742	836	788	600	544	661	378	574	327	880	824	720	707	598	700	407	653	455	395	435	518	458	400	728	536	846	400	623	577	558	679	539	714	716	680	456	722	813	646	826	781	440	462	645	708	338	307	426	704	559	0	810	778	378	825	673	690	380	
461	765	383	888	837	387	310	569	534	827	502	323	829	641	611	577	450	887	633	752	883	467	344	570	327	815	844	427	723	728	526	777	525	380	350	698	340	431	863	822	804	610	316	488	488	361	395	310	544	568	451	749	652	810	0	332	463	634	408	542	637	
537	852	376	487	302	685	473	566	859	745	368	372	545	574	300	340	371	755	722	367	538	780	745	470	521	453	390	588	796	758	311	333	659	571	463	626	373	464	888	713	615	334	340	520	445	428	739	612	695	349	325	874	722	778	332	0	591	757	524	836	593	
827	509	701	379	472	854	772	895	724	878	841	524	890	878	891	380	873	378	378	535	359	770	304	446	813	693	685	856	674	758	619	670	470	422	506	480	617	357	472	687	395	708	854	319	615	566	465	519	544	613	726	504	368	378	463	591	0	863	706	325	511	
339	736	355	386	457	614	817	727	383	592	323	449	524	669	643	821	368	783	847	553	678	861	710	772	792	484	341	659	439	581	744	358	639	850	766	720	304	840	695	694	482	690	792	494	471	449	828	371	359	851	304	468	807	825	634	757	863	0	773	301	730	
632	728	737	310	830	349	869	788	303	847	522	742	796	611	488	449	836	662	740	516	432	777	411	391	516	765	397	514	444	322	640	352	628	652	431	790	481	848	799	626	652	729	714	728	485	873	321	577	726	480	772	419	377	673	408	524	706	773	0	469	814	
635	375	739	456	620	583	427	734	432	450	461	710	585	808	402	529	313	339	898	861	538	686	420	323	454	795	739	778	352	501	848	487	394	834	333	309	888	435	575	309	815	651	885	401	304	524	886	404	540	524	836	507	893	690	542	836	325	301	469	0	424	
387	545	507	404	571	531	504	706	400	609	540	502	433	357	629	781	731	314	372	741	792	595	327	597	817	732	482	545	419	811	401	608	822	358	691	774	749	800	580	858	691	643	832	661	463	794	601	449	397	806	633	672	623	380	637	593	511	730	814	424	0	
etats
Id_Station	Poids W	Min (P)	WSPT	Priorité	
1	6	301	37,63	7	
2	1	319	319,00	59	
3	3	301	301,00	50	
4	5	302	33,56	3	
5	8	304	152,00	41	
6	4	305	76,25	33	
7	7	301	60,20	25	
8	3	305	305,00	53	
9	1	302	50,33	20	
10	9	309	154,50	45	
11	4	300	42,86	13	
12	7	319	39,88	12	
13	1	314	52,33	21	
14	1	331	47,29	19	
15	4	301	60,20	26	
16	8	301	33,44	1	
17	7	306	306,00	55	
18	2	307	43,86	17	
19	9	301	150,50	40	
20	1	300	300,00	49	
21	1	313	62,60	30	
22	4	305	152,50	43	
23	1	306	102,00	38	
24	6	303	37,88	9	
25	6	308	38,50	10	
26	4	309	309,00	58	
27	1	301	75,25	31	
28	5	307	34,11	5	
29	4	320	160,00	46	
30	8	308	38,50	11	
31	6	315	78,75	34	
32	3	302	100,67	36	
33	2	302	37,75	8	
34	4	301	60,20	27	
35	9	310	62,00	29	
36	1	305	61,00	28	
37	2	303	75,75	32	
38	1	332	55,33	23	
39	7	305	305,00	54	
40	7	318	53,00	22	
41	5	327	109,00	39	
42	7	330	165,00	47	
43	1	300	60,00	24	
44	9	301	33,44	2	
45	8	328	46,86	18	
46	8	303	43,29	16	
47	1	306	306,00	56	
48	1	327	81,75	35	
49	7	337	337,00	60	
50	4	307	307,00	57	
51	8	304	101,33	37	
52	8	306	34,00	4	
53	8	302	302,00	51	
54	9	342	171,00	48	
55	3	307	153,50	44	
56	1	301	43,00	15	
57	3	300	42,86	14	
58	9	304	152,00	42	
59	5	319	35,44	6	
60	9	303	303,00	52	
