distances
0	718	399	482	733	753	409	684	661	696	307	496	479	455	424	510	758	445	600	481	327	
718	0	394	640	433	516	316	342	640	728	314	332	485	683	671	371	482	352	735	787	751	
399	394	0	789	393	376	714	628	760	695	599	786	572	626	666	771	327	536	638	756	600	
482	640	789	0	757	790	305	387	377	408	683	753	646	462	408	601	609	619	798	687	320	
733	433	393	757	0	722	462	738	741	712	746	539	371	697	401	688	371	598	536	329	528	
753	516	376	790	722	0	634	751	785	784	646	703	727	399	511	491	593	498	588	789	638	
409	316	714	305	462	634	0	736	612	625	389	445	483	570	555	644	666	707	788	547	746	
684	342	628	387	738	751	736	0	602	649	306	723	618	622	318	677	709	409	368	552	351	
661	640	760	377	741	785	612	602	0	590	392	343	645	415	322	644	389	578	770	543	701	
696	728	695	408	712	784	625	649	590	0	492	764	707	388	616	446	737	399	361	613	303	
307	314	599	683	746	646	389	306	392	492	0	345	733	336	665	415	429	473	450	491	601	
496	332	786	753	539	703	445	723	343	764	345	0	656	386	687	360	338	698	465	622	363	
479	485	572	646	371	727	483	618	645	707	733	656	0	775	787	374	421	415	750	323	731	
455	683	626	462	697	399	570	622	415	388	336	386	775	0	578	517	361	697	797	474	775	
424	671	666	408	401	511	555	318	322	616	665	687	787	578	0	462	739	455	592	635	369	
510	371	771	601	688	491	644	677	644	446	415	360	374	517	462	0	400	629	421	422	370	
758	482	327	609	371	593	666	709	389	737	429	338	421	361	739	400	0	784	386	544	723	
445	352	536	619	598	498	707	409	578	399	473	698	415	697	455	629	784	0	651	711	731	
600	735	638	798	536	588	788	368	770	361	450	465	750	797	592	421	386	651	0	635	580	
481	787	756	687	329	789	547	552	543	613	491	622	323	474	635	422	544	711	635	0	450	
327	751	600	320	528	638	746	351	701	303	601	363	731	775	369	370	723	731	580	450	0	
etats
Id_Station	Poids W	Min (P)	WSPT	Priorité	
1	3	300	33,33	1	
2	2	304	33,78	2	
3	3	322	35,78	3	
4	3	304	38,00	4	
5	8	324	46,29	5	
6	7	340	48,57	6	
7	9	309	51,50	7	
8	8	309	61,80	8	
9	8	331	66,20	9	
10	7	304	76,00	10	
11	7	300	150,00	11	
12	1	305	152,50	12	
13	1	315	157,50	13	
14	5	320	160,00	14	
15	6	322	161,00	15	
16	8	312	312,00	16	
17	5	324	324,00	17	
18	5	324	324,00	18	
19	9	324	324,00	19	
20	9	349	349,00	20	
