distances
0	445	565	471	748	509	392	746	613	630	715	404	491	422	624	599	701	760	465	728	587	
445	0	783	660	713	781	462	738	319	748	634	659	556	430	619	446	303	692	420	386	477	
565	783	0	546	541	501	324	643	528	448	589	391	439	601	453	519	733	767	563	349	756	
471	660	546	0	499	661	751	482	728	592	443	412	610	505	608	599	328	464	471	667	794	
748	713	541	499	0	696	708	577	604	369	505	477	760	331	353	407	654	370	585	463	381	
509	781	501	661	696	0	596	365	303	463	697	418	468	549	305	375	442	674	764	446	774	
392	462	324	751	708	596	0	407	507	643	708	656	434	759	416	513	479	700	355	793	427	
746	738	643	482	577	365	407	0	474	336	310	502	351	559	683	749	437	730	565	628	773	
613	319	528	728	604	303	507	474	0	687	511	541	557	762	570	381	561	651	726	671	769	
630	748	448	592	369	463	643	336	687	0	481	773	498	750	691	407	692	542	482	353	541	
715	634	589	443	505	697	708	310	511	481	0	732	583	405	627	638	403	597	592	671	525	
404	659	391	412	477	418	656	502	541	773	732	0	675	741	607	696	717	344	452	489	677	
491	556	439	610	760	468	434	351	557	498	583	675	0	511	666	691	707	449	738	469	393	
422	430	601	505	331	549	759	559	762	750	405	741	511	0	422	749	645	421	443	453	421	
624	619	453	608	353	305	416	683	570	691	627	607	666	422	0	775	658	753	379	689	562	
599	446	519	599	407	375	513	749	381	407	638	696	691	749	775	0	711	736	408	789	768	
701	303	733	328	654	442	479	437	561	692	403	717	707	645	658	711	0	559	795	780	650	
760	692	767	464	370	674	700	730	651	542	597	344	449	421	753	736	559	0	610	741	626	
465	420	563	471	585	764	355	565	726	482	592	452	738	443	379	408	795	610	0	668	699	
728	386	349	667	463	446	793	628	671	353	671	489	469	453	689	789	780	741	668	0	314	
587	477	756	794	381	774	427	773	769	541	525	677	393	421	562	768	650	626	699	314	0	
etats
Id_Station	Poids W	Min (P)	WSPT	Priorité	
1	5	300	33,33	1	
2	9	304	33,78	2	
3	7	322	35,78	3	
4	6	304	38,00	4	
5	1	324	46,29	5	
6	5	340	48,57	6	
7	7	309	51,50	7	
8	1	309	61,80	8	
9	9	331	66,20	9	
10	2	304	76,00	10	
11	8	300	150,00	11	
12	7	305	152,50	12	
13	8	315	157,50	13	
14	3	320	160,00	14	
15	1	322	161,00	15	
16	2	312	312,00	16	
17	4	324	324,00	17	
18	3	324	324,00	18	
19	4	324	324,00	19	
20	4	349	349,00	20	
 
