distances
0	331	732	313	560	790	632	798	437	573	465	320	457	686	665	753	397	612	476	400	662	
331	0	774	513	465	670	315	561	460	779	679	668	525	503	487	315	508	339	689	322	406	
732	774	0	577	638	788	793	669	487	392	575	787	430	673	716	464	419	367	782	684	713	
313	513	577	0	310	720	689	621	330	620	533	583	400	406	648	571	485	327	639	715	379	
560	465	638	310	0	665	623	743	480	656	698	490	670	350	745	741	680	446	788	440	457	
790	670	788	720	665	0	301	686	376	722	788	783	393	730	670	666	722	703	376	319	568	
632	315	793	689	623	301	0	366	676	346	598	674	661	572	683	504	594	609	561	330	669	
798	561	669	621	743	686	366	0	569	712	582	399	370	700	758	432	434	617	715	584	759	
437	460	487	330	480	376	676	569	0	508	426	596	497	782	389	488	571	705	423	628	436	
573	779	392	620	656	722	346	712	508	0	646	344	725	512	539	388	301	656	765	652	714	
465	679	575	533	698	788	598	582	426	646	0	364	734	415	365	591	423	416	341	404	359	
320	668	787	583	490	783	674	399	596	344	364	0	463	556	466	448	684	669	432	343	350	
457	525	430	400	670	393	661	370	497	725	734	463	0	783	472	314	742	669	376	564	678	
686	503	673	406	350	730	572	700	782	512	415	556	783	0	525	789	785	724	753	494	741	
665	487	716	648	745	670	683	758	389	539	365	466	472	525	0	734	678	744	413	430	356	
753	315	464	571	741	666	504	432	488	388	591	448	314	789	734	0	483	713	613	496	494	
397	508	419	485	680	722	594	434	571	301	423	684	742	785	678	483	0	511	609	316	611	
612	339	367	327	446	703	609	617	705	656	416	669	669	724	744	713	511	0	733	427	635	
476	689	782	639	788	376	561	715	423	765	341	432	376	753	413	613	609	733	0	423	538	
400	322	684	715	440	319	330	584	628	652	404	343	564	494	430	496	316	427	423	0	379	
662	406	713	379	457	568	669	759	436	714	359	350	678	741	356	494	611	635	538	379	0	
etats
Id_Station	Poids W	Min (P)	WSPT	Priorité	
1	2	300	33,33	1	
2	1	304	33,78	2	
3	7	322	35,78	3	
4	1	304	38,00	4	
5	1	324	46,29	5	
6	1	340	48,57	6	
7	1	309	51,50	7	
8	4	309	61,80	8	
9	3	331	66,20	9	
10	5	304	76,00	10	
11	4	300	150,00	11	
12	9	305	152,50	12	
13	5	315	157,50	13	
14	1	320	160,00	14	
15	4	322	161,00	15	
16	4	312	312,00	16	
17	9	324	324,00	17	
18	6	324	324,00	18	
19	1	324	324,00	19	
20	1	349	349,00	20	
