distances
0	567	355	724	794	482	418	522	494	644	609	314	732	667	507	320	455	464	791	504	351	
567	0	520	433	485	716	378	470	352	481	774	717	620	728	542	652	559	687	574	521	318	
355	520	0	736	564	565	380	454	330	673	668	504	447	658	392	766	792	600	600	763	701	
724	433	736	0	530	747	381	345	571	690	586	369	526	520	397	450	459	342	584	525	591	
794	485	564	530	0	489	375	409	572	430	558	660	717	798	616	373	635	486	592	384	614	
482	716	565	747	489	0	357	767	382	780	775	339	671	621	774	386	303	451	420	671	487	
418	378	380	381	375	357	0	537	715	768	309	649	607	771	562	729	526	464	414	737	714	
522	470	454	345	409	767	537	0	677	334	642	747	539	700	472	517	636	486	628	445	344	
494	352	330	571	572	382	715	677	0	389	438	321	598	779	624	561	749	712	392	688	410	
644	481	673	690	430	780	768	334	389	0	318	617	688	314	622	336	378	401	796	581	320	
609	774	668	586	558	775	309	642	438	318	0	661	690	552	729	489	386	653	645	700	334	
314	717	504	369	660	339	649	747	321	617	661	0	378	483	792	578	739	490	618	492	673	
732	620	447	526	717	671	607	539	598	688	690	378	0	651	537	376	747	425	511	415	697	
667	728	658	520	798	621	771	700	779	314	552	483	651	0	327	746	718	501	689	404	684	
507	542	392	397	616	774	562	472	624	622	729	792	537	327	0	389	668	504	518	746	787	
320	652	766	450	373	386	729	517	561	336	489	578	376	746	389	0	431	381	668	710	751	
455	559	792	459	635	303	526	636	749	378	386	739	747	718	668	431	0	366	583	684	726	
464	687	600	342	486	451	464	486	712	401	653	490	425	501	504	381	366	0	631	330	316	
791	574	600	584	592	420	414	628	392	796	645	618	511	689	518	668	583	631	0	785	605	
504	521	763	525	384	671	737	445	688	581	700	492	415	404	746	710	684	330	785	0	367	
351	318	701	591	614	487	714	344	410	320	334	673	697	684	787	751	726	316	605	367	0	
etats
Id_Station	Poids W	Min (P)	WSPT	Priorité	
1	4	300	33,33	1	
2	8	304	33,78	2	
3	6	322	35,78	3	
4	5	304	38,00	4	
5	2	324	46,29	5	
6	9	340	48,57	6	
7	7	309	51,50	7	
8	3	309	61,80	8	
9	5	331	66,20	9	
10	6	304	76,00	10	
11	3	300	150,00	11	
12	4	305	152,50	12	
13	5	315	157,50	13	
14	1	320	160,00	14	
15	1	322	161,00	15	
16	8	312	312,00	16	
17	8	324	324,00	17	
18	4	324	324,00	18	
19	2	324	324,00	19	
20	3	349	349,00	20	
