distances
0	306	309	798	406	795	412	702	329	678	441	538	465	585	435	451	733	748	722	799	540	
306	0	559	655	704	355	708	407	346	594	494	320	723	799	746	402	565	717	689	548	360	
309	559	0	709	507	550	792	729	654	530	725	318	624	332	634	573	463	399	647	335	666	
798	655	709	0	522	534	303	350	723	672	483	761	433	677	544	730	566	752	654	620	521	
406	704	507	522	0	634	702	454	720	392	309	306	751	416	670	389	431	731	688	371	552	
795	355	550	534	634	0	599	418	541	552	791	620	680	673	479	362	601	668	324	782	597	
412	708	792	303	702	599	0	399	371	443	764	626	580	401	484	431	434	470	612	478	600	
702	407	729	350	454	418	399	0	616	571	784	794	792	409	646	495	653	617	475	351	374	
329	346	654	723	720	541	371	616	0	610	590	490	368	659	449	563	460	564	743	639	498	
678	594	530	672	392	552	443	571	610	0	756	786	301	491	620	592	496	513	726	405	566	
441	494	725	483	309	791	764	784	590	756	0	488	787	387	512	364	362	502	654	532	417	
538	320	318	761	306	620	626	794	490	786	488	0	349	502	371	461	776	696	358	397	770	
465	723	624	433	751	680	580	792	368	301	787	349	0	656	700	577	597	534	322	485	571	
585	799	332	677	416	673	401	409	659	491	387	502	656	0	739	488	673	422	630	702	324	
435	746	634	544	670	479	484	646	449	620	512	371	700	739	0	337	514	410	722	467	598	
451	402	573	730	389	362	431	495	563	592	364	461	577	488	337	0	492	417	504	614	379	
733	565	463	566	431	601	434	653	460	496	362	776	597	673	514	492	0	684	618	497	723	
748	717	399	752	731	668	470	617	564	513	502	696	534	422	410	417	684	0	492	758	414	
722	689	647	654	688	324	612	475	743	726	654	358	322	630	722	504	618	492	0	489	411	
799	548	335	620	371	782	478	351	639	405	532	397	485	702	467	614	497	758	489	0	361	
540	360	666	521	552	597	600	374	498	566	417	770	571	324	598	379	723	414	411	361	0	
etats
Id_Station	Poids W	Min (P)	WSPT	Priorité	
1	6	300	33,33	1	
2	3	304	33,78	2	
3	4	322	35,78	3	
4	1	304	38,00	4	
5	2	324	46,29	5	
6	6	340	48,57	6	
7	1	309	51,50	7	
8	8	309	61,80	8	
9	5	331	66,20	9	
10	1	304	76,00	10	
11	2	300	150,00	11	
12	7	305	152,50	12	
13	9	315	157,50	13	
14	9	320	160,00	14	
15	3	322	161,00	15	
16	9	312	312,00	16	
17	7	324	324,00	17	
18	3	324	324,00	18	
19	8	324	324,00	19	
20	9	349	349,00	20	
 
