distances
0	670	767	608	594	516	436	616	797	413	495	555	362	577	334	303	733	522	619	409	356	
670	0	331	675	481	658	454	769	656	466	512	421	622	597	361	502	674	723	307	622	654	
767	331	0	781	551	593	360	548	333	385	568	336	731	573	477	304	763	616	766	426	753	
608	675	781	0	580	580	543	481	468	694	486	467	711	475	509	323	374	680	771	441	762	
594	481	551	580	0	362	515	546	358	683	753	389	785	676	549	328	642	649	549	681	552	
516	658	593	580	362	0	340	420	744	448	307	778	543	420	502	546	479	587	660	458	658	
436	454	360	543	515	340	0	440	407	793	580	413	344	784	370	739	369	316	399	638	338	
616	769	548	481	546	420	440	0	355	492	348	353	332	657	430	687	647	472	483	462	733	
797	656	333	468	358	744	407	355	0	523	625	634	610	433	359	748	549	623	380	528	358	
413	466	385	694	683	448	793	492	523	0	313	418	372	342	678	644	333	321	783	383	360	
495	512	568	486	753	307	580	348	625	313	0	734	588	787	705	353	781	765	473	542	607	
555	421	336	467	389	778	413	353	634	418	734	0	503	423	670	418	723	587	445	407	798	
362	622	731	711	785	543	344	332	610	372	588	503	0	432	407	789	430	705	446	441	717	
577	597	573	475	676	420	784	657	433	342	787	423	432	0	725	741	401	511	793	408	378	
334	361	477	509	549	502	370	430	359	678	705	670	407	725	0	439	307	455	556	388	677	
303	502	304	323	328	546	739	687	748	644	353	418	789	741	439	0	351	476	679	490	562	
733	674	763	374	642	479	369	647	549	333	781	723	430	401	307	351	0	526	741	490	450	
522	723	616	680	649	587	316	472	623	321	765	587	705	511	455	476	526	0	474	303	446	
619	307	766	771	549	660	399	483	380	783	473	445	446	793	556	679	741	474	0	374	536	
409	622	426	441	681	458	638	462	528	383	542	407	441	408	388	490	490	303	374	0	583	
356	654	753	762	552	658	338	733	358	360	607	798	717	378	677	562	450	446	536	583	0	
etats
Id_Station	Poids W	Min (P)	WSPT	Priorité	
1	1	300	33,33	1	
2	7	304	33,78	2	
3	9	322	35,78	3	
4	1	304	38,00	4	
5	9	324	46,29	5	
6	3	340	48,57	6	
7	4	309	51,50	7	
8	9	309	61,80	8	
9	9	331	66,20	9	
10	3	304	76,00	10	
11	8	300	150,00	11	
12	6	305	152,50	12	
13	8	315	157,50	13	
14	4	320	160,00	14	
15	3	322	161,00	15	
16	7	312	312,00	16	
17	2	324	324,00	17	
18	4	324	324,00	18	
19	6	324	324,00	19	
20	1	349	349,00	20	
