distances
0	600	616	652	375	508	836	407	559	440	810	520	665	619	417	748	320	498	710	305	472	434	700	878	735	751	728	400	426	528	766	581	368	794	450	841	468	576	314	461	454	
600	0	823	645	461	622	668	466	532	324	464	461	852	655	765	799	412	324	300	612	397	795	421	622	601	552	570	758	620	469	410	735	321	853	873	361	502	460	717	726	787	
616	823	0	448	466	447	776	651	848	332	522	704	477	583	589	689	485	697	787	428	383	704	893	625	340	736	574	855	325	584	558	764	710	542	667	790	415	729	387	746	689	
652	645	448	0	468	486	370	847	449	605	696	387	392	448	856	884	554	307	574	405	489	713	368	830	497	378	349	471	643	756	576	663	349	549	806	691	785	515	562	657	832	
375	461	466	468	0	645	769	521	463	673	517	782	416	550	720	543	710	405	445	828	582	341	426	519	719	418	594	407	679	495	550	321	798	624	514	459	847	824	603	462	755	
508	622	447	486	645	0	721	667	511	713	629	469	318	302	822	697	746	504	502	549	814	762	761	526	380	725	362	590	463	856	594	395	797	359	376	340	526	453	432	440	414	
836	668	776	370	769	721	0	311	752	486	648	401	671	545	371	669	807	616	818	687	468	700	300	488	481	845	595	525	766	369	362	681	641	883	883	759	472	410	349	397	544	
407	466	651	847	521	667	311	0	722	848	861	381	786	848	375	424	501	547	800	882	545	766	630	510	865	411	545	852	413	341	757	790	455	848	608	733	585	636	775	321	668	
559	532	848	449	463	511	752	722	0	600	648	865	461	674	493	483	416	389	489	792	505	518	367	419	598	716	591	564	657	313	555	700	740	625	598	332	657	547	511	863	307	
440	324	332	605	673	713	486	848	600	0	880	665	500	661	795	733	305	328	444	780	534	424	611	596	874	800	875	444	646	447	785	448	882	681	687	621	320	652	697	304	770	
810	464	522	696	517	629	648	861	648	880	0	678	437	898	314	425	343	530	337	689	498	434	442	433	526	417	738	772	449	595	878	439	490	711	354	577	865	514	640	783	590	
520	461	704	387	782	469	401	381	865	665	678	0	680	551	500	309	668	580	594	808	861	897	395	846	356	547	406	347	718	497	589	368	335	620	570	842	499	596	857	611	646	
665	852	477	392	416	318	671	786	461	500	437	680	0	592	415	387	730	669	833	809	439	639	884	377	706	520	342	506	868	737	433	881	737	864	828	631	460	813	544	665	308	
619	655	583	448	550	302	545	848	674	661	898	551	592	0	890	403	387	566	837	361	839	450	888	360	727	867	806	541	726	422	574	565	466	496	587	497	490	736	576	367	337	
417	765	589	856	720	822	371	375	493	795	314	500	415	890	0	431	611	404	461	550	479	303	833	374	660	365	818	369	309	855	706	572	613	415	527	334	817	669	840	504	706	
748	799	689	884	543	697	669	424	483	733	425	309	387	403	431	0	731	595	787	698	831	557	867	356	422	745	772	403	578	389	586	474	519	854	383	311	569	622	821	580	744	
320	412	485	554	710	746	807	501	416	305	343	668	730	387	611	731	0	344	423	799	800	355	380	792	634	798	596	470	613	613	841	475	863	622	405	320	529	559	626	775	699	
498	324	697	307	405	504	616	547	389	328	530	580	669	566	404	595	344	0	675	772	651	577	612	370	442	605	382	502	452	865	473	768	802	348	602	318	533	885	781	600	760	
710	300	787	574	445	502	818	800	489	444	337	594	833	837	461	787	423	675	0	525	780	811	703	307	738	664	827	810	441	352	880	785	706	370	446	642	700	304	461	365	788	
305	612	428	405	828	549	687	882	792	780	689	808	809	361	550	698	799	772	525	0	326	645	859	734	379	834	697	415	509	565	605	734	655	434	872	539	798	644	495	599	740	
472	397	383	489	582	814	468	545	505	534	498	861	439	839	479	831	800	651	780	326	0	823	550	771	392	829	738	691	428	614	801	752	510	477	472	612	843	885	498	649	758	
434	795	704	713	341	762	700	766	518	424	434	897	639	450	303	557	355	577	811	645	823	0	850	659	676	762	337	895	437	354	506	869	338	509	868	430	399	789	803	546	666	
700	421	893	368	426	761	300	630	367	611	442	395	884	888	833	867	380	612	703	859	550	850	0	495	386	378	332	658	448	340	617	630	617	566	390	360	653	396	371	515	483	
878	622	625	830	519	526	488	510	419	596	433	846	377	360	374	356	792	370	307	734	771	659	495	0	844	735	300	358	303	538	387	689	563	829	890	894	755	627	755	400	481	
735	601	340	497	719	380	481	865	598	874	526	356	706	727	660	422	634	442	738	379	392	676	386	844	0	813	525	757	486	330	653	470	821	535	835	429	504	762	360	465	636	
751	552	736	378	418	725	845	411	716	800	417	547	520	867	365	745	798	605	664	834	829	762	378	735	813	0	890	859	807	728	588	497	655	544	668	501	322	873	448	715	561	
728	570	574	349	594	362	595	545	591	875	738	406	342	806	818	772	596	382	827	697	738	337	332	300	525	890	0	409	432	683	451	750	319	626	461	385	572	358	456	520	542	
400	758	855	471	407	590	525	852	564	444	772	347	506	541	369	403	470	502	810	415	691	895	658	358	757	859	409	0	531	705	404	598	375	423	868	864	787	300	794	422	428	
426	620	325	643	679	463	766	413	657	646	449	718	868	726	309	578	613	452	441	509	428	437	448	303	486	807	432	531	0	797	734	316	630	781	832	757	767	731	598	622	710	
528	469	584	756	495	856	369	341	313	447	595	497	737	422	855	389	613	865	352	565	614	354	340	538	330	728	683	705	797	0	323	867	895	603	790	324	331	821	817	749	642	
766	410	558	576	550	594	362	757	555	785	878	589	433	574	706	586	841	473	880	605	801	506	617	387	653	588	451	404	734	323	0	684	771	832	550	589	893	783	442	758	795	
581	735	764	663	321	395	681	790	700	448	439	368	881	565	572	474	475	768	785	734	752	869	630	689	470	497	750	598	316	867	684	0	871	691	451	422	664	681	478	579	697	
368	321	710	349	798	797	641	455	740	882	490	335	737	466	613	519	863	802	706	655	510	338	617	563	821	655	319	375	630	895	771	871	0	567	859	478	515	476	396	640	725	
794	853	542	549	624	359	883	848	625	681	711	620	864	496	415	854	622	348	370	434	477	509	566	829	535	544	626	423	781	603	832	691	567	0	510	872	697	379	327	814	343	
450	873	667	806	514	376	883	608	598	687	354	570	828	587	527	383	405	602	446	872	472	868	390	890	835	668	461	868	832	790	550	451	859	510	0	633	741	372	875	723	842	
841	361	790	691	459	340	759	733	332	621	577	842	631	497	334	311	320	318	642	539	612	430	360	894	429	501	385	864	757	324	589	422	478	872	633	0	523	584	894	566	439	
468	502	415	785	847	526	472	585	657	320	865	499	460	490	817	569	529	533	700	798	843	399	653	755	504	322	572	787	767	331	893	664	515	697	741	523	0	311	708	873	731	
576	460	729	515	824	453	410	636	547	652	514	596	813	736	669	622	559	885	304	644	885	789	396	627	762	873	358	300	731	821	783	681	476	379	372	584	311	0	875	491	637	
314	717	387	562	603	432	349	775	511	697	640	857	544	576	840	821	626	781	461	495	498	803	371	755	360	448	456	794	598	817	442	478	396	327	875	894	708	875	0	345	511	
461	726	746	657	462	440	397	321	863	304	783	611	665	367	504	580	775	600	365	599	649	546	515	400	465	715	520	422	622	749	758	579	640	814	723	566	873	491	345	0	640	
454	787	689	832	755	414	544	668	307	770	590	646	308	337	706	744	699	760	788	740	758	666	483	481	636	561	542	428	710	642	795	697	725	343	842	439	731	637	511	640	0	
etats
Id_Station	Poids W	Min (P)	WSPT	Priorité	
1	9	323	323,00	40	
2	3	321	321,00	39	
3	1	304	50,67	16	
4	3	301	301,00	34	
5	4	331	66,20	23	
6	5	316	35,11	5	
7	3	303	151,50	30	
8	6	314	104,67	28	
9	8	305	305,00	35	
10	7	304	152,00	31	
11	8	317	158,50	32	
12	1	306	38,25	9	
13	1	317	317,00	38	
14	2	313	104,33	27	
15	7	307	76,75	25	
16	8	301	33,44	2	
17	7	318	79,50	26	
18	5	341	48,71	14	
19	1	338	42,25	12	
20	4	305	50,83	17	
21	3	300	50,00	15	
22	3	331	36,78	8	
23	2	316	35,11	6	
24	8	311	62,20	20	
25	9	313	313,00	37	
26	3	303	75,75	24	
27	2	317	158,50	33	
28	1	317	39,63	11	
29	2	315	63,00	22	
30	2	305	33,89	3	
31	2	300	33,33	1	
32	8	306	43,71	13	
33	7	314	104,67	29	
34	2	313	62,60	21	
35	8	309	38,63	10	
36	3	309	309,00	36	
37	4	311	34,56	4	
38	9	303	60,60	19	
39	1	329	36,56	7	
40	3	316	52,67	18	
