distances
0	395	710	504	481	795	579	318	768	406	360	572	567	688	522	720	362	408	537	463	746	771	501	445	538	570	799	727	530	558	637	540	566	390	625	771	661	517	715	428	487	
395	0	461	417	507	631	723	543	749	502	624	546	475	355	624	639	578	729	308	638	722	364	443	460	473	316	493	470	316	732	757	537	506	390	331	786	629	693	499	628	476	
710	461	0	460	432	767	347	612	593	748	530	539	539	399	557	415	674	609	538	615	348	341	692	507	416	326	492	509	707	360	519	641	474	572	699	638	572	597	499	786	383	
504	417	460	0	674	688	366	774	396	346	440	559	663	350	401	616	476	507	622	782	479	559	578	420	779	640	335	775	567	365	781	420	580	590	686	607	736	373	364	631	320	
481	507	432	674	0	598	436	738	718	362	603	539	495	572	474	742	698	706	429	429	466	469	725	572	729	778	433	671	533	645	716	636	569	406	761	602	583	736	433	357	300	
795	631	767	688	598	0	687	498	594	744	383	492	793	350	348	768	307	614	662	437	665	641	789	582	608	588	580	368	396	486	778	547	365	666	417	574	709	618	659	478	760	
579	723	347	366	436	687	0	736	465	685	410	360	757	349	417	454	355	316	704	391	770	419	384	727	531	522	522	524	751	702	525	466	389	716	784	743	593	472	457	472	449	
318	543	612	774	738	498	736	0	630	323	757	500	660	355	759	682	560	709	700	325	312	620	714	375	563	477	579	682	477	679	506	341	412	773	409	425	601	389	504	434	736	
768	749	593	396	718	594	465	630	0	396	795	552	535	615	477	750	614	507	618	318	579	480	425	338	659	323	723	477	652	522	533	357	450	702	418	713	332	626	509	649	355	
406	502	748	346	362	744	685	323	396	0	347	428	595	643	508	680	788	644	340	604	349	658	432	571	666	792	358	511	394	326	701	684	524	609	457	450	383	779	374	728	581	
360	624	530	440	603	383	410	757	795	347	0	723	555	627	397	702	796	490	582	564	603	327	329	549	411	646	333	436	610	653	390	496	405	477	464	396	329	581	724	520	468	
572	546	539	559	539	492	360	500	552	428	723	0	307	435	694	518	604	428	738	302	733	792	325	464	724	469	388	761	481	447	784	685	657	727	772	760	615	689	448	312	344	
567	475	539	663	495	793	757	660	535	595	555	307	0	790	737	409	688	713	559	365	307	355	777	707	723	632	434	596	559	405	585	556	313	738	672	732	356	702	664	624	528	
688	355	399	350	572	350	349	355	615	643	627	435	790	0	483	576	732	602	628	568	771	396	670	610	746	717	715	419	571	423	472	644	392	729	325	595	455	743	601	568	645	
522	624	557	401	474	348	417	759	477	508	397	694	737	483	0	536	614	318	373	447	362	552	682	361	356	416	788	606	477	471	709	670	366	546	551	486	735	645	316	712	517	
720	639	415	616	742	768	454	682	750	680	702	518	409	576	536	0	535	558	599	384	562	480	374	625	733	430	615	365	401	759	770	677	718	300	532	426	425	712	300	643	443	
362	578	674	476	698	307	355	560	614	788	796	604	688	732	614	535	0	715	406	472	608	579	750	701	507	707	493	666	724	559	468	595	556	525	531	631	735	604	662	764	365	
408	729	609	507	706	614	316	709	507	644	490	428	713	602	318	558	715	0	319	422	678	301	358	306	612	798	604	785	334	798	382	400	621	566	596	603	567	614	576	559	769	
537	308	538	622	429	662	704	700	618	340	582	738	559	628	373	599	406	319	0	719	693	540	737	585	439	500	676	457	739	357	489	303	698	368	513	431	763	630	336	383	369	
463	638	615	782	429	437	391	325	318	604	564	302	365	568	447	384	472	422	719	0	555	382	713	582	455	438	679	316	636	357	304	340	356	424	631	432	504	664	470	480	537	
746	722	348	479	466	665	770	312	579	349	603	733	307	771	362	562	608	678	693	555	0	371	652	635	436	678	360	648	494	330	703	664	555	742	615	606	487	769	447	781	606	
771	364	341	559	469	641	419	620	480	658	327	792	355	396	552	480	579	301	540	382	371	0	392	538	713	593	614	374	655	646	636	457	588	339	397	324	346	369	338	745	748	
501	443	692	578	725	789	384	714	425	432	329	325	777	670	682	374	750	358	737	713	652	392	0	784	483	410	572	582	749	662	750	494	704	502	563	496	606	572	613	618	741	
445	460	507	420	572	582	727	375	338	571	549	464	707	610	361	625	701	306	585	582	635	538	784	0	545	339	580	371	440	396	630	732	770	752	676	547	564	672	472	476	629	
538	473	416	779	729	608	531	563	659	666	411	724	723	746	356	733	507	612	439	455	436	713	483	545	0	593	752	315	487	617	476	627	308	444	605	733	365	401	617	470	446	
570	316	326	640	778	588	522	477	323	792	646	469	632	717	416	430	707	798	500	438	678	593	410	339	593	0	760	788	634	425	488	387	539	567	561	309	791	385	562	402	733	
799	493	492	335	433	580	522	579	723	358	333	388	434	715	788	615	493	604	676	679	360	614	572	580	752	760	0	300	675	636	623	684	459	546	679	518	725	754	499	497	753	
727	470	509	775	671	368	524	682	477	511	436	761	596	419	606	365	666	785	457	316	648	374	582	371	315	788	300	0	353	313	475	687	631	726	301	708	597	548	392	536	752	
530	316	707	567	533	396	751	477	652	394	610	481	559	571	477	401	724	334	739	636	494	655	749	440	487	634	675	353	0	786	769	618	794	768	452	369	693	709	743	521	318	
558	732	360	365	645	486	702	679	522	326	653	447	405	423	471	759	559	798	357	357	330	646	662	396	617	425	636	313	786	0	428	732	715	644	549	506	454	766	705	390	738	
637	757	519	781	716	778	525	506	533	701	390	784	585	472	709	770	468	382	489	304	703	636	750	630	476	488	623	475	769	428	0	367	413	411	669	519	793	576	637	663	523	
540	537	641	420	636	547	466	341	357	684	496	685	556	644	670	677	595	400	303	340	664	457	494	732	627	387	684	687	618	732	367	0	305	715	574	387	712	578	619	441	352	
566	506	474	580	569	365	389	412	450	524	405	657	313	392	366	718	556	621	698	356	555	588	704	770	308	539	459	631	794	715	413	305	0	747	306	638	342	542	797	503	373	
390	390	572	590	406	666	716	773	702	609	477	727	738	729	546	300	525	566	368	424	742	339	502	752	444	567	546	726	768	644	411	715	747	0	575	598	669	350	325	319	486	
625	331	699	686	761	417	784	409	418	457	464	772	672	325	551	532	531	596	513	631	615	397	563	676	605	561	679	301	452	549	669	574	306	575	0	334	642	594	669	697	663	
771	786	638	607	602	574	743	425	713	450	396	760	732	595	486	426	631	603	431	432	606	324	496	547	733	309	518	708	369	506	519	387	638	598	334	0	625	476	414	435	675	
661	629	572	736	583	709	593	601	332	383	329	615	356	455	735	425	735	567	763	504	487	346	606	564	365	791	725	597	693	454	793	712	342	669	642	625	0	763	408	313	630	
517	693	597	373	736	618	472	389	626	779	581	689	702	743	645	712	604	614	630	664	769	369	572	672	401	385	754	548	709	766	576	578	542	350	594	476	763	0	555	504	363	
715	499	499	364	433	659	457	504	509	374	724	448	664	601	316	300	662	576	336	470	447	338	613	472	617	562	499	392	743	705	637	619	797	325	669	414	408	555	0	578	705	
428	628	786	631	357	478	472	434	649	728	520	312	624	568	712	643	764	559	383	480	781	745	618	476	470	402	497	536	521	390	663	441	503	319	697	435	313	504	578	0	669	
487	476	383	320	300	760	449	736	355	581	468	344	528	645	517	443	365	769	369	537	606	748	741	629	446	733	753	752	318	738	523	352	373	486	663	675	630	363	705	669	0	
etats
Id_Station	Poids W	Min (P)	WSPT	Priorité	
1	8				
2	9				
3	1				
4	8				
5	6				
6	4				
7	1				
8	3				
9	8				
10	8				
11	4				
12	1				
13	6				
14	3				
15	1				
16	4				
17	1				
18	8				
19	1				
20	2				
21	1				
22	7				
23	7				
24	1				
25	7				
26	1				
27	1				
28	1				
29	8				
30	6				
31	3				
32	2				
33	1				
34	1				
35	8				
36	1				
37	2				
38	2				
39	3				
40	5				
 
		
