distances
0	860	608	349	472	765	600	877	554	376	745	663	715	592	872	538	694	890	389	335	833	467	746	792	382	480	398	333	689	586	346	408	876	542	591	310	303	561	593	501	360	
860	0	669	711	622	628	822	363	540	776	447	699	528	891	344	604	825	308	387	680	630	400	507	851	736	614	537	356	563	614	429	700	664	381	654	426	625	561	559	761	610	
608	669	0	358	456	603	476	705	664	618	709	738	721	556	560	551	895	786	757	588	558	720	899	515	404	744	803	440	333	700	359	471	747	575	768	397	422	441	511	658	714	
349	711	358	0	769	472	710	667	451	696	570	501	815	370	523	530	732	507	599	346	551	460	431	556	325	810	668	849	879	770	408	386	311	477	537	633	601	748	799	481	532	
472	622	456	769	0	745	453	463	544	496	536	717	357	481	334	663	498	656	792	810	660	396	400	861	683	643	803	791	343	733	587	768	598	745	632	499	755	397	751	549	513	
765	628	603	472	745	0	328	675	542	812	651	472	547	374	718	469	582	772	633	304	776	771	619	331	372	367	399	530	539	778	314	624	772	462	403	895	786	754	447	589	457	
600	822	476	710	453	328	0	621	486	573	845	672	617	841	831	571	588	314	653	312	758	526	748	798	303	733	623	600	573	412	504	522	662	694	579	800	438	720	531	540	425	
877	363	705	667	463	675	621	0	672	884	616	477	316	504	372	712	559	775	882	341	852	377	441	582	686	584	828	743	770	745	873	655	513	542	672	487	450	800	871	848	659	
554	540	664	451	544	542	486	672	0	750	461	393	304	479	337	409	695	480	551	451	450	630	490	438	869	598	302	702	356	883	341	684	390	748	717	830	478	636	836	674	511	
376	776	618	696	496	812	573	884	750	0	638	485	623	899	520	786	448	470	715	381	321	645	836	767	509	649	434	561	861	407	853	479	820	451	675	515	319	346	764	520	674	
745	447	709	570	536	651	845	616	461	638	0	390	508	666	537	730	762	505	784	665	691	687	878	401	775	683	660	843	844	304	837	491	777	636	568	501	523	736	366	819	806	
663	699	738	501	717	472	672	477	393	485	390	0	806	454	765	516	357	401	756	590	797	778	612	406	622	577	827	452	745	470	528	861	589	477	387	383	333	873	840	434	715	
715	528	721	815	357	547	617	316	304	623	508	806	0	366	584	588	802	436	343	642	302	674	431	886	821	422	330	301	644	816	449	800	464	679	540	546	795	437	391	439	444	
592	891	556	370	481	374	841	504	479	899	666	454	366	0	414	382	823	855	460	673	401	715	844	738	436	654	854	871	638	685	844	596	650	803	470	365	829	800	804	848	838	
872	344	560	523	334	718	831	372	337	520	537	765	584	414	0	885	736	553	616	656	840	707	662	522	331	418	753	354	419	474	343	744	873	390	511	377	833	643	567	893	717	
538	604	551	530	663	469	571	712	409	786	730	516	588	382	885	0	372	594	527	455	899	729	691	401	491	508	607	367	404	722	877	659	607	426	567	821	565	361	566	484	635	
694	825	895	732	498	582	588	559	695	448	762	357	802	823	736	372	0	426	609	898	496	569	835	589	474	873	630	666	832	431	567	442	626	719	706	459	700	826	402	494	773	
890	308	786	507	656	772	314	775	480	470	505	401	436	855	553	594	426	0	860	348	422	515	633	666	554	734	452	762	881	744	327	610	675	604	519	518	849	778	510	575	885	
389	387	757	599	792	633	653	882	551	715	784	756	343	460	616	527	609	860	0	305	414	846	697	873	892	383	412	805	573	861	309	704	876	483	602	499	394	845	584	752	330	
335	680	588	346	810	304	312	341	451	381	665	590	642	673	656	455	898	348	305	0	489	749	823	488	414	614	889	658	453	805	767	695	449	783	394	799	843	403	749	630	353	
833	630	558	551	660	776	758	852	450	321	691	797	302	401	840	899	496	422	414	489	0	693	715	473	573	309	558	411	398	799	759	614	700	676	694	507	529	639	559	724	660	
467	400	720	460	396	771	526	377	630	645	687	778	674	715	707	729	569	515	846	749	693	0	807	323	542	593	377	618	775	567	626	596	652	897	627	619	628	607	818	409	835	
746	507	899	431	400	619	748	441	490	836	878	612	431	844	662	691	835	633	697	823	715	807	0	440	755	742	675	788	868	855	883	841	356	321	599	428	617	523	789	876	839	
792	851	515	556	861	331	798	582	438	767	401	406	886	738	522	401	589	666	873	488	473	323	440	0	877	605	655	320	593	349	625	470	453	620	660	511	644	321	649	311	308	
382	736	404	325	683	372	303	686	869	509	775	622	821	436	331	491	474	554	892	414	573	542	755	877	0	830	420	336	754	334	430	597	542	895	555	750	388	746	623	794	367	
480	614	744	810	643	367	733	584	598	649	683	577	422	654	418	508	873	734	383	614	309	593	742	605	830	0	681	573	494	790	600	622	534	516	410	673	531	358	367	772	463	
398	537	803	668	803	399	623	828	302	434	660	827	330	854	753	607	630	452	412	889	558	377	675	655	420	681	0	869	727	317	596	894	522	417	705	434	584	824	886	874	676	
333	356	440	849	791	530	600	743	702	561	843	452	301	871	354	367	666	762	805	658	411	618	788	320	336	573	869	0	658	353	714	308	324	361	486	429	819	347	841	885	307	
689	563	333	879	343	539	573	770	356	861	844	745	644	638	419	404	832	881	573	453	398	775	868	593	754	494	727	658	0	843	673	508	666	814	672	847	390	628	333	521	452	
586	614	700	770	733	778	412	745	883	407	304	470	816	685	474	722	431	744	861	805	799	567	855	349	334	790	317	353	843	0	514	445	394	830	533	767	808	369	659	846	544	
346	429	359	408	587	314	504	873	341	853	837	528	449	844	343	877	567	327	309	767	759	626	883	625	430	600	596	714	673	514	0	591	541	482	361	489	713	821	604	801	518	
408	700	471	386	768	624	522	655	684	479	491	861	800	596	744	659	442	610	704	695	614	596	841	470	597	622	894	308	508	445	591	0	701	304	726	326	592	716	416	832	468	
876	664	747	311	598	772	662	513	390	820	777	589	464	650	873	607	626	675	876	449	700	652	356	453	542	534	522	324	666	394	541	701	0	836	758	579	795	679	403	705	881	
542	381	575	477	745	462	694	542	748	451	636	477	679	803	390	426	719	604	483	783	676	897	321	620	895	516	417	361	814	830	482	304	836	0	853	843	423	666	855	897	499	
591	654	768	537	632	403	579	672	717	675	568	387	540	470	511	567	706	519	602	394	694	627	599	660	555	410	705	486	672	533	361	726	758	853	0	378	765	641	832	554	417	
310	426	397	633	499	895	800	487	830	515	501	383	546	365	377	821	459	518	499	799	507	619	428	511	750	673	434	429	847	767	489	326	579	843	378	0	482	627	814	327	497	
303	625	422	601	755	786	438	450	478	319	523	333	795	829	833	565	700	849	394	843	529	628	617	644	388	531	584	819	390	808	713	592	795	423	765	482	0	694	441	663	398	
561	561	441	748	397	754	720	800	636	346	736	873	437	800	643	361	826	778	845	403	639	607	523	321	746	358	824	347	628	369	821	716	679	666	641	627	694	0	506	857	876	
593	559	511	799	751	447	531	871	836	764	366	840	391	804	567	566	402	510	584	749	559	818	789	649	623	367	886	841	333	659	604	416	403	855	832	814	441	506	0	337	844	
501	761	658	481	549	589	540	848	674	520	819	434	439	848	893	484	494	575	752	630	724	409	876	311	794	772	874	885	521	846	801	832	705	897	554	327	663	857	337	0	845	
360	610	714	532	513	457	425	659	511	674	806	715	444	838	717	635	773	885	330	353	660	835	839	308	367	463	676	307	452	544	518	468	881	499	417	497	398	876	844	845	0	
etats
Id_Station	Poids W	Min (P)	WSPT	Priorité	
1	4	315	315,00	37	
2	1	325	40,63	9	
3	7	319	63,80	18	
4	7	348	348,00	39	
5	5	302	43,14	10	
6	4	312	156,00	30	
7	5	302	75,50	20	
8	4	342	38,00	7	
9	9	344	172,00	31	
10	6	310	51,67	14	
11	8	307	102,33	25	
12	3	302	37,75	5	
13	9	329	36,56	4	
14	1	365	365,00	40	
15	6	374	46,75	13	
16	9	319	35,44	1	
17	1	330	110,00	28	
18	1	311	311,00	35	
19	1	306	153,00	29	
20	5	341	85,25	23	
21	5	315	52,50	15	
22	8	312	312,00	36	
23	4	302	302,00	33	
24	7	313	78,25	22	
25	8	305	43,57	12	
26	8	342	68,40	19	
27	6	302	100,67	24	
28	1	302	37,75	6	
29	6	301	60,20	16	
30	1	312	39,00	8	
31	1	306	306,00	34	
32	6	307	76,75	21	
33	5	311	103,67	26	
34	3	302	43,14	11	
35	7	320	35,56	2	
36	8	326	36,22	3	
37	1	301	301,00	32	
38	9	320	106,67	27	
39	9	335	335,00	38	
40	8	314	62,80	17	
