distances
0	583	522	400	555	538	833	708	517	874	695	569	844	330	836	778	577	744	860	808	858	400	668	618	748	433	843	409	586	581	647	721	799	860	581	443	808	830	850	797	441	
583	0	852	709	323	649	736	593	539	753	627	784	326	496	599	484	550	360	557	612	700	830	367	818	361	783	538	409	560	492	697	426	393	877	828	603	462	524	445	634	887	
522	852	0	414	897	520	771	498	595	661	559	830	525	407	638	321	803	528	841	607	365	486	770	397	549	342	582	526	719	868	849	892	765	704	438	323	816	421	777	330	833	
400	709	414	0	464	332	812	338	811	341	304	711	707	716	576	333	713	486	781	722	477	657	679	587	670	759	819	609	783	399	570	679	653	482	787	896	339	380	743	390	381	
555	323	897	464	0	584	657	760	469	473	528	842	709	547	868	577	301	522	840	781	437	585	491	731	668	659	594	317	734	315	615	897	565	561	343	685	820	524	708	333	727	
538	649	520	332	584	0	807	548	804	865	376	847	633	831	795	478	416	357	863	340	728	879	764	521	616	375	589	356	393	683	828	759	572	605	650	628	331	436	706	477	520	
833	736	771	812	657	807	0	898	748	397	735	435	786	629	892	662	405	629	824	617	658	411	797	397	828	586	894	882	661	721	863	365	533	899	478	692	786	518	761	521	316	
708	593	498	338	760	548	898	0	493	372	315	697	354	861	876	852	671	489	692	402	831	382	549	447	710	681	303	586	352	537	822	782	636	492	765	720	309	470	662	839	341	
517	539	595	811	469	804	748	493	0	474	839	846	793	426	566	899	646	582	613	516	761	380	505	766	354	379	792	719	358	632	439	864	715	314	689	605	777	596	521	841	460	
874	753	661	341	473	865	397	372	474	0	408	764	743	666	853	715	774	575	461	642	416	385	523	523	765	745	353	600	527	439	305	683	356	731	818	605	391	890	616	347	758	
695	627	559	304	528	376	735	315	839	408	0	527	533	335	712	749	554	502	470	738	682	480	643	705	450	436	865	367	738	615	785	517	637	388	777	622	367	510	427	447	560	
569	784	830	711	842	847	435	697	846	764	527	0	538	762	476	415	545	624	484	468	479	687	522	536	826	382	732	795	317	791	632	746	640	872	775	341	433	858	719	394	736	
844	326	525	707	709	633	786	354	793	743	533	538	0	367	533	510	408	825	445	791	808	605	824	854	813	451	509	614	801	435	865	477	306	594	789	496	695	528	461	429	760	
330	496	407	716	547	831	629	861	426	666	335	762	367	0	401	431	854	318	407	816	457	683	830	428	329	613	833	595	422	579	328	519	731	675	439	317	655	329	667	475	721	
836	599	638	576	868	795	892	876	566	853	712	476	533	401	0	519	575	338	360	634	569	860	865	801	313	569	418	762	861	467	784	775	406	586	882	894	471	853	423	874	359	
778	484	321	333	577	478	662	852	899	715	749	415	510	431	519	0	728	887	404	534	540	742	567	888	477	456	724	437	899	371	829	649	520	410	607	476	365	563	307	826	827	
577	550	803	713	301	416	405	671	646	774	554	545	408	854	575	728	0	893	468	533	753	677	542	452	697	649	775	780	575	738	751	588	842	598	499	565	652	328	897	749	629	
744	360	528	486	522	357	629	489	582	575	502	624	825	318	338	887	893	0	656	584	457	365	818	655	621	583	651	780	360	447	791	564	354	824	712	851	775	655	560	529	376	
860	557	841	781	840	863	824	692	613	461	470	484	445	407	360	404	468	656	0	617	431	644	878	341	673	405	880	725	890	888	755	520	406	418	352	564	653	592	360	717	355	
808	612	607	722	781	340	617	402	516	642	738	468	791	816	634	534	533	584	617	0	556	502	401	857	338	781	402	731	882	891	605	810	446	386	770	798	529	733	705	710	682	
858	700	365	477	437	728	658	831	761	416	682	479	808	457	569	540	753	457	431	556	0	893	346	568	507	748	581	448	382	574	447	305	777	847	418	897	622	398	838	329	477	
400	830	486	657	585	879	411	382	380	385	480	687	605	683	860	742	677	365	644	502	893	0	452	814	847	868	485	708	878	545	850	300	390	798	355	887	850	722	576	537	737	
668	367	770	679	491	764	797	549	505	523	643	522	824	830	865	567	542	818	878	401	346	452	0	799	869	516	772	572	512	377	662	627	703	702	331	369	377	871	880	549	530	
618	818	397	587	731	521	397	447	766	523	705	536	854	428	801	888	452	655	341	857	568	814	799	0	548	529	888	344	683	850	708	757	687	448	886	858	489	347	761	566	316	
748	361	549	670	668	616	828	710	354	765	450	826	813	329	313	477	697	621	673	338	507	847	869	548	0	486	332	886	806	391	342	691	374	477	331	740	316	311	811	570	544	
433	783	342	759	659	375	586	681	379	745	436	382	451	613	569	456	649	583	405	781	748	868	516	529	486	0	714	871	657	695	545	618	592	406	313	358	523	732	374	691	689	
843	538	582	819	594	589	894	303	792	353	865	732	509	833	418	724	775	651	880	402	581	485	772	888	332	714	0	795	453	540	561	699	547	330	662	729	805	596	687	836	324	
409	409	526	609	317	356	882	586	719	600	367	795	614	595	762	437	780	780	725	731	448	708	572	344	886	871	795	0	766	630	587	324	536	460	355	758	513	544	436	718	409	
586	560	719	783	734	393	661	352	358	527	738	317	801	422	861	899	575	360	890	882	382	878	512	683	806	657	453	766	0	640	488	628	636	854	336	626	384	773	712	683	347	
581	492	868	399	315	683	721	537	632	439	615	791	435	579	467	371	738	447	888	891	574	545	377	850	391	695	540	630	640	0	861	632	616	719	595	388	682	824	638	501	679	
647	697	849	570	615	828	863	822	439	305	785	632	865	328	784	829	751	791	755	605	447	850	662	708	342	545	561	587	488	861	0	770	512	875	820	528	888	493	771	717	505	
721	426	892	679	897	759	365	782	864	683	517	746	477	519	775	649	588	564	520	810	305	300	627	757	691	618	699	324	628	632	770	0	582	507	820	530	413	503	303	832	331	
799	393	765	653	565	572	533	636	715	356	637	640	306	731	406	520	842	354	406	446	777	390	703	687	374	592	547	536	636	616	512	582	0	591	803	605	791	548	317	390	426	
860	877	704	482	561	605	899	492	314	731	388	872	594	675	586	410	598	824	418	386	847	798	702	448	477	406	330	460	854	719	875	507	591	0	551	343	497	826	872	560	680	
581	828	438	787	343	650	478	765	689	818	777	775	789	439	882	607	499	712	352	770	418	355	331	886	331	313	662	355	336	595	820	820	803	551	0	342	635	611	659	893	898	
443	603	323	896	685	628	692	720	605	605	622	341	496	317	894	476	565	851	564	798	897	887	369	858	740	358	729	758	626	388	528	530	605	343	342	0	855	767	309	637	468	
808	462	816	339	820	331	786	309	777	391	367	433	695	655	471	365	652	775	653	529	622	850	377	489	316	523	805	513	384	682	888	413	791	497	635	855	0	442	490	478	442	
830	524	421	380	524	436	518	470	596	890	510	858	528	329	853	563	328	655	592	733	398	722	871	347	311	732	596	544	773	824	493	503	548	826	611	767	442	0	345	637	396	
850	445	777	743	708	706	761	662	521	616	427	719	461	667	423	307	897	560	360	705	838	576	880	761	811	374	687	436	712	638	771	303	317	872	659	309	490	345	0	872	572	
797	634	330	390	333	477	521	839	841	347	447	394	429	475	874	826	749	529	717	710	329	537	549	566	570	691	836	718	683	501	717	832	390	560	893	637	478	637	872	0	557	
441	887	833	381	727	520	316	341	460	758	560	736	760	721	359	827	629	376	355	682	477	737	530	316	544	689	324	409	347	679	505	331	426	680	898	468	442	396	572	557	0	
etats
Id_Station	Poids W	Min (P)	WSPT	Priorité	
1	1	304	43,43	13	
2	1	303	43,29	12	
3	6	316	63,20	23	
4	1	302	75,50	26	
5	5	319	63,80	24	
6	9	304	76,00	27	
7	2	333	37,00	5	
8	3	301	50,17	16	
9	1	344	43,00	11	
10	2	331	110,33	30	
11	2	316	35,11	3	
12	8	304	304,00	32	
13	1	327	54,50	20	
14	3	305	33,89	1	
15	4	316	316,00	38	
16	9	309	309,00	35	
17	4	314	314,00	37	
18	7	321	64,20	25	
19	8	304	60,80	21	
20	6	302	37,75	6	
21	6	358	89,50	28	
22	9	317	45,29	15	
23	9	303	37,88	7	
24	5	303	37,88	8	
25	1	309	51,50	18	
26	4	302	302,00	31	
27	2	301	50,17	17	
28	8	320	320,00	39	
29	5	304	304,00	33	
30	9	309	51,50	19	
31	9	308	61,60	22	
32	7	324	108,00	29	
33	3	304	43,43	14	
34	5	312	39,00	9	
35	8	326	326,00	40	
36	1	319	35,44	4	
37	9	312	34,67	2	
38	5	333	41,63	10	
39	9	311	311,00	36	
40	6	307	307,00	34	
