distances
0	338	629	649	768	514	718	722	545	706	411	356	424	364	472	365	723	661	772	787	633	304	532	725	642	413	642	698	424	622	775	309	561	313	515	479	489	443	753	597	762	570	733	360	509	742	454	395	348	407	489	505	616	635	321	328	481	539	385	496	753	
338	0	689	479	748	703	623	393	399	418	601	352	768	393	733	451	312	776	749	561	405	366	432	672	508	578	311	706	787	763	507	515	656	519	590	676	424	560	766	751	504	686	433	776	750	719	789	310	577	699	314	662	519	650	566	503	693	621	530	432	396	
629	689	0	390	320	510	410	429	318	532	515	550	424	322	702	750	407	495	531	341	647	637	753	678	396	657	562	708	707	508	564	421	642	608	680	737	353	498	734	777	721	389	585	719	399	583	424	518	761	724	784	575	794	428	393	431	696	442	337	376	761	
649	479	390	0	497	559	303	777	467	775	664	656	401	626	628	426	595	327	308	767	458	733	545	772	671	384	415	748	641	520	637	531	760	467	463	708	794	667	320	758	719	451	708	755	669	460	633	784	754	440	426	706	631	347	664	613	791	321	391	516	637	
768	748	320	497	0	400	638	409	593	339	777	321	696	636	482	381	653	492	369	420	609	469	552	333	463	719	473	569	654	524	747	504	739	581	764	633	510	355	429	674	565	466	556	516	352	393	634	758	564	511	300	521	308	473	441	588	647	446	773	632	539	
514	703	510	559	400	0	779	582	606	681	411	505	728	388	495	368	747	476	621	564	488	505	767	617	434	513	697	748	701	452	565	505	612	726	481	364	519	674	602	427	664	436	780	597	754	500	768	566	596	534	759	606	692	395	690	605	580	429	411	523	332	
718	623	410	303	638	779	0	493	593	379	711	656	396	647	428	750	581	698	387	473	466	595	729	398	458	416	602	459	307	762	696	326	646	623	640	568	456	434	629	524	609	527	315	593	709	772	656	665	352	310	463	667	373	717	523	603	368	756	605	744	651	
722	393	429	777	409	582	493	0	581	620	778	439	483	507	352	733	671	659	654	761	316	420	781	717	311	495	341	391	709	497	701	390	565	539	518	530	778	480	720	535	361	741	425	488	420	543	575	456	563	765	476	416	403	390	769	531	488	694	573	703	655	
545	399	318	467	593	606	593	581	0	637	792	529	506	472	366	360	313	388	783	547	522	717	798	402	380	335	625	733	616	403	489	620	699	668	578	760	446	512	443	642	764	512	325	585	781	716	657	419	680	666	389	422	568	319	674	515	430	442	630	776	607	
706	418	532	775	339	681	379	620	637	0	430	566	707	752	719	580	726	440	626	399	680	787	754	645	466	419	519	344	482	332	477	381	504	660	552	772	300	638	351	392	691	370	687	372	669	791	329	381	575	550	696	361	524	509	798	491	358	766	371	714	415	
411	601	515	664	777	411	711	778	792	430	0	690	349	475	313	569	429	701	562	583	615	315	338	485	327	642	671	342	512	356	711	494	477	300	351	558	346	734	687	381	356	389	572	532	331	548	478	608	566	647	394	765	779	528	529	684	368	584	363	766	484	
356	352	550	656	321	505	656	439	529	566	690	0	702	649	714	582	716	303	310	581	481	508	391	725	485	443	302	399	336	763	679	334	782	730	480	449	731	758	542	389	785	704	751	321	317	549	520	707	637	726	646	677	585	739	367	513	516	667	420	678	725	
424	768	424	401	696	728	396	483	506	707	349	702	0	389	355	465	791	617	781	653	670	761	404	408	355	610	554	677	538	554	562	765	622	312	405	550	505	693	740	444	479	421	654	472	484	504	571	380	425	758	321	368	567	445	395	507	474	382	373	602	540	
364	393	322	626	636	388	647	507	472	752	475	649	389	0	621	400	555	343	453	761	694	635	521	480	792	435	687	507	710	464	307	670	425	545	718	557	361	760	535	377	660	308	579	637	762	605	784	586	549	360	748	409	340	740	332	329	665	603	707	639	580	
472	733	702	628	482	495	428	352	366	719	313	714	355	621	0	645	627	761	458	590	363	490	525	786	320	476	508	588	722	578	619	471	731	760	352	514	394	684	448	616	795	732	384	401	440	460	503	482	551	768	512	331	736	573	799	755	560	578	392	710	750	
365	451	750	426	381	368	750	733	360	580	569	582	465	400	645	0	457	729	431	673	411	651	363	355	498	513	453	310	733	488	591	468	784	559	315	708	538	363	545	310	686	626	648	746	330	448	709	570	382	460	461	723	581	752	464	396	414	654	405	683	404	
723	312	407	595	653	747	581	671	313	726	429	716	791	555	627	457	0	326	615	577	369	698	677	697	712	374	401	555	620	771	360	540	688	613	589	650	447	692	506	409	418	738	555	519	420	681	366	748	780	619	358	567	315	583	486	429	425	485	579	391	644	
661	776	495	327	492	476	698	659	388	440	701	303	617	343	761	729	326	0	733	725	556	630	478	785	521	703	500	758	709	475	699	787	643	415	763	403	745	721	585	458	445	768	392	445	556	615	316	698	320	403	452	483	602	760	458	520	497	592	704	482	510	
772	749	531	308	369	621	387	654	783	626	562	310	781	453	458	431	615	733	0	358	518	519	665	718	421	323	790	710	593	722	723	355	777	425	453	584	432	369	461	476	799	362	737	797	447	301	426	528	752	780	466	564	741	597	734	618	638	655	771	354	680	
787	561	341	767	420	564	473	761	547	399	583	581	653	761	590	673	577	725	358	0	648	442	605	684	461	718	447	785	372	692	657	575	519	766	599	430	756	578	362	792	606	523	791	604	467	472	490	401	532	648	444	491	521	574	678	642	739	606	687	335	421	
633	405	647	458	609	488	466	316	522	680	615	481	670	694	363	411	369	556	518	648	0	691	433	770	614	713	324	679	465	552	655	425	492	510	524	447	466	770	775	447	686	316	682	626	670	402	643	548	431	769	736	690	563	720	635	567	630	476	579	318	588	
304	366	637	733	469	505	595	420	717	787	315	508	761	635	490	651	698	630	519	442	691	0	750	345	323	748	634	568	333	653	569	539	512	761	501	703	767	482	618	323	670	793	630	613	652	447	521	444	675	693	321	415	557	763	667	638	777	480	421	460	482	
532	432	753	545	552	767	729	781	798	754	338	391	404	521	525	363	677	478	665	605	433	750	0	458	708	514	337	569	323	572	688	454	316	594	681	519	646	414	443	763	611	693	745	376	468	622	463	665	387	775	453	790	405	392	599	430	327	711	705	306	757	
725	672	678	772	333	617	398	717	402	645	485	725	408	480	786	355	697	785	718	684	770	345	458	0	626	342	509	363	628	750	467	768	494	340	728	644	542	455	357	317	449	726	464	493	571	791	347	698	412	591	603	594	484	403	711	313	467	427	450	755	689	
642	508	396	671	463	434	458	311	380	466	327	485	355	792	320	498	712	521	421	461	614	323	708	626	0	666	776	354	693	408	771	466	493	393	491	371	576	706	547	340	755	782	537	386	626	526	732	310	329	399	738	449	313	455	463	654	386	739	448	530	728	
413	578	657	384	719	513	416	495	335	419	642	443	610	435	476	513	374	703	323	718	713	748	514	342	666	0	490	322	307	664	772	526	561	606	772	372	593	760	779	555	738	455	375	749	705	472	613	714	607	301	755	547	383	502	532	621	711	725	712	739	657	
642	311	562	415	473	697	602	341	625	519	671	302	554	687	508	453	401	500	790	447	324	634	337	509	776	490	0	774	562	332	434	306	691	349	520	572	620	583	305	489	546	658	439	607	759	574	487	780	307	337	455	672	621	446	326	582	718	668	758	362	563	
698	706	708	748	569	748	459	391	733	344	342	399	677	507	588	310	555	758	710	785	679	568	569	363	354	322	774	0	542	684	435	416	617	699	786	766	714	632	765	757	714	364	407	303	726	539	527	637	361	400	317	472	423	507	342	404	473	607	710	795	733	
424	787	707	641	654	701	307	709	616	482	512	336	538	710	722	733	620	709	593	372	465	333	323	628	693	307	562	542	0	452	775	446	643	502	689	451	696	636	307	597	485	572	635	319	794	767	336	580	606	486	607	498	592	680	405	710	720	447	661	774	331	
622	763	508	520	524	452	762	497	403	332	356	763	554	464	578	488	771	475	722	692	552	653	572	750	408	664	332	684	452	0	758	576	468	437	471	521	497	774	305	497	399	724	701	577	361	707	603	546	467	303	541	415	638	526	355	685	467	323	794	582	368	
775	507	564	637	747	565	696	701	489	477	711	679	562	307	619	591	360	699	723	657	655	569	688	467	771	772	434	435	775	758	0	517	590	545	328	646	766	447	604	671	605	451	379	509	544	527	671	642	760	446	481	708	590	519	763	630	548	583	533	644	337	
309	515	421	531	504	505	326	390	620	381	494	334	765	670	471	468	540	787	355	575	425	539	454	768	466	526	306	416	446	576	517	0	565	572	444	542	652	655	728	456	596	361	694	641	556	653	581	414	507	545	489	543	495	794	765	708	543	602	633	703	437	
561	656	642	760	739	612	646	565	699	504	477	782	622	425	731	784	688	643	777	519	492	512	316	494	493	561	691	617	643	468	590	565	0	533	715	517	480	549	793	742	700	698	306	773	557	783	407	505	378	426	584	329	584	424	512	351	399	604	680	597	312	
313	519	608	467	581	726	623	539	668	660	300	730	312	545	760	559	613	415	425	766	510	761	594	340	393	606	349	699	502	437	545	572	533	0	393	335	503	369	386	714	611	467	540	420	725	629	694	366	564	762	397	789	496	592	578	697	677	443	466	601	448	
515	590	680	463	764	481	640	518	578	552	351	480	405	718	352	315	589	763	453	599	524	501	681	728	491	772	520	786	689	471	328	444	715	393	0	468	587	755	415	472	764	545	425	758	422	758	684	406	587	669	514	798	780	495	439	558	743	452	749	591	456	
479	676	737	708	633	364	568	530	760	772	558	449	550	557	514	708	650	403	584	430	447	703	519	644	371	372	572	766	451	521	646	542	517	335	468	0	420	434	367	594	608	507	301	381	393	606	766	627	579	609	622	552	565	325	610	518	750	618	583	663	765	
489	424	353	794	510	519	456	778	446	300	346	731	505	361	394	538	447	745	432	756	466	767	646	542	576	593	620	714	696	497	766	652	480	503	587	420	0	723	364	472	320	729	418	670	593	749	385	468	585	545	535	407	426	423	712	617	358	389	472	340	502	
443	560	498	667	355	674	434	480	512	638	734	758	693	760	684	363	692	721	369	578	770	482	414	455	706	760	583	632	636	774	447	655	549	369	755	434	723	0	709	676	302	624	721	364	329	735	711	564	351	598	527	337	632	548	308	512	742	459	387	489	378	
753	766	734	320	429	602	629	720	443	351	687	542	740	535	448	545	506	585	461	362	775	618	443	357	547	779	305	765	307	305	604	728	793	386	415	367	364	709	0	721	752	688	741	342	628	745	509	593	570	394	673	467	631	425	427	580	648	396	633	687	541	
597	751	777	758	674	427	524	535	642	392	381	389	444	377	616	310	409	458	476	792	447	323	763	317	340	555	489	757	597	497	671	456	742	714	472	594	472	676	721	0	640	360	766	795	548	720	694	573	782	759	419	414	650	532	440	322	344	445	367	314	398	
762	504	721	719	565	664	609	361	764	691	356	785	479	660	795	686	418	445	799	606	686	670	611	449	755	738	546	714	485	399	605	596	700	611	764	608	320	302	752	640	0	610	553	578	428	488	622	426	559	776	593	312	422	780	553	533	679	740	343	684	631	
570	686	389	451	466	436	527	741	512	370	389	704	421	308	732	626	738	768	362	523	316	793	693	726	782	455	658	364	572	724	451	361	698	467	545	507	729	624	688	360	610	0	522	651	774	328	348	633	446	658	606	475	697	697	779	554	494	454	793	635	701	
733	433	585	708	556	780	315	425	325	687	572	751	654	579	384	648	555	392	737	791	682	630	745	464	537	375	439	407	635	701	379	694	306	540	425	301	418	721	741	766	553	522	0	728	636	659	523	648	648	344	432	524	693	515	329	363	428	587	412	709	748	
360	776	719	755	516	597	593	488	585	372	532	321	472	637	401	746	519	445	797	604	626	613	376	493	386	749	607	303	319	577	509	641	773	420	758	381	670	364	342	795	578	651	728	0	707	797	479	493	511	470	403	786	668	401	556	608	658	750	668	702	731	
509	750	399	669	352	754	709	420	781	669	331	317	484	762	440	330	420	556	447	467	670	652	468	571	626	705	759	726	794	361	544	556	557	725	422	393	593	329	628	548	428	774	636	707	0	425	401	726	433	591	603	495	537	403	797	465	347	707	321	716	619	
742	719	583	460	393	500	772	543	716	791	548	549	504	605	460	448	681	615	301	472	402	447	622	791	526	472	574	539	767	707	527	653	783	629	758	606	749	735	745	720	488	328	659	797	425	0	451	316	418	424	454	392	726	666	574	643	439	527	429	510	620	
454	789	424	633	634	768	656	575	657	329	478	520	571	784	503	709	366	316	426	490	643	521	463	347	732	613	487	527	336	603	671	581	407	694	684	766	385	711	509	694	622	348	523	479	401	451	0	309	729	624	436	403	404	530	501	427	371	732	715	418	587	
395	310	518	784	758	566	665	456	419	381	608	707	380	586	482	570	748	698	528	401	548	444	665	698	310	714	780	637	580	546	642	414	505	366	406	627	468	564	593	573	426	633	648	493	726	316	309	0	581	557	722	714	503	515	406	739	627	433	715	620	625	
348	577	761	754	564	596	352	563	680	575	566	637	425	549	551	382	780	320	752	532	431	675	387	412	329	607	307	361	606	467	760	507	378	564	587	579	585	351	570	782	559	446	648	511	433	418	729	581	0	552	441	566	744	702	736	314	374	455	437	684	578	
407	699	724	440	511	534	310	765	666	550	647	726	758	360	768	460	619	403	780	648	769	693	775	591	399	301	337	400	486	303	446	545	426	762	669	609	545	598	394	759	776	658	344	470	591	424	624	557	552	0	463	582	419	791	595	503	747	353	420	503	474	
489	314	784	426	300	759	463	476	389	696	394	646	321	748	512	461	358	452	466	444	736	321	453	603	738	755	455	317	607	541	481	489	584	397	514	622	535	527	673	419	593	606	432	403	603	454	436	722	441	463	0	739	341	314	556	367	740	678	437	751	795	
505	662	575	706	521	606	667	416	422	361	765	677	368	409	331	723	567	483	564	491	690	415	790	594	449	547	672	472	498	415	708	543	329	789	798	552	407	337	467	414	312	475	524	786	495	392	403	714	566	582	739	0	405	746	379	565	789	496	504	523	780	
616	519	794	631	308	692	373	403	568	524	779	585	567	340	736	581	315	602	741	521	563	557	405	484	313	383	621	423	592	638	590	495	584	496	780	565	426	632	631	650	422	697	693	668	537	726	404	503	744	419	341	405	0	483	751	438	779	537	662	712	537	
635	650	428	347	473	395	717	390	319	509	528	739	445	740	573	752	583	760	597	574	720	763	392	403	455	502	446	507	680	526	519	794	424	592	495	325	423	548	425	532	780	697	515	401	403	666	530	515	702	791	314	746	483	0	445	717	771	468	622	692	361	
321	566	393	664	441	690	523	769	674	798	529	367	395	332	799	464	486	458	734	678	635	667	599	711	463	532	326	342	405	355	763	765	512	578	439	610	712	308	427	440	553	779	329	556	797	574	501	406	736	595	556	379	751	445	0	398	373	472	345	734	486	
328	503	431	613	588	605	603	531	515	491	684	513	507	329	755	396	429	520	618	642	567	638	430	313	654	621	582	404	710	685	630	708	351	697	558	518	617	512	580	322	533	554	363	608	465	643	427	739	314	503	367	565	438	717	398	0	726	636	547	590	610	
481	693	696	791	647	580	368	488	430	358	368	516	474	665	560	414	425	497	638	739	630	777	327	467	386	711	718	473	720	467	548	543	399	677	743	750	358	742	648	344	679	494	428	658	347	439	371	627	374	747	740	789	779	771	373	726	0	440	324	613	779	
539	621	442	321	446	429	756	694	442	766	584	667	382	603	578	654	485	592	655	606	476	480	711	427	739	725	668	607	447	323	583	602	604	443	452	618	389	459	396	445	740	454	587	750	707	527	732	433	455	353	678	496	537	468	472	636	440	0	648	474	663	
385	530	337	391	773	411	605	573	630	371	363	420	373	707	392	405	579	704	771	687	579	421	705	450	448	712	758	710	661	794	533	633	680	466	749	583	472	387	633	367	343	793	412	668	321	429	715	715	437	420	437	504	662	622	345	547	324	648	0	604	738	
496	432	376	516	632	523	744	703	776	714	766	678	602	639	710	683	391	482	354	335	318	460	306	755	530	739	362	795	774	582	644	703	597	601	591	663	340	489	687	314	684	635	709	702	716	510	418	620	684	503	751	523	712	692	734	590	613	474	604	0	381	
753	396	761	637	539	332	651	655	607	415	484	725	540	580	750	404	644	510	680	421	588	482	757	689	728	657	563	733	331	368	337	437	312	448	456	765	502	378	541	398	631	701	748	731	619	620	587	625	578	474	795	780	537	361	486	610	779	663	738	381	0	
etats
Id_Station	Poids W	Min (P)	WSPT	Priorité	
1	5	300	33,33	1	
2	7	302	33,56	2	
3	6	302	33,56	3	
4	4	303	33,67	4	
5	2	303	33,67	5	
6	2	305	33,89	6	
7	9	306	34,00	7	
8	9	309	34,33	8	
9	5	310	34,44	9	
10	1	311	34,56	10	
11	4	312	34,67	11	
12	3	320	35,56	12	
13	6	303	37,88	13	
14	5	311	38,88	14	
15	1	311	38,88	15	
16	9	316	39,50	16	
17	5	323	40,38	17	
18	2	330	41,25	18	
19	2	302	43,14	19	
20	2	302	43,14	20	
21	2	306	43,71	21	
22	1	313	44,71	22	
23	1	324	46,29	23	
24	1	304	50,67	24	
25	7	320	53,33	25	
26	6	320	53,33	26	
27	1	306	61,20	27	
28	8	309	61,80	28	
29	4	311	62,20	29	
30	7	312	62,40	30	
31	3	314	62,80	31	
32	1	300	75,00	32	
33	8	301	75,25	33	
34	2	302	75,50	34	
35	3	303	75,75	35	
36	9	305	76,25	36	
37	5	308	77,00	37	
38	5	309	77,25	38	
39	8	311	77,75	39	
40	5	315	78,75	40	
41	9	300	100,00	41	
42	1	302	100,67	42	
43	1	303	101,00	43	
44	7	306	102,00	44	
45	7	309	103,00	45	
46	4	310	103,33	46	
47	2	358	119,33	47	
48	1	309	154,50	48	
49	1	309	154,50	49	
50	1	309	154,50	50	
51	8	313	156,50	51	
52	5	300	300,00	52	
53	8	301	301,00	53	
54	4	304	304,00	54	
55	7	306	306,00	55	
56	9	306	306,00	56	
57	9	307	307,00	57	
58	5	307	307,00	58	
59	5	309	309,00	59	
60	1	309	309,00	60	

