distances
0	420	781	541	732	433	435	402	629	681	670	758	465	525	505	326	421	599	769	403	496	540	749	394	695	300	503	706	450	650	772	328	559	678	560	403	695	459	352	360	583	310	376	548	437	613	579	705	731	475	742	745	698	793	746	689	383	761	315	689	418	
420	0	615	391	743	684	423	729	629	434	618	517	539	717	568	305	307	372	710	341	775	607	783	350	725	318	504	351	532	424	708	708	786	694	707	441	734	616	775	438	695	363	469	488	437	561	513	712	324	514	609	526	461	785	653	609	603	602	447	414	774	
781	615	0	471	359	334	715	312	401	573	763	762	412	577	564	430	621	650	304	696	724	515	471	676	750	511	573	609	674	358	311	772	507	561	398	383	694	375	578	675	555	542	422	532	650	748	630	752	735	746	329	765	478	317	594	327	643	502	783	790	583	
541	391	471	0	324	779	540	738	585	624	592	519	388	339	500	650	448	514	774	697	763	572	797	326	325	620	603	716	536	718	430	687	342	692	746	738	774	793	593	681	519	530	783	565	564	545	429	570	432	501	760	403	698	335	662	385	711	460	362	701	353	
732	743	359	324	0	618	317	300	317	761	479	453	458	596	329	402	519	325	745	321	335	523	490	714	593	664	693	500	674	652	312	473	374	730	673	429	559	529	355	616	472	705	659	529	671	550	664	393	493	677	362	689	366	567	790	651	749	335	792	659	350	
433	684	334	779	618	0	309	377	586	460	519	336	465	610	744	698	518	746	355	773	730	610	655	557	520	585	339	503	420	482	477	406	628	608	416	305	730	611	599	742	505	694	620	749	423	425	390	660	570	466	714	458	622	513	310	574	441	355	414	440	493	
435	423	715	540	317	309	0	649	490	311	438	340	517	376	682	668	720	588	319	688	626	785	548	474	449	779	480	370	456	598	723	604	498	615	631	492	447	302	643	577	669	411	339	392	450	636	453	642	686	768	666	514	694	798	701	629	350	618	334	419	749	
402	729	312	738	300	377	649	0	785	380	535	382	306	688	489	664	368	701	667	313	361	504	720	445	549	776	511	781	544	746	798	470	302	645	659	413	768	499	509	645	696	693	300	462	352	509	507	536	672	563	319	787	560	799	518	538	617	650	703	418	477	
629	629	401	585	317	586	490	785	0	659	351	309	738	759	763	338	691	792	468	663	761	785	359	611	756	403	370	395	651	730	642	594	730	681	722	504	453	442	521	531	506	714	768	309	660	781	344	703	655	780	530	566	770	668	586	528	597	352	745	450	504	
681	434	573	624	761	460	311	380	659	0	462	684	563	476	327	618	457	393	606	692	406	606	777	660	389	388	568	721	690	559	776	742	666	638	699	589	606	609	504	695	634	341	598	499	371	547	763	567	472	544	715	648	357	715	506	573	625	602	389	315	437	
670	618	763	592	479	519	438	535	351	462	0	769	520	536	727	491	407	532	331	366	478	312	469	565	455	402	366	333	515	383	714	508	571	406	439	764	402	489	384	711	561	304	460	373	772	342	378	499	346	535	638	665	718	432	620	532	402	690	748	600	379	
758	517	762	519	453	336	340	382	309	684	769	0	522	690	492	666	400	697	659	330	564	798	585	653	777	660	498	355	442	367	718	490	588	565	464	723	532	463	487	798	331	621	659	580	570	423	752	331	722	756	396	755	311	697	515	302	650	775	709	400	781	
465	539	412	388	458	465	517	306	738	563	520	522	0	490	496	405	311	545	483	346	333	777	762	708	543	422	705	484	570	662	675	741	696	463	512	760	651	670	618	790	373	606	729	499	669	335	362	633	556	711	631	344	753	658	638	470	780	433	516	589	619	
525	717	577	339	596	610	376	688	759	476	536	690	490	0	562	371	745	540	470	461	365	412	525	515	335	734	603	559	305	368	750	608	510	530	791	480	430	785	743	608	634	676	340	653	568	751	571	408	360	346	720	553	464	685	318	304	535	669	750	634	795	
505	568	564	500	329	744	682	489	763	327	727	492	496	562	0	698	484	529	532	663	444	541	777	637	611	628	387	528	524	731	713	370	751	406	402	473	576	585	676	653	358	526	691	378	406	768	604	627	504	372	401	505	538	339	399	776	505	628	492	529	595	
326	305	430	650	402	698	668	664	338	618	491	666	405	371	698	0	381	728	708	590	748	427	654	590	476	494	552	733	785	540	497	659	468	685	635	546	590	557	446	674	374	694	352	759	391	452	550	499	788	466	323	705	566	356	586	781	729	429	694	530	441	
421	307	621	448	519	518	720	368	691	457	407	400	311	745	484	381	0	569	546	638	730	601	349	682	381	391	662	655	744	701	617	709	621	557	677	418	641	318	685	685	491	343	657	350	427	588	379	731	335	524	615	647	593	352	782	487	735	778	455	318	359	
599	372	650	514	325	746	588	701	792	393	532	697	545	540	529	728	569	0	495	767	612	721	470	347	603	411	448	753	444	411	749	663	748	421	302	759	379	549	590	520	402	584	452	503	379	640	371	748	614	410	337	501	787	415	524	324	659	330	563	720	340	
769	710	304	774	745	355	319	667	468	606	331	659	483	470	532	708	546	495	0	684	322	359	723	458	741	414	668	741	506	730	609	438	471	419	557	482	769	311	646	765	360	686	601	340	644	650	779	407	773	711	597	343	410	726	676	332	341	693	705	611	533	
403	341	696	697	321	773	688	313	663	692	366	330	346	461	663	590	638	767	684	0	571	627	637	327	740	544	426	739	685	328	662	780	320	730	318	320	429	512	760	668	410	580	536	635	764	610	385	676	699	582	705	567	402	378	495	387	670	427	624	702	444	
496	775	724	763	335	730	626	361	761	406	478	564	333	365	444	748	730	612	322	571	0	632	609	341	518	793	708	526	595	725	611	378	607	781	728	720	743	484	706	641	698	694	698	561	549	619	304	513	461	555	664	377	366	468	719	780	511	482	782	594	426	
540	607	515	572	523	610	785	504	785	606	312	798	777	412	541	427	601	721	359	627	632	0	564	646	301	446	454	606	714	401	424	764	667	427	426	551	752	790	374	654	344	717	613	394	641	457	635	781	522	548	697	546	538	457	559	567	629	418	510	601	409	
749	783	471	797	490	655	548	720	359	777	469	585	762	525	777	654	349	470	723	637	609	564	0	499	417	414	320	531	765	436	710	772	455	551	575	680	419	463	408	383	482	519	401	587	618	753	741	531	744	477	338	790	651	305	765	652	373	541	629	503	752	
394	350	676	326	714	557	474	445	611	660	565	653	708	515	637	590	682	347	458	327	341	646	499	0	730	479	437	513	693	673	416	349	439	652	373	464	696	411	679	776	765	410	464	754	663	300	581	626	658	703	551	523	420	713	505	538	630	596	736	346	523	
695	725	750	325	593	520	449	549	756	389	455	777	543	335	611	476	381	603	741	740	518	301	417	730	0	312	472	363	439	575	517	787	557	469	735	411	468	590	798	315	407	498	508	326	603	509	326	585	701	612	776	528	587	357	497	590	485	347	671	649	589	
300	318	511	620	664	585	779	776	403	388	402	660	422	734	628	494	391	411	414	544	793	446	414	479	312	0	412	372	533	462	409	507	386	334	690	737	729	739	611	549	633	509	670	744	516	641	529	617	640	401	633	572	403	676	554	647	334	777	771	382	596	
503	504	573	603	693	339	480	511	370	568	366	498	705	603	387	552	662	448	668	426	708	454	320	437	472	412	0	446	673	624	564	689	718	381	722	353	757	550	369	320	385	785	499	596	495	788	745	383	798	473	674	756	475	455	760	798	467	772	772	629	756	
706	351	609	716	500	503	370	781	395	721	333	355	484	559	528	733	655	753	741	739	526	606	531	513	363	372	446	0	699	487	353	384	440	588	385	595	320	698	385	695	738	604	628	382	516	756	355	750	412	609	377	744	744	558	345	441	745	336	334	564	526	
450	532	674	536	674	420	456	544	651	690	515	442	570	305	524	785	744	444	506	685	595	714	765	693	439	533	673	699	0	484	337	673	550	781	781	522	702	562	661	505	797	485	655	731	717	777	691	566	698	698	368	568	536	387	338	349	485	625	570	317	769	
650	424	358	718	652	482	598	746	730	559	383	367	662	368	731	540	701	411	730	328	725	401	436	673	575	462	624	487	484	0	438	304	738	729	792	731	697	383	685	424	724	469	552	489	417	391	767	777	593	682	724	508	381	339	667	685	751	513	766	530	644	
772	708	311	430	312	477	723	798	642	776	714	718	675	750	713	497	617	749	609	662	611	424	710	416	517	409	564	353	337	438	0	676	714	665	380	437	441	473	756	401	731	725	572	382	596	745	545	533	727	606	607	739	379	572	575	515	719	716	366	716	334	
328	708	772	687	473	406	604	470	594	742	508	490	741	608	370	659	709	663	438	780	378	764	772	349	787	507	689	384	673	304	676	0	450	645	406	606	683	610	385	640	600	796	567	344	550	623	631	602	774	583	398	369	450	580	317	381	514	520	770	609	335	
559	786	507	342	374	628	498	302	730	666	571	588	696	510	751	468	621	748	471	320	607	667	455	439	557	386	718	440	550	738	714	450	0	536	769	664	596	641	457	435	715	327	340	494	756	557	504	692	720	576	652	432	734	695	618	483	786	639	508	625	748	
678	694	561	692	730	608	615	645	681	638	406	565	463	530	406	685	557	421	419	730	781	427	551	652	469	334	381	588	781	729	665	645	536	0	536	663	529	593	611	599	317	425	739	428	572	472	488	548	675	310	356	797	402	506	346	665	376	466	375	370	488	
560	707	398	746	673	416	631	659	722	699	439	464	512	791	402	635	677	302	557	318	728	426	575	373	735	690	722	385	781	792	380	406	769	536	0	646	435	675	392	751	584	568	555	737	336	747	360	311	588	699	420	713	686	544	797	570	604	665	615	323	513	
403	441	383	738	429	305	492	413	504	589	764	723	760	480	473	546	418	759	482	320	720	551	680	464	411	737	353	595	522	731	437	606	664	663	646	0	793	586	694	413	521	497	398	376	378	530	525	570	573	557	468	402	652	374	437	594	722	788	625	468	364	
695	734	694	774	559	730	447	768	453	606	402	532	651	430	576	590	641	379	769	429	743	752	419	696	468	729	757	320	702	697	441	683	596	529	435	793	0	774	440	351	554	551	477	335	304	579	471	337	383	422	490	324	560	488	532	381	651	686	618	779	737	
459	616	375	793	529	611	302	499	442	609	489	463	670	785	585	557	318	549	311	512	484	790	463	411	590	739	550	698	562	383	473	610	641	593	675	586	774	0	639	453	518	328	386	399	757	567	663	615	740	471	429	501	477	680	791	414	628	514	751	416	558	
352	775	578	593	355	599	643	509	521	504	384	487	618	743	676	446	685	590	646	760	706	374	408	679	798	611	369	385	661	685	756	385	457	611	392	694	440	639	0	478	393	312	410	664	760	312	777	526	561	382	478	595	766	698	738	791	307	533	641	591	388	
360	438	675	681	616	742	577	645	531	695	711	798	790	608	653	674	685	520	765	668	641	654	383	776	315	549	320	695	505	424	401	640	435	599	751	413	351	453	478	0	630	653	529	687	326	411	605	684	708	606	591	596	609	431	502	740	536	584	729	648	483	
583	695	555	519	472	505	669	696	506	634	561	331	373	634	358	374	491	402	360	410	698	344	482	765	407	633	385	738	797	724	731	600	715	317	584	521	554	518	393	630	0	780	460	673	329	634	559	598	391	660	688	434	711	405	583	723	434	447	564	646	630	
310	363	542	530	705	694	411	693	714	341	304	621	606	676	526	694	343	584	686	580	694	717	519	410	498	509	785	604	485	469	725	796	327	425	568	497	551	328	312	653	780	0	587	768	592	798	643	619	557	596	550	316	583	326	739	446	621	401	443	581	668	
376	469	422	783	659	620	339	300	768	598	460	659	729	340	691	352	657	452	601	536	698	613	401	464	508	670	499	628	655	552	572	567	340	739	555	398	477	386	410	529	460	587	0	460	791	355	399	446	595	307	397	797	529	317	407	385	720	439	655	315	736	
548	488	532	565	529	749	392	462	309	499	373	580	499	653	378	759	350	503	340	635	561	394	587	754	326	744	596	382	731	489	382	344	494	428	737	376	335	399	664	687	673	768	460	0	585	502	712	739	786	390	741	670	531	463	421	490	342	591	397	596	606	
437	437	650	564	671	423	450	352	660	371	772	570	669	568	406	391	427	379	644	764	549	641	618	663	603	516	495	516	717	417	596	550	756	572	336	378	304	757	760	326	329	592	791	585	0	582	351	498	766	635	502	675	559	712	530	568	684	789	652	323	683	
613	561	748	545	550	425	636	509	781	547	342	423	335	751	768	452	588	640	650	610	619	457	753	300	509	641	788	756	777	391	745	623	557	472	747	530	579	567	312	411	634	798	355	502	582	0	457	342	535	538	400	687	710	727	407	766	792	575	333	743	518	
579	513	630	429	664	390	453	507	344	763	378	752	362	571	604	550	379	371	779	385	304	635	741	581	326	529	745	355	691	767	545	631	504	488	360	525	471	663	777	605	559	643	399	712	351	457	0	445	502	755	605	445	451	377	385	533	384	407	393	409	524	
705	712	752	570	393	660	642	536	703	567	499	331	633	408	627	499	731	748	407	676	513	781	531	626	585	617	383	750	566	777	533	602	692	548	311	570	337	615	526	684	598	619	446	739	498	342	445	0	661	408	465	300	510	605	389	634	306	444	696	675	311	
731	324	735	432	493	570	686	672	655	472	346	722	556	360	504	788	335	614	773	699	461	522	744	658	701	640	798	412	698	593	727	774	720	675	588	573	383	740	561	708	391	557	595	786	766	535	502	661	0	580	507	774	738	760	355	721	777	398	433	375	398	
475	514	746	501	677	466	768	563	780	544	535	756	711	346	372	466	524	410	711	582	555	548	477	703	612	401	473	609	698	682	606	583	576	310	699	557	422	471	382	606	660	596	307	390	635	538	755	408	580	0	683	728	380	739	796	670	399	678	518	612	592	
742	609	329	760	362	714	666	319	530	715	638	396	631	720	401	323	615	337	597	705	664	697	338	551	776	633	674	377	368	724	607	398	652	356	420	468	490	429	478	591	688	550	397	741	502	400	605	465	507	683	0	384	791	739	695	481	601	660	328	682	605	
745	526	765	403	689	458	514	787	566	648	665	755	344	553	505	705	647	501	343	567	377	546	790	523	528	572	756	744	568	508	739	369	432	797	713	402	324	501	595	596	434	316	797	670	675	687	445	300	774	728	384	0	687	458	665	402	424	660	540	493	668	
698	461	478	698	366	622	694	560	770	357	718	311	753	464	538	566	593	787	410	402	366	538	651	420	587	403	475	744	536	381	379	450	734	402	686	652	560	477	766	609	711	583	529	531	559	710	451	510	738	380	791	687	0	609	321	326	482	453	338	633	782	
793	785	317	335	567	513	798	799	668	715	432	697	658	685	339	356	352	415	726	378	468	457	305	713	357	676	455	558	387	339	572	580	695	506	544	374	488	680	698	431	405	326	317	463	712	727	377	605	760	739	739	458	609	0	690	446	409	541	343	377	684	
746	653	594	662	790	310	701	518	586	506	620	515	638	318	399	586	782	524	676	495	719	559	765	505	497	554	760	345	338	667	575	317	618	346	797	437	532	791	738	502	583	739	407	421	530	407	385	389	355	796	695	665	321	690	0	600	656	603	478	785	614	
689	609	327	385	651	574	629	538	528	573	532	302	470	304	776	781	487	324	332	387	780	567	652	538	590	647	798	441	349	685	515	381	483	665	570	594	381	414	791	740	723	446	385	490	568	766	533	634	721	670	481	402	326	446	600	0	482	689	445	765	567	
383	603	643	711	749	441	350	617	597	625	402	650	780	535	505	729	735	659	341	670	511	629	373	630	485	334	467	745	485	751	719	514	786	376	604	722	651	628	307	536	434	621	720	342	684	792	384	306	777	399	601	424	482	409	656	482	0	439	612	734	765	
761	602	502	460	335	355	618	650	352	602	690	775	433	669	628	429	778	330	693	427	482	418	541	596	347	777	772	336	625	513	716	520	639	466	665	788	686	514	533	584	447	401	439	591	789	575	407	444	398	678	660	660	453	541	603	689	439	0	468	715	358	
315	447	783	362	792	414	334	703	745	389	748	709	516	750	492	694	455	563	705	624	782	510	629	736	671	771	772	334	570	766	366	770	508	375	615	625	618	751	641	729	564	443	655	397	652	333	393	696	433	518	328	540	338	343	478	445	612	468	0	703	374	
689	414	790	701	659	440	419	418	450	315	600	400	589	634	529	530	318	720	611	702	594	601	503	346	649	382	629	564	317	530	716	609	625	370	323	468	779	416	591	648	646	581	315	596	323	743	409	675	375	612	682	493	633	377	785	765	734	715	703	0	634	
418	774	583	353	350	493	749	477	504	437	379	781	619	795	595	441	359	340	533	444	426	409	752	523	589	596	756	526	769	644	334	335	748	488	513	364	737	558	388	483	630	668	736	606	683	518	524	311	398	592	605	668	782	684	614	567	765	358	374	634	0	
etats
Id_Station	Poids W	Min (P)	WSPT	Priorité	
1	1	0	0,00	1	
2	1	0	0,00	2	
3	5	0	0,00	3	
4	1	0	0,00	4	
5	4	0	0,00	5	
6	1	0	0,00	6	
7	4	0	0,00	7	
8	4	0	0,00	8	
9	2	0	0,00	9	
10	1	0	0,00	10	
11	9	0	0,00	11	
12	6	0	0,00	12	
13	2	0	0,00	13	
14	7	0	0,00	14	
15	9	0	0,00	15	
16	9	0	0,00	16	
17	2	0	0,00	17	
18	8	0	0,00	18	
19	8	0	0,00	19	
20	4	0	0,00	20	
21	5	0	0,00	21	
22	5	0	0,00	22	
23	7	0	0,00	23	
24	5	0	0,00	24	
25	2	0	0,00	25	
26	1	0	0,00	26	
27	6	0	0,00	27	
28	9	0	0,00	28	
29	4	0	0,00	29	
30	7	0	0,00	30	
31	1	0	0,00	31	
32	7	0	0,00	32	
33	8	0	0,00	33	
34	8	0	0,00	34	
35	4	0	0,00	35	
36	6	0	0,00	36	
37	8	0	0,00	37	
38	1	0	0,00	38	
39	1	0	0,00	39	
40	4	0	0,00	40	
41	1	0	0	41	
42	7	0	0	42	
43	7	0	0	43	
44	8	0	0	44	
45	8	302	33,56	45	
46	3	306	34,00	46	
47	4	316	35,11	47	
48	7	306	38,25	48	
49	2	306	38,25	49	
50	1	307	38,38	50	
51	8	301	43,00	51	
52	7	301	43,00	52	
53	5	303	43,29	53	
54	3	305	43,57	54	
55	5	312	44,57	55	
56	4	300	50,00	56	
57	2	309	51,50	57	
58	5	311	51,83	58	
59	6	313	52,17	59	
60	7	300	60,00	60	
