distances
0	372	589	457	365	621	361	404	635	615	507	712	334	589	519	581	379	491	352	359	561	712	725	731	427	426	375	660	543	532	521	648	783	547	673	734	796	535	411	770	653	478	349	501	403	664	567	669	649	536	342	623	308	377	784	426	535	483	422	427	455	
372	0	558	613	687	587	311	620	738	314	340	522	521	655	717	340	527	588	353	442	599	723	718	409	692	520	448	758	376	343	638	360	637	752	637	655	673	399	421	571	481	480	313	552	772	726	437	677	317	678	692	622	507	532	584	411	388	768	621	437	537	
589	558	0	668	380	450	547	648	649	367	331	565	398	579	605	691	604	699	379	607	725	647	566	509	431	792	640	725	570	721	761	351	743	413	785	467	627	416	647	394	771	702	583	489	320	443	311	372	521	583	427	360	508	729	707	653	771	470	549	410	585	
457	613	668	0	472	656	357	755	682	405	766	353	776	315	537	665	547	331	780	731	551	564	624	599	686	780	648	437	340	730	718	506	415	659	653	797	465	670	732	631	770	684	649	303	579	744	737	489	366	709	632	745	341	693	643	426	453	303	457	422	398	
365	687	380	472	0	489	608	597	394	636	348	463	359	458	323	787	457	705	557	621	484	479	571	455	591	443	772	462	705	327	453	671	538	379	647	386	699	678	700	764	787	531	671	719	422	390	762	749	778	608	491	604	358	474	788	543	457	444	605	549	513	
621	587	450	656	489	0	484	717	488	726	685	358	610	631	722	404	580	594	605	731	375	601	559	378	413	530	509	485	570	659	355	529	722	733	688	416	623	663	526	665	631	708	695	457	475	760	737	654	382	531	610	662	766	664	368	707	418	630	625	369	726	
361	311	547	357	608	484	0	578	464	588	576	448	629	460	389	510	757	793	387	483	495	362	744	658	542	301	798	357	796	464	765	667	594	508	731	348	769	373	339	541	765	734	775	303	728	432	416	778	361	799	344	589	434	336	650	419	718	602	446	603	761	
404	620	648	755	597	717	578	0	508	612	406	775	780	437	370	386	383	744	560	437	358	608	666	563	512	668	587	343	622	401	434	323	548	665	496	467	723	534	602	541	375	688	475	624	703	338	415	583	683	696	524	643	410	507	388	794	551	487	706	376	753	
635	738	649	682	394	488	464	508	0	649	353	757	625	388	626	751	762	605	385	547	342	675	455	726	579	503	732	567	568	649	302	650	474	669	447	380	607	617	743	460	453	590	390	486	316	782	537	493	350	549	716	705	784	336	529	686	645	706	531	640	440	
615	314	367	405	636	726	588	612	649	0	337	749	738	326	413	698	660	639	567	652	538	593	379	776	781	450	336	623	746	767	501	426	687	480	557	794	430	730	547	751	326	696	714	797	716	669	611	445	502	396	384	467	716	679	673	414	637	507	689	375	444	
507	340	331	766	348	685	576	406	353	337	0	446	707	498	385	538	670	638	640	392	748	590	301	363	685	356	308	498	736	332	793	335	741	779	340	391	627	643	305	504	644	704	324	500	586	395	598	637	491	377	377	644	498	467	623	757	792	646	328	626	750	
712	522	565	353	463	358	448	775	757	749	446	0	793	705	660	343	708	740	665	638	720	611	750	318	664	384	780	332	693	328	526	713	763	486	747	681	309	423	622	423	370	630	402	578	721	340	716	437	361	305	693	792	557	413	689	346	721	334	788	786	426	
334	521	398	776	359	610	629	780	625	738	707	793	0	598	340	719	468	330	458	723	562	753	621	578	546	485	468	442	401	700	365	380	661	359	697	453	533	635	401	488	311	381	446	687	571	707	631	484	311	780	543	563	717	450	695	581	359	394	330	650	414	
589	655	579	315	458	631	460	437	388	326	498	705	598	0	529	561	482	484	393	343	776	657	430	655	733	761	580	648	738	685	708	719	660	571	548	737	398	753	682	305	345	551	758	778	417	640	679	322	430	591	781	749	582	322	658	344	454	311	429	792	621	
519	717	605	537	323	722	389	370	626	413	385	660	340	529	0	736	391	632	509	614	413	690	784	760	509	394	779	457	774	342	342	754	306	536	448	348	376	604	523	498	583	446	466	558	663	545	789	496	642	533	692	380	474	627	353	720	401	301	589	525	417	
581	340	691	665	787	404	510	386	751	698	538	343	719	561	736	0	576	692	794	755	768	450	583	467	649	334	646	377	380	399	709	491	473	455	329	508	743	310	350	544	356	426	383	429	690	364	458	322	351	726	308	736	791	697	748	623	724	633	624	684	748	
379	527	604	547	457	580	757	383	762	660	670	708	468	482	391	576	0	610	615	496	501	666	793	530	791	317	328	694	681	634	580	402	549	621	781	519	580	720	472	329	687	468	490	593	442	375	426	559	387	756	393	540	668	773	735	358	564	344	596	798	612	
491	588	699	331	705	594	793	744	605	639	638	740	330	484	632	692	610	0	303	793	743	305	437	784	737	526	721	360	580	302	794	542	451	646	325	537	740	653	417	574	514	486	339	537	661	604	600	629	504	501	763	754	548	306	365	385	733	320	525	797	636	
352	353	379	780	557	605	387	560	385	567	640	665	458	393	509	794	615	303	0	622	591	370	390	504	760	509	683	574	388	619	340	671	424	655	538	797	779	561	502	534	367	652	397	673	656	791	562	420	641	509	553	476	403	401	794	350	570	522	577	639	560	
359	442	607	731	621	731	483	437	547	652	392	638	723	343	614	755	496	793	622	0	755	749	367	528	319	358	306	768	746	509	546	472	678	372	497	735	481	772	750	580	308	764	715	522	620	602	797	674	531	458	441	539	769	303	607	310	577	661	485	676	655	
561	599	725	551	484	375	495	358	342	538	748	720	562	776	413	768	501	743	591	755	0	407	792	306	735	352	720	693	703	323	625	303	660	613	494	573	397	567	478	518	389	341	644	637	634	500	344	509	426	472	474	782	349	669	526	623	437	598	347	647	624	
712	723	647	564	479	601	362	608	675	593	590	611	753	657	690	450	666	305	370	749	407	0	590	374	427	580	732	767	609	352	497	687	766	727	310	682	522	677	638	717	789	612	600	342	619	799	697	690	490	336	385	603	545	301	673	753	760	524	460	501	457	
725	718	566	624	571	559	744	666	455	379	301	750	621	430	784	583	793	437	390	367	792	590	0	509	611	769	714	521	651	416	437	449	687	779	775	682	321	771	771	642	584	406	575	376	391	472	452	617	783	363	628	641	393	630	317	495	341	745	609	797	756	
731	409	509	599	455	378	658	563	726	776	363	318	578	655	760	467	530	784	504	528	306	374	509	0	726	623	641	778	673	390	653	678	562	383	314	739	451	758	772	454	686	643	616	689	390	658	577	455	411	608	525	578	531	312	785	785	646	575	535	509	434	
427	692	431	686	591	413	542	512	579	781	685	664	546	733	509	649	791	737	760	319	735	427	611	726	0	507	510	377	354	660	757	402	316	722	795	464	777	347	373	794	438	506	493	628	303	676	710	311	620	793	391	637	412	715	673	394	586	316	471	712	651	
426	520	792	780	443	530	301	668	503	450	356	384	485	761	394	334	317	526	509	358	352	580	769	623	507	0	405	771	798	496	478	428	447	533	545	344	301	337	388	646	378	490	708	462	511	757	527	442	516	752	464	356	775	555	431	565	390	563	577	432	564	
375	448	640	648	772	509	798	587	732	336	308	780	468	580	779	646	328	721	683	306	720	732	714	641	510	405	0	631	345	667	354	607	505	701	344	553	327	372	722	394	662	661	452	306	515	647	359	332	589	689	426	492	414	731	658	403	727	643	328	774	792	
660	758	725	437	462	485	357	343	567	623	498	332	442	648	457	377	694	360	574	768	693	767	521	778	377	771	631	0	752	413	509	674	537	659	418	526	425	637	760	639	719	537	614	584	337	692	773	401	694	306	424	636	615	579	375	571	663	433	675	751	386	
543	376	570	340	705	570	796	622	568	746	736	693	401	738	774	380	681	580	388	746	703	609	651	673	354	798	345	752	0	786	682	504	725	420	612	691	758	444	319	453	684	633	393	397	378	708	630	401	411	762	770	438	312	339	670	336	433	703	473	580	330	
532	343	721	730	327	659	464	401	649	767	332	328	700	685	342	399	634	302	619	509	323	352	416	390	660	496	667	413	786	0	452	394	653	424	646	703	572	686	628	358	482	385	799	748	752	504	409	321	593	404	481	692	332	301	641	341	608	327	765	622	329	
521	638	761	718	453	355	765	434	302	501	793	526	365	708	342	709	580	794	340	546	625	497	437	653	757	478	354	509	682	452	0	693	578	692	657	607	722	782	593	503	779	577	676	485	662	787	747	652	331	428	605	312	679	537	732	471	790	545	597	560	743	
648	360	351	506	671	529	667	323	650	426	335	713	380	719	754	491	402	542	671	472	303	687	449	678	402	428	607	674	504	394	693	0	483	750	519	580	710	705	592	475	664	619	331	395	406	366	306	615	787	744	640	716	394	419	415	484	746	680	375	723	455	
783	637	743	415	538	722	594	548	474	687	741	763	661	660	306	473	549	451	424	678	660	766	687	562	316	447	505	537	725	653	578	483	0	574	580	397	532	670	743	371	371	780	490	472	467	697	430	537	335	540	332	474	404	397	336	610	679	535	653	672	722	
547	752	413	659	379	733	508	665	669	480	779	486	359	571	536	455	621	646	655	372	613	727	779	383	722	533	701	659	420	424	692	750	574	0	366	639	726	696	760	364	497	336	421	757	568	727	642	790	691	756	728	782	462	527	394	388	646	509	779	732	396	
673	637	785	653	647	688	731	496	447	557	340	747	697	548	448	329	781	325	538	497	494	310	775	314	795	545	344	418	612	646	657	519	580	366	0	565	714	590	610	689	627	327	570	339	483	796	749	491	588	394	655	502	557	456	683	377	655	524	349	369	726	
734	655	467	797	386	416	348	467	380	794	391	681	453	737	348	508	519	537	797	735	573	682	682	739	464	344	553	526	691	703	607	580	397	639	565	0	689	697	562	322	341	768	449	386	445	659	638	788	547	463	549	550	610	639	648	754	508	691	322	605	684	
796	673	627	465	699	623	769	723	607	430	627	309	533	398	376	743	580	740	779	481	397	522	321	451	777	301	327	425	758	572	722	710	532	726	714	689	0	561	454	683	600	498	755	437	570	427	374	727	379	605	390	406	479	786	522	506	642	604	369	648	629	
535	399	416	670	678	663	373	534	617	730	643	423	635	753	604	310	720	653	561	772	567	677	771	758	347	337	372	637	444	686	782	705	670	696	590	697	561	0	499	623	491	602	387	425	398	714	654	767	697	680	574	663	318	712	779	503	390	470	313	724	522	
411	421	647	732	700	526	339	602	743	547	305	622	401	682	523	350	472	417	502	750	478	638	771	772	373	388	722	760	319	628	593	592	743	760	610	562	454	499	0	492	332	619	351	691	718	324	406	642	490	681	423	441	457	510	392	691	342	383	618	527	469	
770	571	394	631	764	665	541	541	460	751	504	423	488	305	498	544	329	574	534	580	518	717	642	454	794	646	394	639	453	358	503	475	371	364	689	322	683	623	492	0	372	648	601	620	578	433	771	424	717	679	437	568	590	463	569	558	534	755	403	780	549	
653	481	771	770	787	631	765	375	453	326	644	370	311	345	583	356	687	514	367	308	389	789	584	686	438	378	662	719	684	482	779	664	371	497	627	341	600	491	332	372	0	546	579	346	765	352	663	668	570	370	737	434	536	463	557	525	476	697	518	370	344	
478	480	702	684	531	708	734	688	590	696	704	630	381	551	446	426	468	486	652	764	341	612	406	643	506	490	661	537	633	385	577	619	780	336	327	768	498	602	619	648	546	0	579	519	495	572	660	368	464	554	487	503	738	337	386	582	786	687	590	610	565	
349	313	583	649	671	695	775	475	390	714	324	402	446	758	466	383	490	339	397	715	644	600	575	616	493	708	452	614	393	799	676	331	490	421	570	449	755	387	351	601	579	579	0	712	669	608	592	565	587	723	503	639	351	689	649	580	683	556	376	576	480	
501	552	489	303	719	457	303	624	486	797	500	578	687	778	558	429	593	537	673	522	637	342	376	689	628	462	306	584	397	748	485	395	472	757	339	386	437	425	691	620	346	519	712	0	758	767	536	303	626	605	628	400	452	792	754	763	758	736	456	799	706	
403	772	320	579	422	475	728	703	316	716	586	721	571	417	663	690	442	661	656	620	634	619	391	390	303	511	515	337	378	752	662	406	467	568	483	445	570	398	718	578	765	495	669	758	0	512	541	438	451	532	500	350	477	547	688	538	465	333	662	777	416	
664	726	443	744	390	760	432	338	782	669	395	340	707	640	545	364	375	604	791	602	500	799	472	658	676	757	647	692	708	504	787	366	697	727	796	659	427	714	324	433	352	572	608	767	512	0	740	662	475	543	561	600	393	793	718	638	477	302	753	750	551	
567	437	311	737	762	737	416	415	537	611	598	716	631	679	789	458	426	600	562	797	344	697	452	577	710	527	359	773	630	409	747	306	430	642	749	638	374	654	406	771	663	660	592	536	541	740	0	538	571	597	359	727	627	404	727	483	476	498	507	611	616	
669	677	372	489	749	654	778	583	493	445	637	437	484	322	496	322	559	629	420	674	509	690	617	455	311	442	332	401	401	321	652	615	537	790	491	788	727	767	642	424	668	368	565	303	438	662	538	0	573	681	501	786	463	415	346	683	446	399	457	602	437	
649	317	521	366	778	382	361	683	350	502	491	361	311	430	642	351	387	504	641	531	426	490	783	411	620	516	589	694	411	593	331	787	335	691	588	547	379	697	490	717	570	464	587	626	451	475	571	573	0	360	434	748	630	384	770	417	706	526	708	419	669	
536	678	583	709	608	531	799	696	549	396	377	305	780	591	533	726	756	501	509	458	472	336	363	608	793	752	689	306	762	404	428	744	540	756	394	463	605	680	681	679	370	554	723	605	532	543	597	681	360	0	309	439	582	666	398	378	740	731	719	444	613	
342	692	427	632	491	610	344	524	716	384	377	693	543	781	692	308	393	763	553	441	474	385	628	525	391	464	426	424	770	481	605	640	332	728	655	549	390	574	423	437	737	487	503	628	500	561	359	501	434	309	0	408	314	304	687	387	669	518	350	612	443	
623	622	360	745	604	662	589	643	705	467	644	792	563	749	380	736	540	754	476	539	782	603	641	578	637	356	492	636	438	692	312	716	474	782	502	550	406	663	441	568	434	503	639	400	350	600	727	786	748	439	408	0	501	355	629	353	469	644	479	728	567	
308	507	508	341	358	766	434	410	784	716	498	557	717	582	474	791	668	548	403	769	349	545	393	531	412	775	414	615	312	332	679	394	404	462	557	610	479	318	457	590	536	738	351	452	477	393	627	463	630	582	314	501	0	367	640	752	432	379	622	457	335	
377	532	729	693	474	664	336	507	336	679	467	413	450	322	627	697	773	306	401	303	669	301	630	312	715	555	731	579	339	301	537	419	397	527	456	639	786	712	510	463	463	337	689	792	547	793	404	415	384	666	304	355	367	0	349	466	395	591	352	689	449	
784	584	707	643	788	368	650	388	529	673	623	689	695	658	353	748	735	365	794	607	526	673	317	785	673	431	658	375	670	641	732	415	336	394	683	648	522	779	392	569	557	386	649	754	688	718	727	346	770	398	687	629	640	349	0	441	623	723	516	494	576	
426	411	653	426	543	707	419	794	686	414	757	346	581	344	720	623	358	385	350	310	623	753	495	785	394	565	403	571	336	341	471	484	610	388	377	754	506	503	691	558	525	582	580	763	538	638	483	683	417	378	387	353	752	466	441	0	483	788	639	406	445	
535	388	771	453	457	418	718	551	645	637	792	721	359	454	401	724	564	733	570	577	437	760	341	646	586	390	727	663	433	608	790	746	679	646	655	508	642	390	342	534	476	786	683	758	465	477	476	446	706	740	669	469	432	395	623	483	0	413	350	493	696	
483	768	470	303	444	630	602	487	706	507	646	334	394	311	301	633	344	320	522	661	598	524	745	575	316	563	643	433	703	327	545	680	535	509	524	691	604	470	383	755	697	687	556	736	333	302	498	399	526	731	518	644	379	591	723	788	413	0	692	451	325	
422	621	549	457	605	625	446	706	531	689	328	788	330	429	589	624	596	525	577	485	347	460	609	535	471	577	328	675	473	765	597	375	653	779	349	322	369	313	618	403	518	590	376	456	662	753	507	457	708	719	350	479	622	352	516	639	350	692	0	494	749	
427	437	410	422	549	369	603	376	640	375	626	786	650	792	525	684	798	797	639	676	647	501	797	509	712	432	774	751	580	622	560	723	672	732	369	605	648	724	527	780	370	610	576	799	777	750	611	602	419	444	612	728	457	689	494	406	493	451	494	0	608	
455	537	585	398	513	726	761	753	440	444	750	426	414	621	417	748	612	636	560	655	624	457	756	434	651	564	792	386	330	329	743	455	722	396	726	684	629	522	469	549	344	565	480	706	416	551	616	437	669	613	443	567	335	449	576	445	696	325	749	608	0	
etats
Id_Station	Poids W	Min (P)	WSPT	Priorité	
1	4	309	34,33	1	
2	1	319	35,44	2	
3	1	301	37,63	3	
4	3	305	38,13	4	
5	2	308	38,50	5	
6	2	311	38,88	6	
7	5	319	39,88	7	
8	6	320	40,00	8	
9	1	323	40,38	9	
10	1	307	43,86	10	
11	1	308	44,00	11	
12	6	310	44,29	12	
13	1	319	45,57	13	
14	7	334	47,71	14	
15	9	301	50,17	15	
16	8	301	50,17	16	
17	2	305	50,83	17	
18	1	312	52,00	18	
19	9	313	52,17	19	
20	4	315	52,50	20	
21	6	317	52,83	21	
22	6	300	60,00	22	
23	4	300	60,00	23	
24	3	301	60,20	24	
25	9	302	60,40	25	
26	2	305	61,00	26	
27	1	311	62,20	27	
28	8	312	62,40	28	
29	6	315	63,00	29	
30	9	319	63,80	30	
31	7	325	65,00	31	
32	6	342	68,40	32	
33	3	301	75,25	33	
34	5	301	75,25	34	
35	5	301	75,25	35	
36	4	305	76,25	36	
37	2	305	76,25	37	
38	4	305	76,25	38	
39	3	355	88,75	39	
40	7	362	90,50	40	
41	6	312	104,00	41	
42	9	312	104,00	42	
43	7	302	151,00	43	
44	6	302	151,00	44	
45	9	302	151,00	45	
46	4	303	151,50	46	
47	4	303	151,50	47	
48	2	306	153,00	48	
49	3	306	153,00	49	
50	4	306	153,00	50	
51	7	310	155,00	51	
52	1	312	156,00	52	
53	2	314	157,00	53	
54	2	316	158,00	54	
55	2	335	167,50	55	
56	9	302	302,00	56	
57	3	302	302,00	57	
58	4	303	303,00	58	
59	8	313	313,00	59	
60	3	320	320,00	60	

