distances
0	635	419	537	433	601	546	565	739	434	366	736	370	737	584	481	714	344	443	404	389	638	384	431	610	683	625	456	346	518	756	682	412	527	772	742	773	700	472	699	382	610	678	576	754	442	589	458	627	561	445	388	693	728	702	732	331	355	584	750	690	
635	0	621	653	464	566	662	550	473	787	518	363	374	737	607	458	535	548	438	612	695	787	361	582	793	704	546	719	397	458	737	681	511	345	303	306	369	643	531	533	779	634	437	659	468	468	482	607	797	567	537	523	479	644	796	611	524	393	614	790	685	
419	621	0	672	768	672	643	740	672	716	724	412	733	348	779	385	683	632	351	333	459	588	723	610	315	632	351	378	485	691	519	481	301	489	323	362	469	307	674	674	491	713	750	617	711	561	311	668	437	570	704	594	535	349	370	676	644	500	748	617	387	
537	653	672	0	524	516	522	613	726	399	611	416	757	489	421	453	331	473	693	466	707	333	575	547	779	757	741	572	766	420	789	392	388	668	775	450	546	387	358	508	564	636	536	646	405	388	728	394	629	408	798	687	301	323	518	672	719	671	320	581	685	
433	464	768	524	0	536	714	502	553	731	396	617	776	415	600	589	623	389	326	634	500	467	422	428	627	341	314	412	471	684	426	653	353	310	457	567	740	423	679	769	371	500	566	572	640	544	668	472	486	633	303	557	624	602	772	327	484	723	571	386	371	
601	566	672	516	536	0	502	582	478	472	758	767	789	750	744	635	769	432	686	509	422	680	799	390	493	509	789	557	701	795	356	774	541	586	721	617	366	464	613	414	356	381	464	533	757	699	587	384	342	565	347	474	790	679	630	683	642	751	540	409	621	
546	662	643	522	714	502	0	629	794	580	639	549	635	709	388	429	787	506	679	518	562	713	655	362	363	414	389	554	654	451	736	402	669	397	535	406	693	457	661	777	580	509	707	649	759	312	565	590	455	415	610	731	632	564	645	673	425	476	652	484	789	
565	550	740	613	502	582	629	0	580	498	585	448	318	436	448	625	313	677	314	365	566	473	458	464	744	393	552	428	567	609	591	747	665	651	751	589	788	434	482	343	473	330	379	373	722	683	565	648	428	746	711	433	712	511	651	797	644	442	499	648	692	
739	473	672	726	553	478	794	580	0	686	685	762	452	413	576	451	517	622	329	526	694	531	556	348	694	662	348	437	784	707	762	565	427	611	756	395	747	595	468	564	731	680	571	699	663	455	768	529	630	672	719	408	382	305	538	738	404	690	582	459	714	
434	787	716	399	731	472	580	498	686	0	475	641	568	582	313	476	614	485	434	381	620	459	776	717	619	609	701	551	314	561	355	757	327	749	516	656	495	722	502	717	360	599	520	652	565	707	364	431	439	558	337	601	396	517	448	791	484	565	656	717	539	
366	518	724	611	396	758	639	585	685	475	0	709	690	505	341	508	627	722	459	643	771	569	681	733	503	485	591	386	683	724	600	519	393	760	600	470	657	792	627	768	690	377	402	415	639	423	412	787	335	783	656	655	527	520	458	319	405	792	507	538	470	
736	363	412	416	617	767	549	448	762	641	709	0	313	720	609	488	623	405	588	449	564	311	497	786	775	626	561	734	435	442	724	389	734	381	661	316	651	347	777	682	447	448	744	692	610	439	310	734	447	784	306	722	496	620	354	474	396	570	587	430	438	
370	374	733	757	776	789	635	318	452	568	690	313	0	421	732	425	797	747	795	368	447	490	503	434	614	620	545	581	638	370	539	378	567	409	490	437	581	441	444	398	735	792	341	682	546	632	497	780	534	796	793	424	331	452	682	532	312	723	591	583	774	
737	737	348	489	415	750	709	436	413	582	505	720	421	0	663	793	595	618	311	483	613	781	789	620	778	692	789	429	439	679	796	308	318	594	717	640	704	666	400	343	435	537	696	692	664	314	532	561	358	443	410	465	783	357	654	713	634	524	302	337	419	
584	607	779	421	600	744	388	448	576	313	341	609	732	663	0	795	557	705	736	602	719	499	654	353	724	338	492	631	654	590	480	775	300	798	760	312	519	405	353	675	445	399	405	757	658	750	361	423	749	601	389	414	310	779	693	683	305	491	779	617	534	
481	458	385	453	589	635	429	625	451	476	508	488	425	793	795	0	594	436	550	613	774	346	503	758	342	435	362	782	334	727	463	695	360	596	373	477	427	335	492	534	383	327	327	716	661	575	436	559	360	578	702	759	440	348	338	325	541	654	339	527	378	
714	535	683	331	623	769	787	313	517	614	627	623	797	595	557	594	0	549	461	631	506	316	432	686	536	442	632	711	748	662	768	782	673	389	615	422	534	667	666	785	456	714	665	549	525	403	516	739	396	346	433	594	307	583	615	632	419	393	331	518	486	
344	548	632	473	389	432	506	677	622	485	722	405	747	618	705	436	549	0	703	523	490	495	650	551	390	788	794	785	598	570	499	431	552	441	371	389	415	554	305	425	648	419	445	681	451	440	613	535	498	459	592	667	669	391	630	702	604	365	678	522	358	
443	438	351	693	326	686	679	314	329	434	459	588	795	311	736	550	461	703	0	486	637	545	384	491	745	448	790	443	462	518	426	384	413	714	451	541	335	782	748	422	654	703	620	369	423	468	683	513	465	433	409	378	426	506	762	558	419	692	721	365	597	
404	612	333	466	634	509	518	365	526	381	643	449	368	483	602	613	631	523	486	0	320	469	436	628	497	656	539	433	791	780	353	655	316	342	518	735	530	579	311	625	535	743	510	460	410	710	302	424	484	707	479	412	652	775	373	542	425	503	478	607	427	
389	695	459	707	500	422	562	566	694	620	771	564	447	613	719	774	506	490	637	320	0	618	562	339	612	540	692	536	742	498	776	374	583	557	480	791	797	591	570	335	772	664	419	553	577	540	486	457	680	590	362	400	404	346	502	390	576	782	341	609	704	
638	787	588	333	467	680	713	473	531	459	569	311	490	781	499	346	316	495	545	469	618	0	700	462	738	394	574	618	738	597	527	511	756	771	406	444	730	672	617	460	755	676	343	763	375	471	745	404	629	632	358	442	743	589	655	714	655	561	590	541	630	
384	361	723	575	422	799	655	458	556	776	681	497	503	789	654	503	432	650	384	436	562	700	0	601	471	366	327	673	748	596	575	308	332	606	638	409	488	788	530	459	781	652	746	518	666	463	707	768	598	492	624	506	723	705	569	716	607	438	570	354	620	
431	582	610	547	428	390	362	464	348	717	733	786	434	620	353	758	686	551	491	628	339	462	601	0	403	692	713	674	384	628	521	791	616	355	798	666	611	572	589	759	643	759	602	541	749	323	538	465	518	643	593	334	343	402	558	647	380	757	609	469	402	
610	793	315	779	627	493	363	744	694	619	503	775	614	778	724	342	536	390	745	497	612	738	471	403	0	737	374	362	705	750	748	719	346	565	624	340	422	541	580	452	384	371	648	312	327	339	707	547	498	777	731	739	487	721	644	596	710	785	583	621	690	
683	704	632	757	341	509	414	393	662	609	485	626	620	692	338	435	442	788	448	656	540	394	366	692	737	0	489	372	594	346	491	515	576	311	311	764	335	367	534	595	421	682	678	647	395	363	428	606	712	301	600	650	486	751	532	778	592	706	704	570	339	
625	546	351	741	314	789	389	552	348	701	591	561	545	789	492	362	632	794	790	539	692	574	327	713	374	489	0	459	414	696	608	536	352	364	528	748	395	463	673	390	726	463	366	745	456	393	737	394	451	685	430	464	671	600	346	335	338	713	435	581	381	
456	719	378	572	412	557	554	428	437	551	386	734	581	429	631	782	711	785	443	433	536	618	673	674	362	372	459	0	530	489	414	581	761	486	678	780	502	672	497	486	748	656	425	391	434	672	450	623	466	769	403	369	484	550	518	465	557	371	398	438	375	
346	397	485	766	471	701	654	567	784	314	683	435	638	439	654	334	748	598	462	791	742	738	748	384	705	594	414	530	0	729	490	729	354	454	761	640	725	301	469	360	604	500	649	753	430	376	733	355	595	355	559	646	774	610	758	418	597	492	389	422	475	
518	458	691	420	684	795	451	609	707	561	724	442	370	679	590	727	662	570	518	780	498	597	596	628	750	346	696	489	729	0	518	573	766	481	577	751	504	479	333	612	569	354	320	787	549	497	574	490	724	673	618	482	395	362	386	370	491	520	341	595	436	
756	737	519	789	426	356	736	591	762	355	600	724	539	796	480	463	768	499	426	353	776	527	575	521	748	491	608	414	490	518	0	529	336	611	538	326	548	656	390	744	694	690	389	389	315	704	659	342	517	663	710	494	552	475	531	524	363	440	686	519	562	
682	681	481	392	653	774	402	747	565	757	519	389	378	308	775	695	782	431	384	655	374	511	308	791	719	515	536	581	729	573	529	0	779	682	489	370	410	310	316	770	775	531	489	730	393	734	610	562	567	661	623	644	667	635	310	432	533	703	789	582	370	
412	511	301	388	353	541	669	665	427	327	393	734	567	318	300	360	673	552	413	316	583	756	332	616	346	576	352	761	354	766	336	779	0	672	721	761	783	742	573	750	355	708	773	473	436	374	469	443	472	571	681	412	447	361	488	631	394	703	576	627	612	
527	345	489	668	310	586	397	651	611	749	760	381	409	594	798	596	389	441	714	342	557	771	606	355	565	311	364	486	454	481	611	682	672	0	766	395	557	742	647	732	523	416	387	755	578	417	511	574	513	319	611	338	487	411	416	667	614	412	378	580	536	
772	303	323	775	457	721	535	751	756	516	600	661	490	717	760	373	615	371	451	518	480	406	638	798	624	311	528	678	761	577	538	489	721	766	0	312	381	687	367	417	448	316	543	607	507	582	645	631	550	491	467	448	341	398	685	549	630	596	762	305	494	
742	306	362	450	567	617	406	589	395	656	470	316	437	640	312	477	422	389	541	735	791	444	409	666	340	764	748	780	640	751	326	370	761	395	312	0	511	522	770	431	742	780	485	575	364	318	471	522	760	527	302	724	480	653	710	544	416	626	640	737	631	
773	369	469	546	740	366	693	788	747	495	657	651	581	704	519	427	534	415	335	530	797	730	488	611	422	335	395	502	725	504	548	410	783	557	381	511	0	513	578	493	507	728	496	795	597	491	319	714	775	448	516	634	578	615	681	785	501	768	425	427	373	
700	643	307	387	423	464	457	434	595	722	792	347	441	666	405	335	667	554	782	579	591	672	788	572	541	367	463	672	301	479	656	310	742	742	687	522	513	0	789	676	306	728	317	526	387	709	384	493	505	612	638	551	614	644	758	590	500	767	331	627	714	
472	531	674	358	679	613	661	482	468	502	627	777	444	400	353	492	666	305	748	311	570	617	530	589	580	534	673	497	469	333	390	316	573	647	367	770	578	789	0	698	508	589	306	480	481	547	401	697	357	765	407	796	435	688	725	786	436	635	509	341	784	
699	533	674	508	769	414	777	343	564	717	768	682	398	343	675	534	785	425	422	625	335	460	459	759	452	595	390	486	360	612	744	770	750	732	417	431	493	676	698	0	415	399	799	669	351	770	563	493	624	515	672	411	751	484	635	403	515	598	371	639	319	
382	779	491	564	371	356	580	473	731	360	690	447	735	435	445	383	456	648	654	535	772	755	781	643	384	421	726	748	604	569	694	775	355	523	448	742	507	306	508	415	0	435	533	656	768	554	663	357	533	602	451	381	757	534	379	393	372	606	440	556	707	
610	634	713	636	500	381	509	330	680	599	377	448	792	537	399	327	714	419	703	743	664	676	652	759	371	682	463	656	500	354	690	531	708	416	316	780	728	728	589	399	435	0	577	645	449	369	482	575	764	480	675	579	378	694	636	408	680	504	736	628	485	
678	437	750	536	566	464	707	379	571	520	402	744	341	696	405	327	665	445	620	510	419	343	746	602	648	678	366	425	649	320	389	489	773	387	543	485	496	317	306	799	533	577	0	331	776	523	418	556	470	312	786	364	432	484	664	512	559	570	399	476	602	
576	659	617	646	572	533	649	373	699	652	415	692	682	692	757	716	549	681	369	460	553	763	518	541	312	647	745	391	753	787	389	730	473	755	607	575	795	526	480	669	656	645	331	0	674	776	526	584	628	566	681	355	520	448	364	703	515	489	348	696	341	
754	468	711	405	640	757	759	722	663	565	639	610	546	664	658	661	525	451	423	410	577	375	666	749	327	395	456	434	430	549	315	393	436	578	507	364	597	387	481	351	768	449	776	674	0	791	550	758	382	542	687	411	616	661	396	391	789	393	478	340	527	
442	468	561	388	544	699	312	683	455	707	423	439	632	314	750	575	403	440	468	710	540	471	463	323	339	363	393	672	376	497	704	734	374	417	582	318	491	709	547	770	554	369	523	776	791	0	691	661	628	672	713	661	532	489	530	793	683	562	371	653	336	
589	482	311	728	668	587	565	565	768	364	412	310	497	532	361	436	516	613	683	302	486	745	707	538	707	428	737	450	733	574	659	610	469	511	645	471	319	384	401	563	663	482	418	526	550	691	0	509	356	640	658	677	635	680	389	657	403	754	754	326	372	
458	607	668	394	472	384	590	648	529	431	787	734	780	561	423	559	739	535	513	424	457	404	768	465	547	606	394	623	355	490	342	562	443	574	631	522	714	493	697	493	357	575	556	584	758	661	509	0	751	322	752	768	434	317	693	345	512	452	536	531	566	
627	797	437	629	486	342	455	428	630	439	335	447	534	358	749	360	396	498	465	484	680	629	598	518	498	712	451	466	595	724	517	567	472	513	550	760	775	505	357	624	533	764	470	628	382	628	356	751	0	790	743	405	530	715	535	386	369	489	594	797	762	
561	567	570	408	633	565	415	746	672	558	783	784	796	443	601	578	346	459	433	707	590	632	492	643	777	301	685	769	355	673	663	661	571	319	491	527	448	612	765	515	602	480	312	566	542	672	640	322	790	0	374	477	474	485	770	677	337	485	607	748	309	
445	537	704	798	303	347	610	711	719	337	656	306	793	410	389	702	433	592	409	479	362	358	624	593	731	600	430	403	559	618	710	623	681	611	467	302	516	638	407	672	451	675	786	681	687	713	658	752	743	374	0	408	532	327	394	792	511	540	308	605	364	
388	523	594	687	557	474	731	433	408	601	655	722	424	465	414	759	594	667	378	412	400	442	506	334	739	650	464	369	646	482	494	644	412	338	448	724	634	551	796	411	381	579	364	355	411	661	677	768	405	477	408	0	737	644	368	762	369	564	658	337	342	
693	479	535	301	624	790	632	712	382	396	527	496	331	783	310	440	307	669	426	652	404	743	723	343	487	486	671	484	774	395	552	667	447	487	341	480	578	614	435	751	757	378	432	520	616	532	635	434	530	474	532	737	0	494	762	332	647	677	459	766	507	
728	644	349	323	602	679	564	511	305	517	520	620	452	357	779	348	583	391	506	775	346	589	705	402	721	751	600	550	610	362	475	635	361	411	398	653	615	644	688	484	534	694	484	448	661	489	680	317	715	485	327	644	494	0	427	325	452	666	683	402	600	
702	796	370	518	772	630	645	651	538	448	458	354	682	654	693	338	615	630	762	373	502	655	569	558	644	532	346	518	758	386	531	310	488	416	685	710	681	758	725	635	379	636	664	364	396	530	389	693	535	770	394	368	762	427	0	352	661	394	417	588	327	
732	611	676	672	327	683	673	797	738	791	319	474	532	713	683	325	632	702	558	542	390	714	716	647	596	778	335	465	418	370	524	432	631	667	549	544	785	590	786	403	393	408	512	703	391	793	657	345	386	677	792	762	332	325	352	0	713	417	739	775	424	
331	524	644	719	484	642	425	644	404	484	405	396	312	634	305	541	419	604	419	425	576	655	607	380	710	592	338	557	597	491	363	533	394	614	630	416	501	500	436	515	372	680	559	515	789	683	403	512	369	337	511	369	647	452	661	713	0	761	786	767	711	
355	393	500	671	723	751	476	442	690	565	792	570	723	524	491	654	393	365	692	503	782	561	438	757	785	706	713	371	492	520	440	703	703	412	596	626	768	767	635	598	606	504	570	489	393	562	754	452	489	485	540	564	677	666	394	417	761	0	587	750	648	
584	614	748	320	571	540	652	499	582	656	507	587	591	302	779	339	331	678	721	478	341	590	570	609	583	704	435	398	389	341	686	789	576	378	762	640	425	331	509	371	440	736	399	348	478	371	754	536	594	607	308	658	459	683	417	739	786	587	0	520	587	
750	790	617	581	386	409	484	648	459	717	538	430	583	337	617	527	518	522	365	607	609	541	354	469	621	570	581	438	422	595	519	582	627	580	305	737	427	627	341	639	556	628	476	696	340	653	326	531	797	748	605	337	766	402	588	775	767	750	520	0	496	
690	685	387	685	371	621	789	692	714	539	470	438	774	419	534	378	486	358	597	427	704	630	620	402	690	339	381	375	475	436	562	370	612	536	494	631	373	714	784	319	707	485	602	341	527	336	372	566	762	309	364	342	507	600	327	424	711	648	587	496	0	
etats
Id_Station	Poids W	Min (P)	WSPT	Priorité	
1	2	300	33,33	1	
2	4	300	33,33	2	
3	6	300	33,33	3	
4	2	301	33,44	4	
5	5	303	33,67	5	
6	3	305	33,89	6	
7	6	318	35,33	7	
8	4	332	36,89	8	
9	1	300	37,50	9	
10	5	305	38,13	10	
11	2	310	38,75	11	
12	5	318	39,75	12	
13	2	302	43,14	13	
14	5	308	44,00	14	
15	5	312	44,57	15	
16	7	315	45,00	16	
17	8	302	50,33	17	
18	8	318	53,00	18	
19	1	300	60,00	19	
20	8	304	60,80	20	
21	5	304	60,80	21	
22	7	308	61,60	22	
23	8	326	65,20	23	
24	3	300	75,00	24	
25	6	304	76,00	25	
26	2	305	76,25	26	
27	4	306	76,50	27	
28	8	308	77,00	28	
29	1	310	77,50	29	
30	6	335	83,75	30	
31	8	300	100,00	31	
32	5	330	110,00	32	
33	7	339	113,00	33	
34	1	300	150,00	34	
35	2	302	151,00	35	
36	7	304	152,00	36	
37	4	306	153,00	37	
38	4	309	154,50	38	
39	8	316	158,00	39	
40	2	319	159,50	40	
41	2	300	300,00	41	
42	2	300	300,00	42	
43	2	300	300,00	43	
44	5	300	300,00	44	
45	6	300	300,00	45	
46	2	300	300,00	46	
47	6	301	301,00	47	
48	2	301	301,00	48	
49	5	302	302,00	49	
50	1	302	302,00	50	
51	7	302	302,00	51	
52	4	304	304,00	52	
53	5	304	304,00	53	
54	2	305	305,00	54	
55	9	305	305,00	55	
56	6	305	305,00	56	
57	4	309	309,00	57	
58	5	312	312,00	58	
59	4	313	313,00	59	
60	9	325	325,00	60	

