distances
0	788	762	360	571	306	684	682	712	476	667	742	673	575	606	314	773	785	387	381	790	645	540	515	388	384	740	487	460	514	450	538	321	652	605	460	553	694	422	757	646	401	698	408	636	741	310	609	499	391	778	422	421	573	526	503	681	698	300	327	368	
788	0	616	440	752	707	670	783	719	685	645	303	741	393	729	364	385	537	383	521	319	584	732	741	322	375	602	736	606	388	707	714	438	530	429	677	710	530	755	424	675	511	352	538	421	625	553	372	574	565	330	789	689	607	368	336	537	452	512	309	741	
762	616	0	673	714	387	786	760	504	496	703	388	362	583	671	434	477	751	382	300	324	717	718	328	768	690	648	413	712	573	339	713	415	629	451	310	341	746	724	793	616	786	554	328	764	456	623	311	354	643	369	631	308	737	317	531	378	369	675	623	320	
360	440	673	0	613	366	645	477	331	480	310	416	557	700	698	375	416	791	762	529	562	487	607	451	602	663	371	544	489	719	434	689	398	487	737	525	526	723	694	578	420	662	520	780	638	418	565	735	436	730	552	797	429	593	352	549	500	669	750	608	595	
571	752	714	613	0	660	467	723	429	605	670	583	720	384	767	671	512	795	311	536	559	711	594	383	316	600	391	746	378	303	650	622	566	737	572	304	706	557	774	631	383	354	376	694	467	719	424	427	391	784	760	382	695	695	657	625	778	348	409	458	499	
306	707	387	366	660	0	375	679	656	402	645	643	452	788	624	752	765	708	541	559	788	796	707	644	571	387	556	580	768	559	363	671	777	730	520	363	677	518	499	639	465	572	722	655	629	581	432	769	536	381	592	712	684	488	479	377	382	437	379	592	721	
684	670	786	645	467	375	0	612	708	364	489	359	515	689	668	399	671	601	381	629	459	425	752	674	459	388	312	320	446	780	469	591	454	427	636	452	441	634	531	616	459	611	348	644	440	745	403	389	512	543	488	689	423	425	430	485	426	337	412	486	638	
682	783	760	477	723	679	612	0	506	676	375	561	679	368	344	329	559	415	556	441	701	715	529	796	657	528	496	316	346	737	681	390	354	639	409	568	712	572	798	419	430	441	372	526	375	345	502	781	779	760	597	724	668	797	556	599	338	503	705	793	535	
712	719	504	331	429	656	708	506	0	336	738	418	704	452	321	328	420	337	402	554	575	341	717	311	732	310	478	425	497	626	673	597	318	368	707	466	573	387	368	733	489	554	665	326	434	548	633	630	686	571	381	416	770	737	523	645	595	576	689	774	791	
476	685	496	480	605	402	364	676	336	0	528	797	316	651	323	616	687	556	554	756	608	367	391	688	447	572	450	716	347	681	433	552	510	550	690	616	433	591	310	666	314	461	660	611	445	552	550	634	313	731	655	656	631	756	376	688	572	791	529	666	581	
667	645	703	310	670	645	489	375	738	528	0	748	306	433	793	657	672	681	381	385	796	677	762	372	413	584	652	465	332	622	338	749	435	417	673	638	647	376	425	373	705	332	758	609	533	545	305	793	651	474	679	778	560	559	499	307	580	727	398	527	738	
742	303	388	416	583	643	359	561	418	797	748	0	619	632	611	391	392	435	563	468	566	375	353	521	347	603	325	544	511	585	514	347	733	599	686	727	601	317	542	550	453	355	474	478	769	515	521	314	546	552	764	605	343	560	567	728	780	395	599	616	396	
673	741	362	557	720	452	515	679	704	316	306	619	0	341	450	750	639	563	795	406	633	736	461	354	681	766	713	508	325	440	456	325	704	480	340	420	686	322	494	586	770	599	546	438	319	383	460	660	602	311	371	793	632	786	664	655	644	580	542	711	449	
575	393	583	700	384	788	689	368	452	651	433	632	341	0	692	705	350	486	402	472	617	461	568	696	753	780	726	309	492	730	776	648	442	368	332	373	753	530	599	638	713	398	359	476	747	648	364	716	774	770	655	658	613	637	472	560	320	616	431	557	789	
606	729	671	698	767	624	668	344	321	323	793	611	450	692	0	379	545	400	639	676	409	312	335	311	756	785	374	753	696	764	556	729	372	712	539	719	310	788	670	375	707	741	442	521	316	631	427	710	546	552	489	676	420	452	463	558	377	466	463	313	519	
314	364	434	375	671	752	399	329	328	616	657	391	750	705	379	0	403	396	426	469	726	529	486	516	546	744	775	305	563	646	517	484	422	692	580	509	514	604	796	434	755	461	687	609	440	412	419	666	636	617	405	355	608	634	502	338	706	572	627	363	587	
773	385	477	416	512	765	671	559	420	687	672	392	639	350	545	403	0	604	716	687	331	484	576	309	307	509	496	521	733	614	725	344	640	664	736	431	728	785	419	641	596	584	532	799	797	359	713	715	734	594	361	456	582	476	740	523	735	787	646	675	482	
785	537	751	791	795	708	601	415	337	556	681	435	563	486	400	396	604	0	769	773	684	397	734	635	344	546	372	447	365	778	648	635	687	378	357	301	369	319	328	564	708	507	555	499	451	734	618	364	777	440	416	721	392	651	664	374	772	619	390	345	380	
387	383	382	762	311	541	381	556	402	554	381	563	795	402	639	426	716	769	0	653	552	721	591	684	623	774	334	584	414	717	346	684	677	372	703	310	703	310	625	773	770	326	497	521	720	531	752	653	765	632	670	792	525	481	440	350	565	747	329	754	609	
381	521	300	529	536	559	629	441	554	756	385	468	406	472	676	469	687	773	653	0	371	611	421	345	647	795	388	772	305	667	592	766	564	361	765	345	766	642	524	644	479	724	519	392	339	632	583	761	567	768	381	675	651	699	378	701	707	511	375	665	377	
790	319	324	562	559	788	459	701	575	608	796	566	633	617	409	726	331	684	552	371	0	431	453	678	558	786	586	338	425	472	497	698	313	786	669	472	662	708	377	534	689	479	738	552	530	494	727	563	312	709	686	756	703	786	565	459	655	513	456	383	530	
645	584	717	487	711	796	425	715	341	367	677	375	736	461	312	529	484	397	721	611	431	0	483	774	632	435	533	547	651	797	617	564	712	416	515	441	757	671	456	725	429	652	642	769	716	661	383	402	746	526	588	418	791	699	368	630	382	576	327	482	488	
540	732	718	607	594	707	752	529	717	391	762	353	461	568	335	486	576	734	591	421	453	483	0	743	794	628	301	547	359	533	682	436	332	535	711	543	498	754	636	428	663	752	530	542	754	719	595	589	641	581	344	669	453	798	467	728	466	720	441	768	566	
515	741	328	451	383	644	674	796	311	688	372	521	354	696	311	516	309	635	684	345	678	774	743	0	558	571	361	658	702	780	325	501	504	476	743	795	467	565	674	755	416	601	548	391	309	449	707	611	539	661	694	678	569	568	632	351	746	470	457	307	638	
388	322	768	602	316	571	459	657	732	447	413	347	681	753	756	546	307	344	623	647	558	632	794	558	0	404	388	606	764	761	733	769	749	610	309	689	547	349	561	307	427	360	302	725	757	799	478	702	413	713	524	798	526	452	792	674	418	730	441	782	569	
384	375	690	663	600	387	388	528	310	572	584	603	766	780	785	744	509	546	774	795	786	435	628	571	404	0	447	723	704	551	401	580	723	361	658	691	642	435	361	650	690	692	359	441	371	449	541	343	585	582	656	444	396	351	756	755	480	406	675	606	564	
740	602	648	371	391	556	312	496	478	450	652	325	713	726	374	775	496	372	334	388	586	533	301	361	388	447	0	554	416	624	708	677	459	784	543	340	779	359	424	617	490	458	515	347	550	428	577	759	677	462	334	733	336	792	710	735	343	746	347	572	568	
487	736	413	544	746	580	320	316	425	716	465	544	508	309	753	305	521	447	584	772	338	547	547	658	606	723	554	0	785	615	314	696	635	765	357	537	366	662	432	756	590	621	756	382	731	636	609	524	654	426	421	629	480	414	324	524	494	418	399	315	343	
460	606	712	489	378	768	446	346	497	347	332	511	325	492	696	563	733	365	414	305	425	651	359	702	764	704	416	785	0	589	668	740	673	578	579	734	377	735	523	445	729	581	714	386	653	717	543	664	706	618	658	682	448	482	680	652	646	366	722	731	763	
514	388	573	719	303	559	780	737	626	681	622	585	440	730	764	646	614	778	717	667	472	797	533	780	761	551	624	615	589	0	458	363	343	665	539	498	744	562	536	486	537	343	352	518	526	399	353	716	776	688	424	568	644	399	341	327	590	729	325	755	512	
450	707	339	434	650	363	469	681	673	433	338	514	456	776	556	517	725	648	346	592	497	617	682	325	733	401	708	314	668	458	0	367	316	578	480	685	658	536	648	470	523	345	514	765	303	351	372	613	470	460	509	337	766	567	521	559	432	784	723	438	692	
538	714	713	689	622	671	591	390	597	552	749	347	325	648	729	484	344	635	684	766	698	564	436	501	769	580	677	696	740	363	367	0	522	690	733	621	386	401	422	333	374	599	599	608	378	686	302	460	697	364	394	762	586	799	664	785	772	338	667	508	481	
321	438	415	398	566	777	454	354	318	510	435	733	704	442	372	422	640	687	677	564	313	712	332	504	749	723	459	635	673	343	316	522	0	436	431	356	420	386	467	585	739	496	313	656	334	523	583	719	665	630	348	590	546	393	766	383	575	697	509	691	371	
652	530	629	487	737	730	427	639	368	550	417	599	480	368	712	692	664	378	372	361	786	416	535	476	610	361	784	765	578	665	578	690	436	0	561	664	661	403	710	589	342	413	606	652	597	468	339	528	531	705	689	388	551	625	607	521	632	369	418	634	719	
605	429	451	737	572	520	636	409	707	690	673	686	340	332	539	580	736	357	703	765	669	515	711	743	309	658	543	357	579	539	480	733	431	561	0	799	474	528	351	722	791	685	628	569	370	334	691	724	380	388	687	375	307	605	483	652	688	485	616	485	657	
460	677	310	525	304	363	452	568	466	616	638	727	420	373	719	509	431	301	310	345	472	441	543	795	689	691	340	537	734	498	685	621	356	664	799	0	687	719	708	772	507	576	360	408	657	777	477	308	410	793	715	595	442	435	615	684	413	686	509	533	660	
553	710	341	526	706	677	441	712	573	433	647	601	686	753	310	514	728	369	703	766	662	757	498	467	547	642	779	366	377	744	658	386	420	661	474	687	0	456	770	525	368	551	428	767	755	392	739	642	346	470	529	679	534	319	786	540	479	622	700	731	477	
694	530	746	723	557	518	634	572	387	591	376	317	322	530	788	604	785	319	310	642	708	671	754	565	349	435	359	662	735	562	536	401	386	403	528	719	456	0	580	607	595	388	577	327	336	304	544	666	704	519	744	547	635	722	788	370	518	488	405	621	634	
422	755	724	694	774	499	531	798	368	310	425	542	494	599	670	796	419	328	625	524	377	456	636	674	561	361	424	432	523	536	648	422	467	710	351	708	770	580	0	723	328	427	644	321	600	768	498	414	483	750	383	553	318	496	503	616	453	559	452	432	416	
757	424	793	578	631	639	616	419	733	666	373	550	586	638	375	434	641	564	773	644	534	725	428	755	307	650	617	756	445	486	470	333	585	589	722	772	525	607	723	0	631	512	475	378	721	322	517	304	330	426	346	599	652	628	400	634	726	561	719	451	697	
646	675	616	420	383	465	459	430	489	314	705	453	770	713	707	755	596	708	770	479	689	429	663	416	427	690	490	590	729	537	523	374	739	342	791	507	368	595	328	631	0	576	503	462	528	392	406	726	493	471	314	435	566	309	316	562	632	591	385	329	722	
401	511	786	662	354	572	611	441	554	461	332	355	599	398	741	461	584	507	326	724	479	652	752	601	360	692	458	621	581	343	345	599	496	413	685	576	551	388	427	512	576	0	328	646	355	446	559	777	674	647	795	693	358	780	513	317	689	469	592	409	555	
698	352	554	520	376	722	348	372	665	660	758	474	546	359	442	687	532	555	497	519	738	642	530	548	302	359	515	756	714	352	514	599	313	606	628	360	428	577	644	475	503	328	0	700	791	570	555	796	556	631	415	722	367	686	329	786	322	764	779	401	327	
408	538	328	780	694	655	644	526	326	611	609	478	438	476	521	609	799	499	521	392	552	769	542	391	725	441	347	382	386	518	765	608	656	652	569	408	767	327	321	378	462	646	700	0	546	436	316	540	587	542	755	480	778	610	737	768	409	543	729	406	743	
636	421	764	638	467	629	440	375	434	445	533	769	319	747	316	440	797	451	720	339	530	716	754	309	757	371	550	731	653	526	303	378	334	597	370	657	755	336	600	721	528	355	791	546	0	584	363	568	541	656	795	631	552	603	625	623	563	647	555	402	327	
741	625	456	418	719	581	745	345	548	552	545	515	383	648	631	412	359	734	531	632	494	661	719	449	799	449	428	636	717	399	351	686	523	468	334	777	392	304	768	322	392	446	570	436	584	0	777	777	588	645	526	325	581	377	737	501	516	446	606	393	727	
310	553	623	565	424	432	403	502	633	550	305	521	460	364	427	419	713	618	752	583	727	383	595	707	478	541	577	609	543	353	372	302	583	339	691	477	739	544	498	517	406	559	555	316	363	777	0	773	610	623	431	749	451	762	719	321	398	394	643	357	367	
609	372	311	735	427	769	389	781	630	634	793	314	660	716	710	666	715	364	653	761	563	402	589	611	702	343	759	524	664	716	613	460	719	528	724	308	642	666	414	304	726	777	796	540	568	777	773	0	738	784	310	675	534	770	350	569	412	610	513	435	751	
499	574	354	436	391	536	512	779	686	313	651	546	602	774	546	636	734	777	765	567	312	746	641	539	413	585	677	654	706	776	470	697	665	531	380	410	346	704	483	330	493	674	556	587	541	588	610	738	0	718	795	457	612	486	353	528	646	570	643	512	711	
391	565	643	730	784	381	543	760	571	731	474	552	311	770	552	617	594	440	632	768	709	526	581	661	713	582	462	426	618	688	460	364	630	705	388	793	470	519	750	426	471	647	631	542	656	645	623	784	718	0	338	589	505	360	659	491	371	778	668	727	439	
778	330	369	552	760	592	488	597	381	655	679	764	371	655	489	405	361	416	670	381	686	588	344	694	524	656	334	421	658	424	509	394	348	689	687	715	529	744	383	346	314	795	415	755	795	526	431	310	795	338	0	358	484	589	692	753	539	328	377	477	391	
422	789	631	797	382	712	689	724	416	656	778	605	793	658	676	355	456	721	792	675	756	418	669	678	798	444	733	629	682	568	337	762	590	388	375	595	679	547	553	599	435	693	722	480	631	325	749	675	457	589	358	0	651	405	504	766	361	585	450	577	575	
421	689	308	429	695	684	423	668	770	631	560	343	632	613	420	608	582	392	525	651	703	791	453	569	526	396	336	480	448	644	766	586	546	551	307	442	534	635	318	652	566	358	367	778	552	581	451	534	612	505	484	651	0	700	587	730	757	626	626	505	695	
573	607	737	593	695	488	425	797	737	756	559	560	786	637	452	634	476	651	481	699	786	699	798	568	452	351	792	414	482	399	567	799	393	625	605	435	319	722	496	628	309	780	686	610	603	377	762	770	486	360	589	405	700	0	319	506	687	450	774	570	466	
526	368	317	352	657	479	430	556	523	376	499	567	664	472	463	502	740	664	440	378	565	368	467	632	792	756	710	324	680	341	521	664	766	607	483	615	786	788	503	400	316	513	329	737	625	737	719	350	353	659	692	504	587	319	0	530	704	760	323	769	677	
503	336	531	549	625	377	485	599	645	688	307	728	655	560	558	338	523	374	350	701	459	630	728	351	674	755	735	524	652	327	559	785	383	521	652	684	540	370	616	634	562	317	786	768	623	501	321	569	528	491	753	766	730	506	530	0	300	523	346	651	779	
681	537	378	500	778	382	426	338	595	572	580	780	644	320	377	706	735	772	565	707	655	382	466	746	418	480	343	494	646	590	432	772	575	632	688	413	479	518	453	726	632	689	322	409	563	516	398	412	646	371	539	361	757	687	704	300	0	464	559	491	558	
698	452	369	669	348	437	337	503	576	791	727	395	580	616	466	572	787	619	747	511	513	576	720	470	730	406	746	418	366	729	784	338	697	369	485	686	622	488	559	561	591	469	764	543	647	446	394	610	570	778	328	585	626	450	760	523	464	0	464	633	389	
300	512	675	750	409	379	412	705	689	529	398	599	542	431	463	627	646	390	329	375	456	327	441	457	441	675	347	399	722	325	723	667	509	418	616	509	700	405	452	719	385	592	779	729	555	606	643	513	643	668	377	450	626	774	323	346	559	464	0	528	424	
327	309	623	608	458	592	486	793	774	666	527	616	711	557	313	363	675	345	754	665	383	482	768	307	782	606	572	315	731	755	438	508	691	634	485	533	731	621	432	451	329	409	401	406	402	393	357	435	512	727	477	577	505	570	769	651	491	633	528	0	560	
368	741	320	595	499	721	638	535	791	581	738	396	449	789	519	587	482	380	609	377	530	488	566	638	569	564	568	343	763	512	692	481	371	719	657	660	477	634	416	697	722	555	327	743	327	727	367	751	711	439	391	575	695	466	677	779	558	389	424	560	0	
etats
Id_Station	Poids W	Min (P)	WSPT	Priorité	
1	1	302	33,56	1	
2	7	305	33,89	2	
3	1	305	33,89	3	
4	3	307	34,11	4	
5	5	300	37,50	5	
6	1	300	37,50	6	
7	6	302	37,75	7	
8	4	302	37,75	8	
9	7	304	38,00	9	
10	9	304	38,00	10	
11	3	310	38,75	11	
12	3	313	39,13	12	
13	6	300	42,86	13	
14	7	300	42,86	14	
15	1	302	43,14	15	
16	9	309	44,14	16	
17	5	311	44,43	17	
18	3	311	44,43	18	
19	8	311	44,43	19	
20	3	324	46,29	20	
21	6	327	46,71	21	
22	4	304	50,67	22	
23	7	306	51,00	23	
24	4	315	52,50	24	
25	5	320	53,33	25	
26	5	301	60,20	26	
27	1	301	60,20	27	
28	6	302	60,40	28	
29	9	305	61,00	29	
30	3	305	61,00	30	
31	1	315	63,00	31	
32	9	324	64,80	32	
33	1	300	75,00	33	
34	1	300	75,00	34	
35	9	304	76,00	35	
36	2	304	76,00	36	
37	4	305	76,25	37	
38	9	305	76,25	38	
39	6	306	76,50	39	
40	2	309	77,25	40	
41	1	317	79,25	41	
42	9	304	101,33	42	
43	7	310	103,33	43	
44	4	300	150,00	44	
45	3	302	151,00	45	
46	8	304	152,00	46	
47	6	307	153,50	47	
48	4	311	155,50	48	
49	9	330	165,00	49	
50	3	300	300,00	50	
51	3	302	302,00	51	
52	6	304	304,00	52	
53	1	304	304,00	53	
54	5	304	304,00	54	
55	6	304	304,00	55	
56	6	305	305,00	56	
57	6	307	307,00	57	
58	8	315	315,00	58	
59	9	319	319,00	59	
60	7	320	320,00	60	

