distances
0	606	552	660	500	451	738	408	545	306	383	688	445	382	660	507	673	402	494	776	370	489	703	782	360	794	534	354	661	422	567	618	590	772	565	378	476	515	482	465	677	787	314	637	613	528	746	669	368	356	674	767	608	322	534	580	423	500	763	311	347	
606	0	418	361	557	418	304	731	511	552	603	405	407	611	392	548	511	789	387	782	753	431	458	369	660	716	769	329	551	564	766	730	505	470	346	356	757	754	643	540	693	399	736	645	316	712	495	448	572	524	355	512	769	626	466	581	762	614	649	436	700	
552	418	0	371	431	490	781	693	550	656	713	575	361	687	735	741	744	480	683	640	301	347	578	790	324	699	539	637	415	327	451	591	703	749	766	474	600	416	575	366	324	333	378	340	428	633	335	690	309	553	517	584	590	792	317	577	755	622	428	474	705	
660	361	371	0	364	413	420	323	495	537	660	611	773	344	636	725	709	480	377	741	680	475	378	414	755	601	729	589	440	786	758	419	745	340	543	522	759	405	317	590	335	314	392	414	340	490	387	563	605	721	373	523	330	519	496	612	710	550	724	637	549	
500	557	431	364	0	537	402	464	512	769	557	654	689	608	309	731	493	318	539	796	606	741	518	463	673	438	561	647	568	607	455	472	669	427	764	716	373	697	574	520	494	694	501	798	351	411	637	656	634	596	728	466	708	363	772	768	533	722	564	674	431	
451	418	490	413	537	0	665	445	580	725	450	399	431	655	491	512	400	578	552	302	708	790	680	698	428	306	341	590	414	420	322	728	502	359	485	500	669	385	637	303	347	363	589	786	365	570	656	345	723	789	691	769	680	585	480	687	567	482	606	362	776	
738	304	781	420	402	665	0	699	734	490	732	774	409	790	503	479	762	403	601	745	642	324	397	469	618	601	551	500	713	511	526	520	353	730	629	609	459	757	574	673	461	334	387	634	790	661	490	411	778	695	473	664	651	756	449	642	783	385	757	391	353	
408	731	693	323	464	445	699	0	791	723	416	644	776	351	323	719	696	401	539	596	480	428	676	420	589	417	346	508	623	669	602	518	726	729	786	796	474	739	799	403	633	471	574	459	372	621	796	717	682	439	345	503	772	583	483	691	358	792	461	346	777	
545	511	550	495	512	580	734	791	0	591	630	470	526	515	586	416	785	779	503	413	505	782	718	754	658	609	377	693	791	369	426	390	702	528	798	757	639	754	489	719	453	797	438	682	357	713	625	468	530	528	320	767	597	720	728	708	467	509	683	798	478	
306	552	656	537	769	725	490	723	591	0	722	347	401	446	650	620	544	765	365	627	704	460	326	392	666	567	404	423	685	425	459	720	770	321	725	328	719	760	660	452	359	781	700	480	517	597	340	483	364	797	578	517	739	446	487	670	363	550	796	373	555	
383	603	713	660	557	450	732	416	630	722	0	517	404	520	479	443	332	683	728	733	363	638	565	652	666	355	377	663	677	562	463	791	337	600	460	315	500	562	627	475	506	662	489	550	356	344	307	438	667	553	385	467	619	525	397	466	421	749	440	617	489	
688	405	575	611	654	399	774	644	470	347	517	0	790	658	697	613	392	619	715	753	644	750	758	455	496	538	436	587	797	401	771	312	751	429	754	632	311	792	463	592	615	795	479	730	782	780	662	416	748	704	441	486	557	610	456	621	437	428	509	544	356	
445	407	361	773	689	431	409	776	526	401	404	790	0	315	338	643	458	390	721	420	562	469	320	769	797	681	315	454	545	358	554	717	474	424	613	764	498	518	635	446	619	521	608	660	355	371	445	564	519	770	563	769	360	565	676	773	646	353	389	425	750	
382	611	687	344	608	655	790	351	515	446	520	658	315	0	395	319	309	359	432	439	666	785	489	513	683	688	397	516	643	327	498	633	713	592	695	431	594	619	416	536	660	547	724	458	718	493	627	436	435	455	477	474	553	772	654	358	325	712	778	578	582	
660	392	735	636	309	491	503	323	586	650	479	697	338	395	0	494	712	309	774	640	598	731	308	649	449	651	372	367	585	515	509	719	303	347	523	657	624	543	391	723	381	541	441	684	446	358	319	418	780	623	456	635	571	377	498	543	589	377	365	371	552	
507	548	741	725	731	512	479	719	416	620	443	613	643	319	494	0	610	397	418	541	739	505	375	601	531	494	656	671	719	674	519	475	519	491	638	650	523	359	458	743	421	764	783	313	429	764	371	661	613	752	751	485	604	377	748	400	313	719	453	399	707	
673	511	744	709	493	400	762	696	785	544	332	392	458	309	712	610	0	536	749	537	445	368	720	415	314	483	608	586	604	332	622	635	671	542	531	381	662	399	773	326	339	417	552	717	318	611	314	716	523	599	732	395	601	356	553	433	614	717	497	631	495	
402	789	480	480	318	578	403	401	779	765	683	619	390	359	309	397	536	0	484	475	682	675	335	342	718	350	567	406	422	463	523	585	454	565	725	444	343	311	490	524	462	593	649	745	751	359	583	784	721	545	674	451	441	381	661	313	417	732	345	360	371	
494	387	683	377	539	552	601	539	503	365	728	715	721	432	774	418	749	484	0	356	472	496	423	479	370	684	332	743	351	437	763	587	769	339	536	421	371	797	795	790	616	425	652	509	331	703	426	410	412	584	467	578	438	798	478	311	633	596	602	576	777	
776	782	640	741	796	302	745	596	413	627	733	753	420	439	640	541	537	475	356	0	512	669	582	492	689	581	548	517	436	457	491	390	630	308	608	302	482	797	451	596	480	647	508	668	697	610	349	558	335	498	452	471	375	561	337	396	631	675	593	649	774	
370	753	301	680	606	708	642	480	505	704	363	644	562	666	598	739	445	682	472	512	0	649	434	547	658	470	409	583	415	788	677	317	429	424	770	638	545	343	633	351	537	756	624	420	541	725	546	732	600	413	389	657	476	359	632	479	335	740	546	736	792	
489	431	347	475	741	790	324	428	782	460	638	750	469	785	731	505	368	675	496	669	649	0	300	419	406	409	701	746	537	576	382	746	706	596	595	725	428	439	660	716	403	516	616	460	782	508	437	366	421	760	588	404	312	670	566	756	706	656	302	752	474	
703	458	578	378	518	680	397	676	718	326	565	758	320	489	308	375	720	335	423	582	434	300	0	549	573	311	347	515	486	732	709	518	784	613	766	732	402	366	408	656	685	737	581	307	316	355	417	582	514	775	491	767	637	648	658	359	790	615	615	399	325	
782	369	790	414	463	698	469	420	754	392	652	455	769	513	649	601	415	342	479	492	547	419	549	0	778	479	326	362	322	497	338	789	576	406	428	734	384	551	455	598	349	677	408	300	788	615	718	570	478	336	383	729	740	686	530	745	672	763	352	318	306	
360	660	324	755	673	428	618	589	658	666	666	496	797	683	449	531	314	718	370	689	658	406	573	778	0	786	319	573	314	386	681	738	730	607	784	798	744	616	402	791	726	497	442	639	731	302	744	330	559	575	519	436	515	672	711	678	448	757	465	586	660	
794	716	699	601	438	306	601	417	609	567	355	538	681	688	651	494	483	350	684	581	470	409	311	479	786	0	606	351	728	490	526	577	784	774	337	393	345	609	591	765	660	515	318	778	382	443	637	680	782	731	685	688	321	600	411	347	794	424	526	441	428	
534	769	539	729	561	341	551	346	377	404	377	436	315	397	372	656	608	567	332	548	409	701	347	326	319	606	0	446	685	311	622	368	640	598	578	746	712	360	309	348	699	618	446	629	475	554	424	760	357	711	525	688	434	774	343	435	744	517	494	530	768	
354	329	637	589	647	590	500	508	693	423	663	587	454	516	367	671	586	406	743	517	583	746	515	362	573	351	446	0	587	482	329	707	374	365	317	401	524	761	305	444	600	523	558	305	366	397	653	769	487	307	752	715	715	525	506	738	648	492	473	634	484	
661	551	415	440	568	414	713	623	791	685	677	797	545	643	585	719	604	422	351	436	415	537	486	322	314	728	685	587	0	637	470	762	744	503	610	469	507	369	326	556	669	371	692	765	759	789	558	553	780	681	310	448	431	522	361	773	351	635	394	570	498	
422	564	327	786	607	420	511	669	369	425	562	401	358	327	515	674	332	463	437	457	788	576	732	497	386	490	311	482	637	0	667	639	611	368	673	650	684	791	655	523	647	651	489	768	732	625	795	777	419	694	701	466	449	397	660	461	763	672	503	306	672	
567	766	451	758	455	322	526	602	426	459	463	771	554	498	509	519	622	523	763	491	677	382	709	338	681	526	622	329	470	667	0	775	481	699	316	726	303	342	311	624	680	443	311	798	332	676	364	758	388	604	489	559	327	676	695	613	678	486	650	454	597	
618	730	591	419	472	728	520	518	390	720	791	312	717	633	719	475	635	585	587	390	317	746	518	789	738	577	368	707	762	639	775	0	675	625	640	644	340	573	566	558	499	564	550	438	317	705	537	680	683	400	475	704	478	691	472	718	379	401	367	514	735	
590	505	703	745	669	502	353	726	702	770	337	751	474	713	303	519	671	454	769	630	429	706	784	576	730	784	640	374	744	611	481	675	0	489	590	789	577	691	648	385	453	715	428	718	492	345	685	636	684	742	352	374	546	601	339	324	366	504	545	315	493	
772	470	749	340	427	359	730	729	528	321	600	429	424	592	347	491	542	565	339	308	424	596	613	406	607	774	598	365	503	368	699	625	489	0	536	604	420	377	367	608	575	644	567	327	584	428	561	353	641	439	600	555	659	359	625	665	493	595	708	563	437	
565	346	766	543	764	485	629	786	798	725	460	754	613	695	523	638	531	725	536	608	770	595	766	428	784	337	578	317	610	673	316	640	590	536	0	787	728	624	309	778	524	747	463	439	492	794	503	454	594	780	529	378	387	751	311	715	731	793	528	561	401	
378	356	474	522	716	500	609	796	757	328	315	632	764	431	657	650	381	444	421	302	638	725	732	734	798	393	746	401	469	650	726	644	789	604	787	0	740	527	715	310	765	622	638	489	331	315	306	666	633	628	324	475	754	542	642	373	434	374	772	760	774	
476	757	600	759	373	669	459	474	639	719	500	311	498	594	624	523	662	343	371	482	545	428	402	384	744	345	712	524	507	684	303	340	577	420	728	740	0	672	319	760	574	407	345	315	512	684	445	787	483	368	584	793	673	567	650	770	386	580	322	795	512	
515	754	416	405	697	385	757	739	754	760	562	792	518	619	543	359	399	311	797	797	343	439	366	551	616	609	360	761	369	791	342	573	691	377	624	527	672	0	573	619	762	782	460	328	724	636	392	401	338	327	335	472	766	377	550	697	733	632	509	676	782	
482	643	575	317	574	637	574	799	489	660	627	463	635	416	391	458	773	490	795	451	633	660	408	455	402	591	309	305	326	655	311	566	648	367	309	715	319	573	0	466	759	554	786	332	528	316	737	761	535	393	493	382	721	591	564	441	538	699	475	416	349	
465	540	366	590	520	303	673	403	719	452	475	592	446	536	723	743	326	524	790	596	351	716	656	598	791	765	348	444	556	523	624	558	385	608	778	310	760	619	466	0	596	410	384	714	446	532	616	385	345	527	447	463	566	412	685	642	348	796	472	524	636	
677	693	324	335	494	347	461	633	453	359	506	615	619	660	381	421	339	462	616	480	537	403	685	349	726	660	699	600	669	647	680	499	453	575	524	765	574	762	759	596	0	782	694	586	345	354	465	703	486	397	655	486	782	331	744	617	701	657	518	743	324	
787	399	333	314	694	363	334	471	797	781	662	795	521	547	541	764	417	593	425	647	756	516	737	677	497	515	618	523	371	651	443	564	715	644	747	622	407	782	554	410	782	0	748	365	657	338	638	485	478	718	321	629	745	523	483	309	598	490	765	745	723	
314	736	378	392	501	589	387	574	438	700	489	479	608	724	441	783	552	649	652	508	624	616	581	408	442	318	446	558	692	489	311	550	428	567	463	638	345	460	786	384	694	748	0	738	383	782	519	753	463	437	646	358	477	575	779	513	795	434	452	493	492	
637	645	340	414	798	786	634	459	682	480	550	730	660	458	684	313	717	745	509	668	420	460	307	300	639	778	629	305	765	768	798	438	718	327	439	489	315	328	332	714	586	365	738	0	360	583	448	503	617	427	768	722	726	617	350	349	774	386	355	439	501	
613	316	428	340	351	365	790	372	357	517	356	782	355	718	446	429	318	751	331	697	541	782	316	788	731	382	475	366	759	732	332	317	492	584	492	331	512	724	528	446	345	657	383	360	0	523	546	329	600	496	745	640	700	348	626	573	359	647	797	526	455	
528	712	633	490	411	570	661	621	713	597	344	780	371	493	358	764	611	359	703	610	725	508	355	615	302	443	554	397	789	625	676	705	345	428	794	315	684	636	316	532	354	338	782	583	523	0	786	511	590	498	684	450	776	726	780	311	616	457	575	748	438	
746	495	335	387	637	656	490	796	625	340	307	662	445	627	319	371	314	583	426	349	546	437	417	718	744	637	424	653	558	795	364	537	685	561	503	306	445	392	737	616	465	638	519	448	546	786	0	601	666	422	361	384	509	671	785	360	583	350	701	788	472	
669	448	690	563	656	345	411	717	468	483	438	416	564	436	418	661	716	784	410	558	732	366	582	570	330	680	760	769	553	777	758	680	636	353	454	666	787	401	761	385	703	485	753	503	329	511	601	0	525	427	481	517	349	320	619	377	371	771	541	749	422	
368	572	309	605	634	723	778	682	530	364	667	748	519	435	780	613	523	721	412	335	600	421	514	478	559	782	357	487	780	419	388	683	684	641	594	633	483	338	535	345	486	478	463	617	600	590	666	525	0	639	458	450	560	489	633	456	793	474	577	611	589	
356	524	553	721	596	789	695	439	528	797	553	704	770	455	623	752	599	545	584	498	413	760	775	336	575	731	711	307	681	694	604	400	742	439	780	628	368	327	393	527	397	718	437	427	496	498	422	427	639	0	533	474	736	470	596	397	781	380	320	554	328	
674	355	517	373	728	691	473	345	320	578	385	441	563	477	456	751	732	674	467	452	389	588	491	383	519	685	525	752	310	701	489	475	352	600	529	324	584	335	493	447	655	321	646	768	745	684	361	481	458	533	0	723	422	588	388	542	490	503	334	687	648	
767	512	584	523	466	769	664	503	767	517	467	486	769	474	635	485	395	451	578	471	657	404	767	729	436	688	688	715	448	466	559	704	374	555	378	475	793	472	382	463	486	629	358	722	640	450	384	517	450	474	723	0	502	688	384	590	458	452	465	422	666	
608	769	590	330	708	680	651	772	597	739	619	557	360	553	571	604	601	441	438	375	476	312	637	740	515	321	434	715	431	449	327	478	546	659	387	754	673	766	721	566	782	745	477	726	700	776	509	349	560	736	422	502	0	465	573	641	751	667	746	703	662	
322	626	792	519	363	585	756	583	720	446	525	610	565	772	377	377	356	381	798	561	359	670	648	686	672	600	774	525	522	397	676	691	601	359	751	542	567	377	591	412	331	523	575	617	348	726	671	320	489	470	588	688	465	0	728	335	449	330	367	760	367	
534	466	317	496	772	480	449	483	728	487	397	456	676	654	498	748	553	661	478	337	632	566	658	530	711	411	343	506	361	660	695	472	339	625	311	642	650	550	564	685	744	483	779	350	626	780	785	619	633	596	388	384	573	728	0	614	338	602	345	535	319	
580	581	577	612	768	687	642	691	708	670	466	621	773	358	543	400	433	313	311	396	479	756	359	745	678	347	435	738	773	461	613	718	324	665	715	373	770	697	441	642	617	309	513	349	573	311	360	377	456	397	542	590	641	335	614	0	730	652	792	470	460	
423	762	755	710	533	567	783	358	467	363	421	437	646	325	589	313	614	417	633	631	335	706	790	672	448	794	744	648	351	763	678	379	366	493	731	434	386	733	538	348	701	598	795	774	359	616	583	371	793	781	490	458	751	449	338	730	0	474	325	358	358	
500	614	622	550	722	482	385	792	509	550	749	428	353	712	377	719	717	732	596	675	740	656	615	763	757	424	517	492	635	672	486	401	504	595	793	374	580	632	699	796	657	490	434	386	647	457	350	771	474	380	503	452	667	330	602	652	474	0	759	699	735	
763	649	428	724	564	606	757	461	683	796	440	509	389	778	365	453	497	345	602	593	546	302	615	352	465	526	494	473	394	503	650	367	545	708	528	772	322	509	475	472	518	765	452	355	797	575	701	541	577	320	334	465	746	367	345	792	325	759	0	589	627	
311	436	474	637	674	362	391	346	798	373	617	544	425	578	371	399	631	360	576	649	736	752	399	318	586	441	530	634	570	306	454	514	315	563	561	760	795	676	416	524	743	745	493	439	526	748	788	749	611	554	687	422	703	760	535	470	358	699	589	0	790	
347	700	705	549	431	776	353	777	478	555	489	356	750	582	552	707	495	371	777	774	792	474	325	306	660	428	768	484	498	672	597	735	493	437	401	774	512	782	349	636	324	723	492	501	455	438	472	422	589	328	648	666	662	367	319	460	358	735	627	790	0	
etats
Id_Station	Poids W	Min (P)	WSPT	Priorité	
1	6	301	33,44	1	
2	4	302	33,56	2	
3	5	302	33,56	3	
4	4	303	33,67	4	
5	3	308	34,22	5	
6	1	313	34,78	6	
7	8	341	37,89	7	
8	6	312	39,00	8	
9	7	317	39,63	9	
10	1	301	43,00	10	
11	8	303	43,29	11	
12	4	303	43,29	12	
13	3	308	44,00	13	
14	8	312	44,57	14	
15	2	369	46,13	15	
16	5	301	50,17	16	
17	2	301	50,17	17	
18	4	301	50,17	18	
19	9	302	50,33	19	
20	1	303	50,50	20	
21	9	306	51,00	21	
22	1	311	51,83	22	
23	3	327	54,50	23	
24	7	310	62,00	24	
25	5	322	64,40	25	
26	2	323	64,60	26	
27	4	301	75,25	27	
28	3	303	75,75	28	
29	3	303	75,75	29	
30	9	304	76,00	30	
31	5	305	76,25	31	
32	9	306	76,50	32	
33	4	306	76,50	33	
34	1	311	77,75	34	
35	9	313	78,25	35	
36	4	301	100,33	36	
37	5	303	101,00	37	
38	9	305	101,67	38	
39	3	305	101,67	39	
40	7	323	107,67	40	
41	9	325	108,33	41	
42	9	336	112,00	42	
43	4	301	150,50	43	
44	8	301	150,50	44	
45	7	302	151,00	45	
46	1	306	153,00	46	
47	6	310	155,00	47	
48	2	310	155,00	48	
49	1	311	155,50	49	
50	9	317	158,50	50	
51	3	355	177,50	51	
52	9	301	301,00	52	
53	9	303	303,00	53	
54	8	303	303,00	54	
55	1	305	305,00	55	
56	7	305	305,00	56	
57	8	306	306,00	57	
58	4	308	308,00	58	
59	9	311	311,00	59	
60	1	314	314,00	60	

