distances
0	452	777	776	424	556	438	673	677	319	609	584	610	487	413	592	603	622	673	610	491	405	775	718	406	711	341	510	603	468	314	535	333	336	561	409	483	608	364	354	796	683	347	357	373	464	735	644	323	317	564	629	325	332	417	338	538	628	720	314	642	
452	0	498	625	326	749	310	450	785	327	730	743	714	591	613	415	675	769	632	714	590	758	550	572	429	340	738	413	719	448	527	758	377	497	791	754	644	783	610	655	676	585	311	695	467	366	385	301	588	688	431	552	450	626	656	688	639	302	678	694	325	
777	498	0	793	434	348	544	491	770	424	443	719	440	387	693	514	794	797	551	453	766	426	522	695	632	600	455	309	715	743	475	396	678	484	789	353	634	443	386	662	616	679	486	618	646	388	362	538	405	597	563	454	754	623	757	648	600	350	595	403	681	
776	625	793	0	441	406	551	434	564	349	662	540	348	469	434	403	507	304	712	444	607	406	505	643	429	446	741	388	346	678	646	547	426	687	755	704	441	436	689	355	744	526	716	462	340	462	675	596	451	506	462	615	470	541	636	355	789	311	761	439	766	
424	326	434	441	0	757	518	749	406	453	503	502	561	650	506	457	698	563	701	600	621	468	574	547	667	671	765	460	304	502	547	723	696	528	686	358	537	309	727	799	476	675	625	326	471	482	443	572	434	775	325	478	363	584	310	768	413	590	362	753	374	
556	749	348	406	757	0	733	514	423	641	323	552	439	713	327	555	625	374	423	566	585	405	756	730	310	504	619	703	467	345	632	686	781	380	599	475	605	649	733	367	496	427	499	714	631	582	550	414	760	433	617	366	665	442	502	499	465	437	616	633	675	
438	310	544	551	518	733	0	489	510	600	408	633	361	514	335	731	740	603	585	559	616	465	657	618	786	497	504	564	684	701	654	626	317	668	782	774	463	572	536	659	692	642	774	361	489	454	387	336	435	511	755	665	330	320	748	508	479	400	591	383	739	
673	450	491	434	749	514	489	0	787	602	387	557	622	450	440	592	587	340	636	629	674	442	477	608	476	503	462	773	600	672	761	448	321	370	471	349	464	530	721	391	460	733	708	548	445	412	410	767	578	614	743	470	658	794	709	524	305	455	679	580	320	
677	785	770	564	406	423	510	787	0	620	746	360	394	627	567	344	389	691	370	674	730	445	373	574	676	384	371	781	766	425	587	629	749	433	563	351	560	765	506	482	355	734	383	485	669	361	751	574	372	599	663	653	504	762	789	344	354	609	504	579	375	
319	327	424	349	453	641	600	602	620	0	665	483	564	317	620	312	308	330	355	417	385	612	350	448	463	727	349	514	757	697	683	758	594	379	438	479	687	317	660	481	452	441	387	600	477	542	524	769	688	690	723	349	342	543	790	732	394	503	522	530	719	
609	730	443	662	503	323	408	387	746	665	0	360	717	511	460	416	512	461	581	483	773	760	608	654	383	395	327	634	722	496	512	325	782	377	345	735	380	404	413	710	342	440	785	789	386	354	426	630	358	399	601	645	389	314	592	611	746	535	577	400	778	
584	743	719	540	502	552	633	557	360	483	360	0	367	522	712	308	500	689	429	697	610	572	542	710	447	499	443	433	470	554	740	432	615	585	329	609	638	585	444	742	638	389	721	588	798	376	612	585	619	524	633	474	373	523	503	783	760	576	469	436	785	
610	714	440	348	561	439	361	622	394	564	717	367	0	364	325	391	569	619	596	742	350	683	354	623	770	473	335	688	618	330	327	430	463	427	564	728	609	607	757	557	466	753	700	684	691	321	719	496	591	391	512	455	427	407	476	531	720	340	464	586	499	
487	591	387	469	650	713	514	450	627	317	511	522	364	0	591	696	393	573	777	333	373	569	749	555	733	553	594	637	787	747	346	489	475	474	639	538	450	525	544	605	726	596	707	521	771	318	634	799	486	457	332	502	328	408	757	670	318	322	328	559	314	
413	613	693	434	506	327	335	440	567	620	460	712	325	591	0	490	548	759	525	629	497	504	637	675	311	604	410	493	632	606	617	471	711	600	510	453	434	426	615	447	383	730	366	404	605	453	307	321	659	392	646	379	593	785	691	660	660	791	304	646	394	
592	415	514	403	457	555	731	592	344	312	416	308	391	696	490	0	351	657	602	543	350	629	799	735	772	631	570	750	442	565	385	668	303	527	517	545	502	592	543	559	485	361	760	521	426	507	601	733	395	562	651	368	709	467	449	614	669	301	764	468	555	
603	675	794	507	698	625	740	587	389	308	512	500	569	393	548	351	0	604	613	705	780	492	616	456	452	659	567	609	564	725	571	592	796	652	567	357	582	568	486	494	796	554	329	415	440	798	775	476	562	653	354	667	360	767	657	534	717	369	676	432	381	
622	769	797	304	563	374	603	340	691	330	461	689	619	573	759	657	604	0	335	744	638	765	445	577	386	334	372	377	718	453	705	520	507	652	505	766	780	416	393	545	517	391	397	350	541	429	529	675	781	355	490	316	384	358	773	493	741	601	389	616	590	
673	632	551	712	701	423	585	636	370	355	581	429	596	777	525	602	613	335	0	426	455	716	755	342	328	633	474	478	450	602	697	789	564	786	704	348	735	651	530	634	736	311	663	401	464	625	436	358	366	386	692	632	636	486	582	658	580	592	678	596	485	
610	714	453	444	600	566	559	629	674	417	483	697	742	333	629	543	705	744	426	0	472	596	394	580	561	656	311	788	321	758	619	300	601	542	726	666	727	748	680	763	455	305	628	503	461	698	451	712	317	347	784	404	557	799	701	378	510	404	654	390	577	
491	590	766	607	621	585	616	674	730	385	773	610	350	373	497	350	780	638	455	472	0	761	571	570	754	713	743	623	466	499	441	677	614	685	711	414	715	313	459	365	784	360	485	772	608	611	744	372	661	700	719	411	374	597	683	603	405	426	720	573	545	
405	758	426	406	468	405	465	442	445	612	760	572	683	569	504	629	492	765	716	596	761	0	613	588	614	513	428	563	402	638	376	573	589	773	371	464	680	542	610	730	423	399	703	775	331	623	347	364	559	313	356	652	700	770	438	515	378	708	458	598	419	
775	550	522	505	574	756	657	477	373	350	608	542	354	749	637	799	616	445	755	394	571	613	0	414	585	728	378	696	419	532	334	759	574	428	679	384	483	583	393	773	501	382	308	646	471	579	699	508	374	309	632	571	624	527	393	448	512	546	407	615	351	
718	572	695	643	547	730	618	608	574	448	654	710	623	555	675	735	456	577	342	580	570	588	414	0	472	505	565	376	711	562	519	730	768	378	702	364	466	703	499	720	398	493	733	596	701	740	577	720	312	753	738	472	775	779	441	505	666	480	354	568	452	
406	429	632	429	667	310	786	476	676	463	383	447	770	733	311	772	452	386	328	561	754	614	585	472	0	417	337	769	679	506	342	352	497	776	527	664	657	506	570	689	591	577	681	757	355	750	576	654	462	728	381	799	376	365	547	705	575	476	583	535	381	
711	340	600	446	671	504	497	503	384	727	395	499	473	553	604	631	659	334	633	656	713	513	728	505	417	0	526	385	398	448	748	378	589	726	784	352	537	506	460	715	690	523	786	421	787	780	448	699	549	402	729	317	665	463	347	750	559	680	521	685	728	
341	738	455	741	765	619	504	462	371	349	327	443	335	594	410	570	567	372	474	311	743	428	378	565	337	526	0	562	465	559	630	592	545	419	551	570	534	372	611	646	413	440	735	369	458	768	301	392	538	719	666	315	351	641	581	459	318	564	433	744	527	
510	413	309	388	460	703	564	773	781	514	634	433	688	637	493	750	609	377	478	788	623	563	696	376	769	385	562	0	363	438	722	741	481	605	377	426	329	753	469	495	539	557	790	517	433	484	689	615	516	799	415	768	617	520	747	313	579	477	514	607	710	
603	719	715	346	304	467	684	600	766	757	722	470	618	787	632	442	564	718	450	321	466	402	419	711	679	398	465	363	0	581	574	756	424	392	402	600	465	540	405	629	641	662	423	740	343	695	493	737	324	472	781	380	760	627	379	518	380	697	541	555	624	
468	448	743	678	502	345	701	672	425	697	496	554	330	747	606	565	725	453	602	758	499	638	532	562	506	448	559	438	581	0	555	354	619	794	437	323	383	777	321	375	441	373	695	645	574	358	612	355	576	397	450	628	337	442	302	670	617	591	774	398	445	
314	527	475	646	547	632	654	761	587	683	512	740	327	346	617	385	571	705	697	619	441	376	334	519	342	748	630	722	574	555	0	494	398	355	374	665	783	444	485	682	495	472	500	784	514	523	420	601	717	439	336	306	693	543	612	611	789	631	390	554	733	
535	758	396	547	723	686	626	448	629	758	325	432	430	489	471	668	592	520	789	300	677	573	759	730	352	378	592	741	756	354	494	0	566	532	571	550	667	617	768	582	461	535	345	539	663	792	774	772	446	617	614	774	633	479	390	416	463	412	481	674	717	
333	377	678	426	696	781	317	321	749	594	782	615	463	475	711	303	796	507	564	601	614	589	574	768	497	589	545	481	424	619	398	566	0	698	327	431	611	390	744	762	723	638	323	472	532	423	540	439	570	450	443	760	770	345	676	649	506	602	650	416	395	
336	497	484	687	528	380	668	370	433	379	377	585	427	474	600	527	652	652	786	542	685	773	428	378	776	726	419	605	392	794	355	532	698	0	564	581	421	385	352	490	554	413	735	736	747	602	339	524	518	354	350	339	347	666	309	499	519	717	376	577	622	
561	791	789	755	686	599	782	471	563	438	345	329	564	639	510	517	567	505	704	726	711	371	679	702	527	784	551	377	402	437	374	571	327	564	0	324	391	717	350	461	513	467	584	456	544	699	560	459	686	645	781	409	695	544	718	335	602	616	338	400	435	
409	754	353	704	358	475	774	349	351	479	735	609	728	538	453	545	357	766	348	666	414	464	384	364	664	352	570	426	600	323	665	550	431	581	324	0	759	532	316	390	583	505	794	716	478	605	415	688	301	312	380	357	502	609	454	733	577	705	676	568	355	
483	644	634	441	537	605	463	464	560	687	380	638	609	450	434	502	582	780	735	727	715	680	483	466	657	537	534	329	465	383	783	667	611	421	391	759	0	518	366	548	586	676	615	516	668	507	621	667	734	354	546	423	557	374	355	455	394	741	469	418	757	
608	783	443	436	309	649	572	530	765	317	404	585	607	525	426	592	568	416	651	748	313	542	583	703	506	506	372	753	540	777	444	617	390	385	717	532	518	0	773	504	446	360	424	393	334	589	320	560	624	404	547	751	397	435	576	405	613	467	698	761	771	
364	610	386	689	727	733	536	721	506	660	413	444	757	544	615	543	486	393	530	680	459	610	393	499	570	460	611	469	405	321	485	768	744	352	350	316	366	773	0	645	452	698	481	541	552	741	594	425	325	479	445	718	577	535	509	432	652	604	472	667	394	
354	655	662	355	799	367	659	391	482	481	710	742	557	605	447	559	494	545	634	763	365	730	773	720	689	715	646	495	629	375	682	582	762	490	461	390	548	504	645	0	569	721	551	592	669	652	681	666	472	707	304	715	782	672	403	719	570	604	425	508	711	
796	676	616	744	476	496	692	460	355	452	342	638	466	726	383	485	796	517	736	455	784	423	501	398	591	690	413	539	641	441	495	461	723	554	513	583	586	446	452	569	0	727	368	574	608	400	529	421	340	492	727	476	412	796	671	641	781	755	378	536	527	
683	585	679	526	675	427	642	733	734	441	440	389	753	596	730	361	554	391	311	305	360	399	382	493	577	523	440	557	662	373	472	535	638	413	467	505	676	360	698	721	727	0	301	308	715	402	456	778	424	578	568	775	779	595	673	789	737	403	488	644	629	
347	311	486	716	625	499	774	708	383	387	785	721	700	707	366	760	329	397	663	628	485	703	308	733	681	786	735	790	423	695	500	345	323	735	584	794	615	424	481	551	368	301	0	672	678	317	606	461	549	346	664	769	351	348	467	512	721	620	689	506	443	
357	695	618	462	326	714	361	548	485	600	789	588	684	521	404	521	415	350	401	503	772	775	646	596	757	421	369	517	740	645	784	539	472	736	456	716	516	393	541	592	574	308	672	0	739	745	627	358	439	703	719	699	692	409	509	535	725	681	430	382	553	
373	467	646	340	471	631	489	445	669	477	386	798	691	771	605	426	440	541	464	461	608	331	471	701	355	787	458	433	343	574	514	663	532	747	544	478	668	334	552	669	608	715	678	739	0	563	398	433	303	411	660	692	364	349	752	493	595	590	653	610	305	
464	366	388	462	482	582	454	412	361	542	354	376	321	318	453	507	798	429	625	698	611	623	579	740	750	780	768	484	695	358	523	792	423	602	699	605	507	589	741	652	400	402	317	745	563	0	433	462	412	573	493	346	597	652	795	442	327	686	363	722	460	
735	385	362	675	443	550	387	410	751	524	426	612	719	634	307	601	775	529	436	451	744	347	699	577	576	448	301	689	493	612	420	774	540	339	560	415	621	320	594	681	529	456	606	627	398	433	0	500	755	529	424	710	380	425	601	325	756	780	488	742	304	
644	301	538	596	572	414	336	767	574	769	630	585	496	799	321	733	476	675	358	712	372	364	508	720	654	699	392	615	737	355	601	772	439	524	459	688	667	560	425	666	421	778	461	358	433	462	500	0	646	561	527	614	433	386	760	589	355	478	354	789	560	
323	588	405	451	434	760	435	578	372	688	358	619	591	486	659	395	562	781	366	317	661	559	374	312	462	549	538	516	324	576	717	446	570	518	686	301	734	624	325	472	340	424	549	439	303	412	755	646	0	311	602	719	699	691	531	398	358	552	672	787	329	
317	688	597	506	775	433	511	614	599	690	399	524	391	457	392	562	653	355	386	347	700	313	309	753	728	402	719	799	472	397	439	617	450	354	645	312	354	404	479	707	492	578	346	703	411	573	529	561	311	0	692	506	730	731	457	386	716	764	301	477	771	
564	431	563	462	325	617	755	743	663	723	601	633	512	332	646	651	354	490	692	784	719	356	632	738	381	729	666	415	781	450	336	614	443	350	781	380	546	547	445	304	727	568	664	719	660	493	424	527	602	692	0	315	616	466	435	746	701	615	320	508	689	
629	552	454	615	478	366	665	470	653	349	645	474	455	502	379	368	667	316	632	404	411	652	571	472	799	317	315	768	380	628	306	774	760	339	409	357	423	751	718	715	476	775	769	699	692	346	710	614	719	506	315	0	520	597	382	604	759	732	518	775	573	
325	450	754	470	363	665	330	658	504	342	389	373	427	328	593	709	360	384	636	557	374	700	624	775	376	665	351	617	760	337	693	633	770	347	695	502	557	397	577	782	412	779	351	692	364	597	380	433	699	730	616	520	0	762	341	421	556	343	745	309	633	
332	626	623	541	584	442	320	794	762	543	314	523	407	408	785	467	767	358	486	799	597	770	527	779	365	463	641	520	627	442	543	479	345	666	544	609	374	435	535	672	796	595	348	409	349	652	425	386	691	731	466	597	762	0	799	562	314	516	701	655	677	
417	656	757	636	310	502	748	709	789	790	592	503	476	757	691	449	657	773	582	701	683	438	393	441	547	347	581	747	379	302	612	390	676	309	718	454	355	576	509	403	671	673	467	509	752	795	601	760	531	457	435	382	341	799	0	428	340	391	795	798	796	
338	688	648	355	768	499	508	524	344	732	611	783	531	670	660	614	534	493	658	378	603	515	448	505	705	750	459	313	518	670	611	416	649	499	335	733	455	405	432	719	641	789	512	535	493	442	325	589	398	386	746	604	421	562	428	0	435	307	605	783	498	
538	639	600	789	413	465	479	305	354	394	746	760	720	318	660	669	717	741	580	510	405	378	512	666	575	559	318	579	380	617	789	463	506	519	602	577	394	613	652	570	781	737	721	725	595	327	756	355	358	716	701	759	556	314	340	435	0	484	673	662	336	
628	302	350	311	590	437	400	455	609	503	535	576	340	322	791	301	369	601	592	404	426	708	546	480	476	680	564	477	697	591	631	412	602	717	616	705	741	467	604	604	755	403	620	681	590	686	780	478	552	764	615	732	343	516	391	307	484	0	721	573	750	
720	678	595	761	362	616	591	679	504	522	577	469	464	328	304	764	676	389	678	654	720	458	407	354	583	521	433	514	541	774	390	481	650	376	338	676	469	698	472	425	378	488	689	430	653	363	488	354	672	301	320	518	745	701	795	605	673	721	0	542	442	
314	694	403	439	753	633	383	580	579	530	400	436	586	559	646	468	432	616	596	390	573	598	615	568	535	685	744	607	555	398	554	674	416	577	400	568	418	761	667	508	536	644	506	382	610	722	742	789	787	477	508	775	309	655	798	783	662	573	542	0	790	
642	325	681	766	374	675	739	320	375	719	778	785	499	314	394	555	381	590	485	577	545	419	351	452	381	728	527	710	624	445	733	717	395	622	435	355	757	771	394	711	527	629	443	553	305	460	304	560	329	771	689	573	633	677	796	498	336	750	442	790	0	
etats
Id_Station	Poids W	Min (P)	WSPT	Priorité	
1	1	300	33,33	1	
2	6	308	34,22	2	
3	8	311	34,56	3	
4	9	312	34,67	4	
5	7	313	34,78	5	
6	5	321	35,67	6	
7	7	324	36,00	7	
8	7	300	37,50	8	
9	2	307	38,38	9	
10	7	310	38,75	10	
11	1	312	39,00	11	
12	2	314	39,25	12	
13	8	301	43,00	13	
14	6	301	43,00	14	
15	2	307	43,86	15	
16	6	313	44,71	16	
17	1	317	45,29	17	
18	8	318	45,43	18	
19	5	302	50,33	19	
20	3	303	50,50	20	
21	1	307	51,17	21	
22	6	300	60,00	22	
23	9	302	60,40	23	
24	4	302	60,40	24	
25	3	303	60,60	25	
26	6	305	61,00	26	
27	9	306	61,20	27	
28	1	308	61,60	28	
29	2	310	62,00	29	
30	6	313	62,60	30	
31	4	321	64,20	31	
32	8	300	75,00	32	
33	1	302	75,50	33	
34	6	303	75,75	34	
35	4	308	77,00	35	
36	2	309	77,25	36	
37	3	301	100,33	37	
38	9	306	102,00	38	
39	5	312	104,00	39	
40	1	301	150,50	40	
41	1	303	151,50	41	
42	5	304	152,00	42	
43	9	309	154,50	43	
44	2	315	157,50	44	
45	6	316	158,00	45	
46	9	332	166,00	46	
47	1	335	167,50	47	
48	6	300	300,00	48	
49	1	300	300,00	49	
50	5	301	301,00	50	
51	3	301	301,00	51	
52	8	303	303,00	52	
53	1	303	303,00	53	
54	4	306	306,00	54	
55	2	306	306,00	55	
56	5	307	307,00	56	
57	3	310	310,00	57	
58	5	310	310,00	58	
59	4	312	312,00	59	
60	3	313	313,00	60	

