distances
0	408	444	532	453	671	771	768	445	462	340	740	408	779	322	750	765	520	413	308	378	706	537	486	695	548	774	614	740	392	620	420	413	701	788	590	601	680	592	570	406	
408	0	418	779	724	348	305	787	707	786	675	588	521	790	319	422	664	462	678	436	784	778	711	657	308	793	742	344	562	463	529	711	779	377	543	591	776	724	615	543	317	
444	418	0	531	549	326	433	415	620	346	618	630	462	595	587	679	720	335	559	671	704	660	719	591	620	702	553	768	660	340	702	683	483	680	673	720	376	519	376	582	770	
532	779	531	0	678	328	499	792	733	318	339	675	771	420	555	527	781	408	458	483	370	491	626	668	532	427	410	366	638	740	496	323	727	537	368	546	425	306	533	675	496	
453	724	549	678	0	348	323	783	620	539	712	386	486	764	442	315	341	320	395	583	564	622	772	438	703	788	608	599	345	508	624	657	437	479	306	604	529	709	748	644	753	
671	348	326	328	348	0	419	660	444	482	645	462	510	775	327	345	530	757	632	308	689	570	430	750	456	647	788	386	438	573	454	785	591	788	638	497	628	329	539	578	491	
771	305	433	499	323	419	0	558	542	657	790	455	378	514	317	595	676	621	551	374	519	737	632	660	550	730	607	414	760	339	762	374	386	361	368	328	760	345	566	575	642	
768	787	415	792	783	660	558	0	688	637	772	474	564	396	524	486	582	550	377	674	303	372	501	442	658	411	410	468	781	332	654	779	748	428	728	683	722	513	766	610	314	
445	707	620	733	620	444	542	688	0	600	422	775	703	347	499	441	542	460	696	776	670	607	462	416	532	414	625	590	640	720	589	520	473	445	686	377	612	361	316	311	657	
462	786	346	318	539	482	657	637	600	0	545	698	511	493	532	415	369	578	331	581	479	366	667	462	354	528	568	442	715	794	551	373	728	752	564	303	446	734	365	353	487	
340	675	618	339	712	645	790	772	422	545	0	409	605	517	312	765	573	599	341	771	499	321	398	491	437	388	760	348	549	479	442	458	389	718	625	452	376	542	646	717	628	
740	588	630	675	386	462	455	474	775	698	409	0	648	487	328	614	789	672	420	307	447	693	500	762	411	670	407	406	715	796	729	691	602	697	667	564	527	439	385	628	434	
408	521	462	771	486	510	378	564	703	511	605	648	0	559	318	321	772	488	541	579	434	721	626	502	360	698	471	575	443	478	434	693	525	344	315	502	371	552	581	617	567	
779	790	595	420	764	775	514	396	347	493	517	487	559	0	645	539	511	376	663	595	502	522	359	718	613	555	539	774	368	716	500	783	389	537	708	306	547	759	711	786	417	
322	319	587	555	442	327	317	524	499	532	312	328	318	645	0	488	510	506	674	774	724	608	601	629	538	371	310	649	798	489	437	456	691	508	658	419	731	367	426	533	324	
750	422	679	527	315	345	595	486	441	415	765	614	321	539	488	0	491	616	620	620	546	687	799	741	670	387	691	466	599	773	312	314	620	663	628	753	330	458	383	329	794	
765	664	720	781	341	530	676	582	542	369	573	789	772	511	510	491	0	685	662	659	690	408	667	501	360	372	752	585	495	653	582	308	598	478	769	642	370	402	715	422	348	
520	462	335	408	320	757	621	550	460	578	599	672	488	376	506	616	685	0	750	304	630	320	504	537	630	602	321	612	793	693	333	578	452	434	472	473	441	486	307	398	652	
413	678	559	458	395	632	551	377	696	331	341	420	541	663	674	620	662	750	0	495	604	503	462	672	726	565	347	674	594	674	718	479	734	513	640	519	346	610	681	743	742	
308	436	671	483	583	308	374	674	776	581	771	307	579	595	774	620	659	304	495	0	640	313	450	744	776	737	708	344	375	761	422	300	337	643	510	357	388	609	698	348	739	
378	784	704	370	564	689	519	303	670	479	499	447	434	502	724	546	690	630	604	640	0	620	536	684	571	376	686	378	478	696	419	674	423	769	490	790	350	693	467	612	471	
706	778	660	491	622	570	737	372	607	366	321	693	721	522	608	687	408	320	503	313	620	0	524	316	413	387	584	585	712	438	737	361	656	697	443	340	571	704	502	491	447	
537	711	719	626	772	430	632	501	462	667	398	500	626	359	601	799	667	504	462	450	536	524	0	689	528	384	396	781	356	637	715	504	430	712	339	352	631	745	483	763	617	
486	657	591	668	438	750	660	442	416	462	491	762	502	718	629	741	501	537	672	744	684	316	689	0	315	447	436	559	596	723	670	597	699	762	457	632	659	444	674	497	386	
695	308	620	532	703	456	550	658	532	354	437	411	360	613	538	670	360	630	726	776	571	413	528	315	0	798	759	442	651	618	494	710	357	361	527	342	656	533	755	561	563	
548	793	702	427	788	647	730	411	414	528	388	670	698	555	371	387	372	602	565	737	376	387	384	447	798	0	474	660	772	649	381	371	380	650	374	432	478	581	723	692	326	
774	742	553	410	608	788	607	410	625	568	760	407	471	539	310	691	752	321	347	708	686	584	396	436	759	474	0	534	582	437	546	485	777	737	513	691	327	464	303	789	377	
614	344	768	366	599	386	414	468	590	442	348	406	575	774	649	466	585	612	674	344	378	585	781	559	442	660	534	0	706	714	483	571	601	598	418	349	769	439	553	378	799	
740	562	660	638	345	438	760	781	640	715	549	715	443	368	798	599	495	793	594	375	478	712	356	596	651	772	582	706	0	679	758	424	556	772	533	436	740	432	660	384	555	
392	463	340	740	508	573	339	332	720	794	479	796	478	716	489	773	653	693	674	761	696	438	637	723	618	649	437	714	679	0	620	655	319	560	577	410	456	461	747	777	368	
620	529	702	496	624	454	762	654	589	551	442	729	434	500	437	312	582	333	718	422	419	737	715	670	494	381	546	483	758	620	0	561	469	440	579	516	358	739	345	386	407	
420	711	683	323	657	785	374	779	520	373	458	691	693	783	456	314	308	578	479	300	674	361	504	597	710	371	485	571	424	655	561	0	659	728	790	578	627	733	720	604	465	
413	779	483	727	437	591	386	748	473	728	389	602	525	389	691	620	598	452	734	337	423	656	430	699	357	380	777	601	556	319	469	659	0	423	794	475	603	604	525	431	477	
701	377	680	537	479	788	361	428	445	752	718	697	344	537	508	663	478	434	513	643	769	697	712	762	361	650	737	598	772	560	440	728	423	0	484	783	620	727	632	483	665	
788	543	673	368	306	638	368	728	686	564	625	667	315	708	658	628	769	472	640	510	490	443	339	457	527	374	513	418	533	577	579	790	794	484	0	662	332	786	360	425	764	
590	591	720	546	604	497	328	683	377	303	452	564	502	306	419	753	642	473	519	357	790	340	352	632	342	432	691	349	436	410	516	578	475	783	662	0	775	637	776	525	737	
601	776	376	425	529	628	760	722	612	446	376	527	371	547	731	330	370	441	346	388	350	571	631	659	656	478	327	769	740	456	358	627	603	620	332	775	0	550	313	425	702	
680	724	519	306	709	329	345	513	361	734	542	439	552	759	367	458	402	486	610	609	693	704	745	444	533	581	464	439	432	461	739	733	604	727	786	637	550	0	597	482	689	
592	615	376	533	748	539	566	766	316	365	646	385	581	711	426	383	715	307	681	698	467	502	483	674	755	723	303	553	660	747	345	720	525	632	360	776	313	597	0	480	624	
570	543	582	675	644	578	575	610	311	353	717	628	617	786	533	329	422	398	743	348	612	491	763	497	561	692	789	378	384	777	386	604	431	483	425	525	425	482	480	0	308	
406	317	770	496	753	491	642	314	657	487	628	434	567	417	324	794	348	652	742	739	471	447	617	386	563	326	377	799	555	368	407	465	477	665	764	737	702	689	624	308	0	
etats
Id_Station	Poids W	Min (P)	WSPT	Priorité	
1	4				
2	3				
3	2				
4	6				
5	5				
6	1				
7	9				
8	1				
9	5				
10	2				
11	2				
12	3				
13	9				
14	1				
15	5				
16	6				
17	4				
18	3				
19	4				
20	8				
21	2				
22	1				
23	2				
24	1				
25	4				
26	1				
27	4				
28	6				
29	6				
30	6				
31	9				
32	1				
33	6				
34	8				
35	5				
36	9				
37	4				
38	8				
39	3				
40	6				

