distances
0	684	617	598	699	552	715	478	645	431	588	445	793	301	346	410	784	685	507	664	510	421	651	648	654	698	642	520	776	410	602	350	380	448	579	406	660	374	547	631	788	
684	0	345	527	380	598	672	656	577	482	650	728	356	580	689	666	664	353	738	634	586	412	562	794	748	771	754	523	604	777	711	637	569	551	533	565	645	466	560	741	431	
617	345	0	648	461	682	746	390	332	744	700	769	638	636	649	494	537	309	445	559	684	469	760	787	643	536	700	716	761	341	583	334	788	756	759	665	709	720	711	526	543	
598	527	648	0	711	490	774	379	546	794	484	376	757	372	659	371	670	503	312	605	704	656	755	711	300	518	508	562	301	496	550	676	502	719	789	727	689	687	304	558	568	
699	380	461	711	0	734	580	374	672	409	743	791	384	578	473	735	414	421	599	433	318	356	582	577	391	600	719	323	493	791	665	380	546	586	467	617	527	628	315	628	738	
552	598	682	490	734	0	512	355	461	300	548	361	519	396	375	622	618	533	636	766	523	752	301	548	672	430	521	708	768	716	379	476	696	612	462	463	414	629	542	652	692	
715	672	746	774	580	512	0	544	482	611	463	665	677	390	607	541	567	563	602	498	606	444	305	770	533	404	611	675	718	304	700	574	434	650	799	368	783	631	428	516	477	
478	656	390	379	374	355	544	0	394	376	500	620	578	373	777	512	691	425	514	513	533	335	791	520	582	320	437	522	350	382	491	466	701	572	542	505	616	787	481	321	524	
645	577	332	546	672	461	482	394	0	460	519	368	655	514	571	547	799	454	796	341	358	748	615	570	620	301	473	658	446	702	661	736	730	549	558	513	647	455	575	403	740	
431	482	744	794	409	300	611	376	460	0	520	301	331	511	338	482	648	597	496	560	383	514	561	471	419	332	360	459	674	772	676	597	556	308	731	510	371	764	416	534	588	
588	650	700	484	743	548	463	500	519	520	0	612	778	751	497	349	518	672	334	460	792	468	397	433	338	478	637	409	578	430	541	433	401	439	515	690	569	408	304	302	759	
445	728	769	376	791	361	665	620	368	301	612	0	593	698	387	344	379	642	698	561	775	588	339	329	329	732	573	663	715	399	474	306	558	744	507	563	526	302	337	406	661	
793	356	638	757	384	519	677	578	655	331	778	593	0	753	402	771	342	339	619	643	669	591	760	624	563	320	365	680	476	560	697	356	786	344	696	730	481	576	359	478	758	
301	580	636	372	578	396	390	373	514	511	751	698	753	0	649	618	611	764	725	325	524	586	702	527	714	635	696	556	560	771	382	443	416	426	518	648	677	454	550	386	432	
346	689	649	659	473	375	607	777	571	338	497	387	402	649	0	525	685	712	481	623	788	440	567	509	550	444	696	355	639	590	687	576	544	559	457	562	567	517	418	475	655	
410	666	494	371	735	622	541	512	547	482	349	344	771	618	525	0	538	656	628	308	768	575	520	694	535	758	384	553	779	740	331	545	344	591	659	654	685	543	548	774	558	
784	664	537	670	414	618	567	691	799	648	518	379	342	611	685	538	0	567	511	308	525	422	563	553	695	464	772	360	380	600	506	645	558	720	422	768	677	747	472	625	607	
685	353	309	503	421	533	563	425	454	597	672	642	339	764	712	656	567	0	592	676	410	552	599	470	791	535	689	614	448	548	747	793	474	704	576	634	342	588	563	728	633	
507	738	445	312	599	636	602	514	796	496	334	698	619	725	481	628	511	592	0	568	642	400	699	767	472	677	415	374	664	429	302	594	711	403	364	627	770	714	638	707	345	
664	634	559	605	433	766	498	513	341	560	460	561	643	325	623	308	308	676	568	0	799	450	458	641	401	602	696	784	451	410	533	317	569	784	774	373	362	633	330	420	547	
510	586	684	704	318	523	606	533	358	383	792	775	669	524	788	768	525	410	642	799	0	713	389	392	348	477	595	456	652	481	725	301	465	441	415	425	565	544	658	556	599	
421	412	469	656	356	752	444	335	748	514	468	588	591	586	440	575	422	552	400	450	713	0	507	786	432	479	383	567	333	735	361	472	411	579	342	625	438	642	395	625	507	
651	562	760	755	582	301	305	791	615	561	397	339	760	702	567	520	563	599	699	458	389	507	0	471	772	586	723	729	403	304	345	363	502	466	345	683	620	356	670	349	643	
648	794	787	711	577	548	770	520	570	471	433	329	624	527	509	694	553	470	767	641	392	786	471	0	647	417	685	713	657	633	535	674	731	610	545	616	781	656	602	609	489	
654	748	643	300	391	672	533	582	620	419	338	329	563	714	550	535	695	791	472	401	348	432	772	647	0	518	406	633	356	515	510	720	482	359	608	434	389	400	534	654	515	
698	771	536	518	600	430	404	320	301	332	478	732	320	635	444	758	464	535	677	602	477	479	586	417	518	0	680	330	410	450	708	726	755	344	621	769	432	410	518	409	591	
642	754	700	508	719	521	611	437	473	360	637	573	365	696	696	384	772	689	415	696	595	383	723	685	406	680	0	771	324	534	691	384	607	399	772	415	475	535	605	526	755	
520	523	716	562	323	708	675	522	658	459	409	663	680	556	355	553	360	614	374	784	456	567	729	713	633	330	771	0	426	550	780	565	506	787	669	571	432	711	688	626	715	
776	604	761	301	493	768	718	350	446	674	578	715	476	560	639	779	380	448	664	451	652	333	403	657	356	410	324	426	0	542	596	772	333	551	399	376	603	782	490	701	690	
410	777	341	496	791	716	304	382	702	772	430	399	560	771	590	740	600	548	429	410	481	735	304	633	515	450	534	550	542	0	700	677	744	752	458	491	533	435	685	351	551	
602	711	583	550	665	379	700	491	661	676	541	474	697	382	687	331	506	747	302	533	725	361	345	535	510	708	691	780	596	700	0	447	413	660	787	416	687	533	311	536	561	
350	637	334	676	380	476	574	466	736	597	433	306	356	443	576	545	645	793	594	317	301	472	363	674	720	726	384	565	772	677	447	0	461	514	327	541	404	539	733	745	670	
380	569	788	502	546	696	434	701	730	556	401	558	786	416	544	344	558	474	711	569	465	411	502	731	482	755	607	506	333	744	413	461	0	444	759	506	403	472	402	375	495	
448	551	756	719	586	612	650	572	549	308	439	744	344	426	559	591	720	704	403	784	441	579	466	610	359	344	399	787	551	752	660	514	444	0	339	449	644	537	713	328	730	
579	533	759	789	467	462	799	542	558	731	515	507	696	518	457	659	422	576	364	774	415	342	345	545	608	621	772	669	399	458	787	327	759	339	0	399	445	505	683	659	652	
406	565	665	727	617	463	368	505	513	510	690	563	730	648	562	654	768	634	627	373	425	625	683	616	434	769	415	571	376	491	416	541	506	449	399	0	687	682	590	689	514	
660	645	709	689	527	414	783	616	647	371	569	526	481	677	567	685	677	342	770	362	565	438	620	781	389	432	475	432	603	533	687	404	403	644	445	687	0	752	519	507	371	
374	466	720	687	628	629	631	787	455	764	408	302	576	454	517	543	747	588	714	633	544	642	356	656	400	410	535	711	782	435	533	539	472	537	505	682	752	0	518	747	621	
547	560	711	304	315	542	428	481	575	416	304	337	359	550	418	548	472	563	638	330	658	395	670	602	534	518	605	688	490	685	311	733	402	713	683	590	519	518	0	390	626	
631	741	526	558	628	652	516	321	403	534	302	406	478	386	475	774	625	728	707	420	556	625	349	609	654	409	526	626	701	351	536	745	375	328	659	689	507	747	390	0	676	
788	431	543	568	738	692	477	524	740	588	759	661	758	432	655	558	607	633	345	547	599	507	643	489	515	591	755	715	690	551	561	670	495	730	652	514	371	621	626	676	0	
etats
Id_Station	Poids W	Min (P)	WSPT	Priorité	
1	7				
2	3				
3	3				
4	1				
5	8				
6	6				
7	3				
8	2				
9	7				
10	8				
11	1				
12	3				
13	3				
14	1				
15	5				
16	4				
17	9				
18	8				
19	2				
20	7				
21	4				
22	6				
23	9				
24	7				
25	4				
26	1				
27	5				
28	3				
29	6				
30	1				
31	7				
32	2				
33	1				
34	8				
35	2				
36	8				
37	2				
38	1				
39	1				
40	1				
