distances
0	334	567	463	678	622	446	641	412	469	403	730	520	459	389	641	667	371	487	343	570	536	404	586	394	705	328	568	419	428	792	495	707	576	517	613	609	709	654	701	337	
334	0	743	698	490	440	319	434	517	638	556	546	357	647	534	671	711	666	513	597	656	760	452	704	424	438	751	787	783	319	338	443	664	703	454	563	319	714	633	481	315	
567	743	0	481	370	438	395	402	490	566	445	433	559	592	665	347	553	308	608	621	774	582	381	631	610	323	473	610	715	509	753	749	540	482	544	402	770	324	459	449	646	
463	698	481	0	464	315	620	620	593	586	455	551	364	579	614	549	799	448	681	638	478	639	781	722	556	523	565	513	627	791	409	792	677	404	377	427	795	578	561	744	747	
678	490	370	464	0	750	640	454	513	491	635	326	507	640	674	770	509	669	355	486	447	384	397	352	327	604	306	411	302	677	363	416	685	334	785	412	749	675	666	511	472	
622	440	438	315	750	0	352	714	640	666	350	471	693	328	461	373	729	571	630	496	743	345	643	772	397	598	597	796	727	459	455	354	750	633	632	357	346	345	713	561	566	
446	319	395	620	640	352	0	708	575	355	514	410	519	344	718	630	643	566	538	587	425	635	612	440	454	713	732	478	434	398	691	685	644	476	519	447	777	666	426	387	403	
641	434	402	620	454	714	708	0	465	525	326	321	404	453	426	600	679	450	430	742	412	678	540	419	334	751	320	467	705	606	416	635	445	389	697	472	478	626	746	504	639	
412	517	490	593	513	640	575	465	0	556	549	376	733	386	494	793	611	563	559	433	307	599	656	672	418	629	564	539	559	775	469	422	649	587	312	621	782	413	572	796	552	
469	638	566	586	491	666	355	525	556	0	745	571	706	448	781	614	510	623	375	690	671	523	792	341	489	709	726	696	308	557	409	537	532	398	635	564	342	775	702	442	367	
403	556	445	455	635	350	514	326	549	745	0	627	772	385	563	703	790	797	481	736	578	314	771	371	418	401	365	785	308	468	610	405	768	301	617	455	720	307	338	596	313	
730	546	433	551	326	471	410	321	376	571	627	0	331	638	448	668	769	315	332	709	512	302	712	338	603	435	591	744	373	667	608	789	765	541	401	701	374	779	663	528	697	
520	357	559	364	507	693	519	404	733	706	772	331	0	579	597	337	405	781	423	430	654	762	705	653	571	475	367	308	414	667	343	657	431	627	740	738	546	662	634	678	771	
459	647	592	579	640	328	344	453	386	448	385	638	579	0	421	668	658	679	787	674	703	613	486	767	545	551	676	360	445	572	362	362	689	302	696	445	302	350	324	315	444	
389	534	665	614	674	461	718	426	494	781	563	448	597	421	0	365	342	323	514	633	759	639	650	581	620	499	476	404	543	752	739	626	755	440	300	770	626	568	368	669	365	
641	671	347	549	770	373	630	600	793	614	703	668	337	668	365	0	469	431	451	463	315	738	652	728	480	578	680	657	580	321	549	467	520	515	731	507	634	631	414	470	344	
667	711	553	799	509	729	643	679	611	510	790	769	405	658	342	469	0	607	515	414	495	369	455	698	399	540	531	423	542	731	420	659	601	359	794	567	364	739	312	364	304	
371	666	308	448	669	571	566	450	563	623	797	315	781	679	323	431	607	0	405	648	605	596	595	664	553	464	380	326	456	635	343	648	766	778	471	603	573	685	366	673	625	
487	513	608	681	355	630	538	430	559	375	481	332	423	787	514	451	515	405	0	673	798	621	649	566	674	320	417	373	596	499	599	359	622	438	323	799	672	791	693	317	728	
343	597	621	638	486	496	587	742	433	690	736	709	430	674	633	463	414	648	673	0	706	601	484	441	476	616	722	442	374	743	331	386	341	415	777	427	551	641	491	426	759	
570	656	774	478	447	743	425	412	307	671	578	512	654	703	759	315	495	605	798	706	0	512	528	432	756	508	579	307	344	674	763	349	396	343	764	528	793	457	540	688	342	
536	760	582	639	384	345	635	678	599	523	314	302	762	613	639	738	369	596	621	601	512	0	366	453	624	637	537	349	527	363	649	777	639	406	374	482	453	327	622	369	444	
404	452	381	781	397	643	612	540	656	792	771	712	705	486	650	652	455	595	649	484	528	366	0	708	595	582	330	399	442	761	789	677	484	639	580	681	344	351	463	653	577	
586	704	631	722	352	772	440	419	672	341	371	338	653	767	581	728	698	664	566	441	432	453	708	0	431	560	313	708	714	446	671	433	343	398	661	621	388	541	636	572	341	
394	424	610	556	327	397	454	334	418	489	418	603	571	545	620	480	399	553	674	476	756	624	595	431	0	672	449	374	501	337	693	672	685	373	702	511	587	312	367	796	317	
705	438	323	523	604	598	713	751	629	709	401	435	475	551	499	578	540	464	320	616	508	637	582	560	672	0	413	416	572	786	714	493	464	671	425	792	451	508	578	468	516	
328	751	473	565	306	597	732	320	564	726	365	591	367	676	476	680	531	380	417	722	579	537	330	313	449	413	0	585	623	642	305	593	443	314	544	583	428	766	538	469	687	
568	787	610	513	411	796	478	467	539	696	785	744	308	360	404	657	423	326	373	442	307	349	399	708	374	416	585	0	376	565	468	404	304	527	621	342	327	657	707	392	622	
419	783	715	627	302	727	434	705	559	308	308	373	414	445	543	580	542	456	596	374	344	527	442	714	501	572	623	376	0	702	631	393	634	479	572	793	724	371	644	502	538	
428	319	509	791	677	459	398	606	775	557	468	667	667	572	752	321	731	635	499	743	674	363	761	446	337	786	642	565	702	0	769	470	550	578	438	566	597	439	345	690	302	
792	338	753	409	363	455	691	416	469	409	610	608	343	362	739	549	420	343	599	331	763	649	789	671	693	714	305	468	631	769	0	422	495	708	362	639	394	604	741	661	665	
495	443	749	792	416	354	685	635	422	537	405	789	657	362	626	467	659	648	359	386	349	777	677	433	672	493	593	404	393	470	422	0	593	697	301	768	356	603	788	413	676	
707	664	540	677	685	750	644	445	649	532	768	765	431	689	755	520	601	766	622	341	396	639	484	343	685	464	443	304	634	550	495	593	0	431	790	686	385	546	768	524	467	
576	703	482	404	334	633	476	389	587	398	301	541	627	302	440	515	359	778	438	415	343	406	639	398	373	671	314	527	479	578	708	697	431	0	585	743	344	678	746	551	606	
517	454	544	377	785	632	519	697	312	635	617	401	740	696	300	731	794	471	323	777	764	374	580	661	702	425	544	621	572	438	362	301	790	585	0	787	361	443	615	367	490	
613	563	402	427	412	357	447	472	621	564	455	701	738	445	770	507	567	603	799	427	528	482	681	621	511	792	583	342	793	566	639	768	686	743	787	0	639	637	509	524	670	
609	319	770	795	749	346	777	478	782	342	720	374	546	302	626	634	364	573	672	551	793	453	344	388	587	451	428	327	724	597	394	356	385	344	361	639	0	635	726	448	406	
709	714	324	578	675	345	666	626	413	775	307	779	662	350	568	631	739	685	791	641	457	327	351	541	312	508	766	657	371	439	604	603	546	678	443	637	635	0	754	699	365	
654	633	459	561	666	713	426	746	572	702	338	663	634	324	368	414	312	366	693	491	540	622	463	636	367	578	538	707	644	345	741	788	768	746	615	509	726	754	0	675	523	
701	481	449	744	511	561	387	504	796	442	596	528	678	315	669	470	364	673	317	426	688	369	653	572	796	468	469	392	502	690	661	413	524	551	367	524	448	699	675	0	321	
337	315	646	747	472	566	403	639	552	367	313	697	771	444	365	344	304	625	728	759	342	444	577	341	317	516	687	622	538	302	665	676	467	606	490	670	406	365	523	321	0	
etats
Id_Station	Poids W	Min (P)	WSPT	Priorité	
1	6				
2	3				
3	5				
4	1				
5	7				
6	5				
7	8				
8	8				
9	6				
10	1				
11	5				
12	1				
13	7				
14	8				
15	3				
16	4				
17	4				
18	7				
19	7				
20	3				
21	9				
22	6				
23	1				
24	3				
25	6				
26	5				
27	5				
28	1				
29	7				
30	6				
31	1				
32	1				
33	2				
34	7				
35	5				
36	9				
37	6				
38	4				
39	8				
40	7				

