distances
0	532	527	731	575	687	330	642	481	326	643	756	473	394	418	363	543	544	321	352	443	516	756	665	545	778	427	418	543	496	526	316	591	646	762	765	516	632	415	532	772	
532	0	502	749	741	441	666	603	303	736	588	610	747	564	554	351	439	571	362	588	662	427	486	627	760	499	724	786	353	427	318	783	724	775	346	553	731	447	535	757	338	
527	502	0	510	740	620	771	461	563	644	745	505	428	333	624	393	683	497	749	587	392	649	733	769	544	560	741	438	360	677	692	536	385	435	547	591	599	767	596	653	383	
731	749	510	0	454	580	601	696	346	788	775	470	546	699	382	576	720	377	436	771	318	742	437	403	537	629	335	498	774	386	480	646	599	402	797	650	422	578	474	535	514	
575	741	740	454	0	646	539	743	760	574	551	362	736	402	320	711	304	482	389	615	383	778	377	559	696	480	508	576	798	492	688	419	705	345	678	699	649	621	633	556	716	
687	441	620	580	646	0	644	671	398	342	432	385	497	410	774	682	566	789	742	434	797	656	683	789	425	794	507	731	341	397	694	628	742	554	548	632	337	521	483	425	408	
330	666	771	601	539	644	0	479	490	324	419	427	476	496	324	535	643	713	506	640	716	529	545	534	474	720	430	709	730	719	657	387	790	332	613	445	506	734	417	313	453	
642	603	461	696	743	671	479	0	531	693	428	401	507	565	789	538	686	690	775	568	698	557	769	656	543	487	533	351	380	705	361	694	590	410	390	616	509	418	541	604	500	
481	303	563	346	760	398	490	531	0	758	648	452	721	510	603	547	613	389	656	378	494	487	606	505	561	506	757	754	640	618	666	799	418	532	773	385	335	522	781	474	671	
326	736	644	788	574	342	324	693	758	0	357	370	540	767	475	306	410	464	440	528	579	654	342	453	784	552	302	746	357	644	741	535	707	317	654	373	576	716	390	383	747	
643	588	745	775	551	432	419	428	648	357	0	486	525	512	792	560	735	498	709	468	736	689	790	554	761	449	301	612	700	681	362	514	776	513	450	567	512	613	796	462	682	
756	610	505	470	362	385	427	401	452	370	486	0	787	528	751	712	780	744	534	538	645	532	367	643	534	451	528	419	354	309	723	452	567	636	604	583	564	516	611	689	466	
473	747	428	546	736	497	476	507	721	540	525	787	0	697	763	373	713	319	769	353	507	301	428	449	490	567	560	370	791	311	590	671	405	769	787	362	540	793	739	642	663	
394	564	333	699	402	410	496	565	510	767	512	528	697	0	405	504	496	411	698	542	498	741	710	747	361	743	664	478	568	547	580	385	340	515	376	555	523	782	348	781	732	
418	554	624	382	320	774	324	789	603	475	792	751	763	405	0	437	682	467	701	406	401	518	339	368	330	746	691	469	324	678	352	449	629	380	328	421	336	434	699	715	587	
363	351	393	576	711	682	535	538	547	306	560	712	373	504	437	0	508	374	404	776	563	660	398	413	490	763	493	426	575	370	781	799	531	761	560	528	695	601	553	329	715	
543	439	683	720	304	566	643	686	613	410	735	780	713	496	682	508	0	541	539	623	765	590	571	308	668	418	371	500	690	757	710	673	586	746	547	335	634	553	716	318	388	
544	571	497	377	482	789	713	690	389	464	498	744	319	411	467	374	541	0	546	692	574	656	504	491	400	640	480	761	649	660	755	789	586	417	505	424	556	415	649	305	677	
321	362	749	436	389	742	506	775	656	440	709	534	769	698	701	404	539	546	0	795	669	308	608	756	489	658	788	494	731	768	624	620	454	582	540	377	685	749	344	596	584	
352	588	587	771	615	434	640	568	378	528	468	538	353	542	406	776	623	692	795	0	302	513	680	650	602	512	407	455	496	593	703	356	799	435	718	519	393	458	501	519	488	
443	662	392	318	383	797	716	698	494	579	736	645	507	498	401	563	765	574	669	302	0	751	738	304	426	363	759	418	392	498	370	653	656	610	723	769	779	452	712	755	401	
516	427	649	742	778	656	529	557	487	654	689	532	301	741	518	660	590	656	308	513	751	0	582	747	636	773	490	603	480	366	599	719	507	527	588	626	631	592	540	724	637	
756	486	733	437	377	683	545	769	606	342	790	367	428	710	339	398	571	504	608	680	738	582	0	784	391	431	479	712	362	692	504	628	323	611	535	627	599	342	605	769	568	
665	627	769	403	559	789	534	656	505	453	554	643	449	747	368	413	308	491	756	650	304	747	784	0	614	677	466	576	638	305	784	587	738	582	430	733	412	473	313	403	320	
545	760	544	537	696	425	474	543	561	784	761	534	490	361	330	490	668	400	489	602	426	636	391	614	0	534	626	446	494	607	478	545	335	302	746	598	606	569	697	647	793	
778	499	560	629	480	794	720	487	506	552	449	451	567	743	746	763	418	640	658	512	363	773	431	677	534	0	343	716	443	690	416	764	717	766	348	696	794	449	603	490	665	
427	724	741	335	508	507	430	533	757	302	301	528	560	664	691	493	371	480	788	407	759	490	479	466	626	343	0	479	367	791	302	373	749	713	321	469	720	600	607	432	490	
418	786	438	498	576	731	709	351	754	746	612	419	370	478	469	426	500	761	494	455	418	603	712	576	446	716	479	0	777	585	404	457	651	382	503	722	412	341	736	325	776	
543	353	360	774	798	341	730	380	640	357	700	354	791	568	324	575	690	649	731	496	392	480	362	638	494	443	367	777	0	490	447	690	536	319	579	307	543	631	497	511	577	
496	427	677	386	492	397	719	705	618	644	681	309	311	547	678	370	757	660	768	593	498	366	692	305	607	690	791	585	490	0	406	360	360	511	701	594	615	344	678	365	741	
526	318	692	480	688	694	657	361	666	741	362	723	590	580	352	781	710	755	624	703	370	599	504	784	478	416	302	404	447	406	0	477	674	520	412	598	491	354	379	664	751	
316	783	536	646	419	628	387	694	799	535	514	452	671	385	449	799	673	789	620	356	653	719	628	587	545	764	373	457	690	360	477	0	714	740	375	471	608	408	306	400	529	
591	724	385	599	705	742	790	590	418	707	776	567	405	340	629	531	586	586	454	799	656	507	323	738	335	717	749	651	536	360	674	714	0	637	717	653	693	665	472	580	469	
646	775	435	402	345	554	332	410	532	317	513	636	769	515	380	761	746	417	582	435	610	527	611	582	302	766	713	382	319	511	520	740	637	0	452	791	631	634	563	635	671	
762	346	547	797	678	548	613	390	773	654	450	604	787	376	328	560	547	505	540	718	723	588	535	430	746	348	321	503	579	701	412	375	717	452	0	564	769	509	661	376	383	
765	553	591	650	699	632	445	616	385	373	567	583	362	555	421	528	335	424	377	519	769	626	627	733	598	696	469	722	307	594	598	471	653	791	564	0	647	336	556	400	307	
516	731	599	422	649	337	506	509	335	576	512	564	540	523	336	695	634	556	685	393	779	631	599	412	606	794	720	412	543	615	491	608	693	631	769	647	0	691	785	778	400	
632	447	767	578	621	521	734	418	522	716	613	516	793	782	434	601	553	415	749	458	452	592	342	473	569	449	600	341	631	344	354	408	665	634	509	336	691	0	301	708	721	
415	535	596	474	633	483	417	541	781	390	796	611	739	348	699	553	716	649	344	501	712	540	605	313	697	603	607	736	497	678	379	306	472	563	661	556	785	301	0	321	764	
532	757	653	535	556	425	313	604	474	383	462	689	642	781	715	329	318	305	596	519	755	724	769	403	647	490	432	325	511	365	664	400	580	635	376	400	778	708	321	0	721	
772	338	383	514	716	408	453	500	671	747	682	466	663	732	587	715	388	677	584	488	401	637	568	320	793	665	490	776	577	741	751	529	469	671	383	307	400	721	764	721	0	
etats
Id_Station	Poids W	Min (P)	WSPT	Priorité	
1	7				
2	8				
3	5				
4	2				
5	4				
6	5				
7	5				
8	7				
9	1				
10	8				
11	4				
12	2				
13	9				
14	4				
15	1				
16	4				
17	5				
18	4				
19	3				
20	9				
21	3				
22	3				
23	1				
24	9				
25	4				
26	6				
27	3				
28	4				
29	1				
30	6				
31	7				
32	3				
33	9				
34	2				
35	1				
36	5				
37	6				
38	3				
39	5				
40	2				

