distances
0	645	538	732	462	565	576	773	758	700	433	740	780	556	461	377	798	530	308	712	675	522	381	573	680	300	443	607	444	454	310	614	787	710	309	712	768	375	458	475	577	
645	0	782	703	723	352	463	559	437	346	558	790	327	474	471	455	525	793	760	459	641	441	761	664	482	546	600	718	477	581	723	481	375	575	341	712	337	333	599	692	602	
538	782	0	336	589	369	597	457	388	318	624	384	381	302	304	790	437	694	346	715	678	596	573	674	436	461	684	473	439	693	568	501	495	494	579	357	637	599	668	525	399	
732	703	336	0	476	754	465	318	447	313	360	380	493	473	629	679	696	344	652	432	596	560	512	458	460	457	578	534	692	471	512	410	354	740	735	392	635	582	608	725	414	
462	723	589	476	0	788	342	518	575	718	498	351	399	659	695	648	679	756	508	364	544	441	368	471	798	354	774	662	623	546	561	553	489	790	387	377	530	335	753	672	564	
565	352	369	754	788	0	701	558	656	403	721	751	376	345	783	568	348	542	548	403	466	389	529	559	369	708	785	342	728	449	399	471	370	706	495	653	483	475	493	665	353	
576	463	597	465	342	701	0	448	473	787	676	459	464	765	512	713	396	555	566	551	419	729	368	649	526	735	570	332	398	534	605	472	645	352	471	692	426	532	382	586	617	
773	559	457	318	518	558	448	0	564	608	333	756	777	405	509	435	662	727	412	790	639	333	332	737	479	498	442	666	573	736	639	465	776	321	376	474	724	669	690	568	567	
758	437	388	447	575	656	473	564	0	341	489	652	795	699	732	435	662	474	713	357	408	695	780	571	363	387	574	436	634	398	519	581	412	612	635	390	419	634	708	619	601	
700	346	318	313	718	403	787	608	341	0	550	722	796	480	655	706	420	645	694	580	746	500	744	305	773	759	619	576	504	415	546	340	674	655	644	700	602	491	640	405	599	
433	558	624	360	498	721	676	333	489	550	0	656	355	469	734	771	509	465	317	647	449	581	743	783	463	459	516	562	611	726	316	783	354	582	532	774	459	779	676	618	462	
740	790	384	380	351	751	459	756	652	722	656	0	454	380	330	513	571	772	308	601	326	452	521	418	421	563	619	604	503	746	384	426	305	542	401	439	347	792	559	686	371	
780	327	381	493	399	376	464	777	795	796	355	454	0	529	696	467	586	400	483	766	442	730	773	547	691	431	728	573	777	438	760	322	314	371	329	612	337	318	490	622	690	
556	474	302	473	659	345	765	405	699	480	469	380	529	0	348	418	667	648	305	749	672	400	511	761	366	350	752	329	363	797	352	687	592	638	509	358	327	425	596	493	520	
461	471	304	629	695	783	512	509	732	655	734	330	696	348	0	673	672	329	379	482	475	354	720	785	746	414	307	474	585	427	590	738	476	612	353	716	749	575	350	410	530	
377	455	790	679	648	568	713	435	435	706	771	513	467	418	673	0	585	323	678	702	739	479	634	357	765	474	653	640	684	379	408	349	484	449	474	443	522	736	767	723	418	
798	525	437	696	679	348	396	662	662	420	509	571	586	667	672	585	0	745	323	766	478	722	396	641	490	662	337	382	607	376	554	498	625	347	410	376	764	651	486	350	681	
530	793	694	344	756	542	555	727	474	645	465	772	400	648	329	323	745	0	439	420	491	377	322	688	433	358	403	405	684	509	754	601	347	721	621	375	588	480	596	566	705	
308	760	346	652	508	548	566	412	713	694	317	308	483	305	379	678	323	439	0	582	661	671	458	349	725	680	578	341	430	344	692	534	311	306	449	414	607	775	741	340	319	
712	459	715	432	364	403	551	790	357	580	647	601	766	749	482	702	766	420	582	0	551	365	317	366	629	489	696	539	737	382	408	594	712	473	476	446	483	331	732	719	701	
675	641	678	596	544	466	419	639	408	746	449	326	442	672	475	739	478	491	661	551	0	547	729	747	496	751	464	406	476	482	540	469	679	393	686	641	561	595	383	369	316	
522	441	596	560	441	389	729	333	695	500	581	452	730	400	354	479	722	377	671	365	547	0	656	716	530	359	680	496	785	657	493	322	534	750	579	659	526	795	422	390	595	
381	761	573	512	368	529	368	332	780	744	743	521	773	511	720	634	396	322	458	317	729	656	0	776	516	425	456	779	615	735	685	791	488	628	445	338	765	344	401	420	626	
573	664	674	458	471	559	649	737	571	305	783	418	547	761	785	357	641	688	349	366	747	716	776	0	451	421	709	605	426	465	492	538	429	761	462	390	692	668	777	549	547	
680	482	436	460	798	369	526	479	363	773	463	421	691	366	746	765	490	433	725	629	496	530	516	451	0	798	648	540	449	352	422	547	562	505	596	561	695	419	370	458	424	
300	546	461	457	354	708	735	498	387	759	459	563	431	350	414	474	662	358	680	489	751	359	425	421	798	0	453	507	784	790	720	491	571	780	659	543	461	416	485	356	590	
443	600	684	578	774	785	570	442	574	619	516	619	728	752	307	653	337	403	578	696	464	680	456	709	648	453	0	629	600	755	646	361	418	449	658	370	556	641	593	438	490	
607	718	473	534	662	342	332	666	436	576	562	604	573	329	474	640	382	405	341	539	406	496	779	605	540	507	629	0	684	798	418	500	609	529	347	780	667	521	541	459	526	
444	477	439	692	623	728	398	573	634	504	611	503	777	363	585	684	607	684	430	737	476	785	615	426	449	784	600	684	0	473	527	567	704	356	445	304	360	420	359	725	556	
454	581	693	471	546	449	534	736	398	415	726	746	438	797	427	379	376	509	344	382	482	657	735	465	352	790	755	798	473	0	501	561	552	669	451	730	613	430	571	633	430	
310	723	568	512	561	399	605	639	519	546	316	384	760	352	590	408	554	754	692	408	540	493	685	492	422	720	646	418	527	501	0	501	715	335	790	417	777	783	712	524	469	
614	481	501	410	553	471	472	465	581	340	783	426	322	687	738	349	498	601	534	594	469	322	791	538	547	491	361	500	567	561	501	0	769	609	799	438	717	303	632	632	372	
787	375	495	354	489	370	645	776	412	674	354	305	314	592	476	484	625	347	311	712	679	534	488	429	562	571	418	609	704	552	715	769	0	638	797	421	564	508	439	457	451	
710	575	494	740	790	706	352	321	612	655	582	542	371	638	612	449	347	721	306	473	393	750	628	761	505	780	449	529	356	669	335	609	638	0	677	654	707	727	428	392	637	
309	341	579	735	387	495	471	376	635	644	532	401	329	509	353	474	410	621	449	476	686	579	445	462	596	659	658	347	445	451	790	799	797	677	0	781	645	424	724	547	435	
712	712	357	392	377	653	692	474	390	700	774	439	612	358	716	443	376	375	414	446	641	659	338	390	561	543	370	780	304	730	417	438	421	654	781	0	547	537	315	417	699	
768	337	637	635	530	483	426	724	419	602	459	347	337	327	749	522	764	588	607	483	561	526	765	692	695	461	556	667	360	613	777	717	564	707	645	547	0	403	347	532	676	
375	333	599	582	335	475	532	669	634	491	779	792	318	425	575	736	651	480	775	331	595	795	344	668	419	416	641	521	420	430	783	303	508	727	424	537	403	0	407	361	369	
458	599	668	608	753	493	382	690	708	640	676	559	490	596	350	767	486	596	741	732	383	422	401	777	370	485	593	541	359	571	712	632	439	428	724	315	347	407	0	572	341	
475	692	525	725	672	665	586	568	619	405	618	686	622	493	410	723	350	566	340	719	369	390	420	549	458	356	438	459	725	633	524	632	457	392	547	417	532	361	572	0	604	
577	602	399	414	564	353	617	567	601	599	462	371	690	520	530	418	681	705	319	701	316	595	626	547	424	590	490	526	556	430	469	372	451	637	435	699	676	369	341	604	0	
etats
Id_Station	Poids W	Min (P)	WSPT	Priorité	
1	1				
2	6				
3	6				
4	8				
5	7				
6	1				
7	5				
8	9				
9	1				
10	9				
11	8				
12	4				
13	4				
14	6				
15	1				
16	9				
17	1				
18	1				
19	6				
20	1				
21	9				
22	6				
23	3				
24	1				
25	9				
26	2				
27	1				
28	7				
29	2				
30	6				
31	3				
32	8				
33	6				
34	1				
35	2				
36	1				
37	5				
38	8				
39	3				
40	5				
