distances
0	300	767	512	771	426	631	562	688	601	611	676	350	638	791	754	600	615	349	344	333	672	730	452	311	361	754	419	328	527	346	635	438	439	753	378	513	571	537	345	539	
300	0	354	426	733	436	770	413	503	741	439	357	345	700	775	648	445	547	382	460	787	624	361	776	533	601	560	360	623	580	441	468	686	731	473	339	604	620	597	711	549	
767	354	0	607	671	611	507	541	740	698	783	494	465	603	402	559	531	588	314	705	675	308	609	606	462	346	430	416	709	513	732	671	394	752	549	333	453	490	313	434	651	
512	426	607	0	508	730	704	335	536	697	437	300	594	387	421	509	543	770	700	505	335	591	731	709	590	387	535	588	652	428	727	423	554	516	653	493	333	573	459	599	789	
771	733	671	508	0	602	521	342	733	318	674	690	307	609	502	688	633	552	708	350	302	710	340	529	549	571	579	780	463	438	542	444	731	652	764	668	758	737	392	479	336	
426	436	611	730	602	0	570	309	390	334	454	319	656	738	794	421	771	774	384	789	375	675	571	533	303	463	586	438	423	629	427	664	549	443	760	775	334	583	692	447	344	
631	770	507	704	521	570	0	461	370	371	466	484	430	719	714	450	315	799	409	305	356	323	539	403	770	426	496	798	427	346	408	589	776	755	526	666	437	663	429	377	713	
562	413	541	335	342	309	461	0	572	675	505	681	584	643	727	346	389	730	399	680	355	476	558	790	757	760	664	591	316	629	794	356	558	400	645	524	321	341	328	722	524	
688	503	740	536	733	390	370	572	0	700	460	403	443	393	502	493	333	304	774	342	324	792	768	629	762	478	472	522	512	699	426	756	738	727	378	792	792	625	690	439	313	
601	741	698	697	318	334	371	675	700	0	700	340	618	545	537	456	677	637	424	400	431	515	511	389	422	540	775	508	332	314	496	341	568	495	753	431	541	707	352	692	464	
611	439	783	437	674	454	466	505	460	700	0	342	383	716	671	663	757	726	491	584	499	379	684	548	625	536	302	773	674	755	428	547	517	741	676	683	414	518	721	473	696	
676	357	494	300	690	319	484	681	403	340	342	0	686	315	557	529	635	737	372	536	656	370	523	729	463	708	373	799	517	528	414	767	763	602	771	776	725	431	515	359	388	
350	345	465	594	307	656	430	584	443	618	383	686	0	538	351	634	513	568	490	778	532	675	363	790	535	654	680	509	626	473	445	508	475	394	439	316	650	303	305	527	774	
638	700	603	387	609	738	719	643	393	545	716	315	538	0	445	552	567	691	646	413	431	713	664	629	727	399	431	539	683	485	474	353	765	704	704	730	572	760	575	746	675	
791	775	402	421	502	794	714	727	502	537	671	557	351	445	0	467	668	370	773	606	623	648	482	649	314	558	388	500	714	483	455	645	671	324	534	754	402	324	472	382	688	
754	648	559	509	688	421	450	346	493	456	663	529	634	552	467	0	600	322	784	526	774	697	744	747	705	357	389	459	729	530	336	567	305	714	446	693	452	646	358	306	524	
600	445	531	543	633	771	315	389	333	677	757	635	513	567	668	600	0	562	724	302	628	374	751	766	637	632	650	481	528	383	795	731	748	625	310	728	555	441	556	351	577	
615	547	588	770	552	774	799	730	304	637	726	737	568	691	370	322	562	0	694	768	547	455	577	549	680	698	462	513	665	752	765	646	612	759	333	388	592	387	378	340	354	
349	382	314	700	708	384	409	399	774	424	491	372	490	646	773	784	724	694	0	755	729	576	522	490	439	590	745	475	302	790	464	432	572	745	621	495	656	469	667	587	687	
344	460	705	505	350	789	305	680	342	400	584	536	778	413	606	526	302	768	755	0	704	536	433	750	685	669	443	660	651	545	433	763	600	577	489	545	381	489	714	438	306	
333	787	675	335	302	375	356	355	324	431	499	656	532	431	623	774	628	547	729	704	0	376	771	748	355	501	634	350	322	366	588	532	421	766	428	323	690	568	486	310	454	
672	624	308	591	710	675	323	476	792	515	379	370	675	713	648	697	374	455	576	536	376	0	458	451	500	415	724	615	357	689	648	634	738	618	428	627	745	464	340	465	340	
730	361	609	731	340	571	539	558	768	511	684	523	363	664	482	744	751	577	522	433	771	458	0	426	505	727	555	487	683	611	778	445	771	759	590	414	441	761	559	785	503	
452	776	606	709	529	533	403	790	629	389	548	729	790	629	649	747	766	549	490	750	748	451	426	0	300	569	529	673	514	597	408	701	654	385	507	641	404	765	428	585	457	
311	533	462	590	549	303	770	757	762	422	625	463	535	727	314	705	637	680	439	685	355	500	505	300	0	507	592	532	797	556	496	724	605	674	785	318	704	756	536	659	421	
361	601	346	387	571	463	426	760	478	540	536	708	654	399	558	357	632	698	590	669	501	415	727	569	507	0	598	456	533	538	737	435	316	746	563	798	765	659	499	607	448	
754	560	430	535	579	586	496	664	472	775	302	373	680	431	388	389	650	462	745	443	634	724	555	529	592	598	0	410	444	512	374	394	438	498	419	733	338	648	423	629	502	
419	360	416	588	780	438	798	591	522	508	773	799	509	539	500	459	481	513	475	660	350	615	487	673	532	456	410	0	331	720	696	695	679	341	441	623	447	525	357	749	798	
328	623	709	652	463	423	427	316	512	332	674	517	626	683	714	729	528	665	302	651	322	357	683	514	797	533	444	331	0	407	587	787	551	397	678	566	427	662	320	488	442	
527	580	513	428	438	629	346	629	699	314	755	528	473	485	483	530	383	752	790	545	366	689	611	597	556	538	512	720	407	0	379	407	307	384	564	544	760	773	701	632	458	
346	441	732	727	542	427	408	794	426	496	428	414	445	474	455	336	795	765	464	433	588	648	778	408	496	737	374	696	587	379	0	494	545	464	436	719	793	448	575	675	446	
635	468	671	423	444	664	589	356	756	341	547	767	508	353	645	567	731	646	432	763	532	634	445	701	724	435	394	695	787	407	494	0	319	790	726	301	419	645	677	600	483	
438	686	394	554	731	549	776	558	738	568	517	763	475	765	671	305	748	612	572	600	421	738	771	654	605	316	438	679	551	307	545	319	0	748	371	361	492	785	732	760	711	
439	731	752	516	652	443	755	400	727	495	741	602	394	704	324	714	625	759	745	577	766	618	759	385	674	746	498	341	397	384	464	790	748	0	538	779	425	351	668	766	664	
753	473	549	653	764	760	526	645	378	753	676	771	439	704	534	446	310	333	621	489	428	428	590	507	785	563	419	441	678	564	436	726	371	538	0	635	475	432	486	393	417	
378	339	333	493	668	775	666	524	792	431	683	776	316	730	754	693	728	388	495	545	323	627	414	641	318	798	733	623	566	544	719	301	361	779	635	0	472	469	731	438	798	
513	604	453	333	758	334	437	321	792	541	414	725	650	572	402	452	555	592	656	381	690	745	441	404	704	765	338	447	427	760	793	419	492	425	475	472	0	792	540	337	369	
571	620	490	573	737	583	663	341	625	707	518	431	303	760	324	646	441	387	469	489	568	464	761	765	756	659	648	525	662	773	448	645	785	351	432	469	792	0	479	696	757	
537	597	313	459	392	692	429	328	690	352	721	515	305	575	472	358	556	378	667	714	486	340	559	428	536	499	423	357	320	701	575	677	732	668	486	731	540	479	0	563	665	
345	711	434	599	479	447	377	722	439	692	473	359	527	746	382	306	351	340	587	438	310	465	785	585	659	607	629	749	488	632	675	600	760	766	393	438	337	696	563	0	426	
539	549	651	789	336	344	713	524	313	464	696	388	774	675	688	524	577	354	687	306	454	340	503	457	421	448	502	798	442	458	446	483	711	664	417	798	369	757	665	426	0	
etats
Id_Station	Poids W	Min (P)	WSPT	Priorité	
1	6				
2	9				
3	1				
4	6				
5	6				
6	8				
7	8				
8	9				
9	5				
10	9				
11	1				
12	2				
13	1				
14	9				
15	5				
16	8				
17	9				
18	7				
19	6				
20	4				
21	5				
22	2				
23	4				
24	2				
25	5				
26	1				
27	3				
28	8				
29	1				
30	8				
31	9				
32	4				
33	7				
34	4				
35	5				
36	5				
37	2				
38	9				
39	7				
40	5				
