distances
0	428	680	560	602	622	548	692	728	398	445	782	405	378	725	708	581	742	437	449	388	434	628	587	720	422	775	300	420	544	331	777	495	484	651	335	692	639	312	621	658	
428	0	304	680	486	644	378	541	509	383	419	631	606	505	396	545	411	453	742	580	355	615	668	799	502	460	599	635	617	751	343	556	786	482	655	333	301	670	762	451	748	
680	304	0	517	397	506	331	501	622	380	548	637	416	688	324	311	470	559	628	306	427	564	412	317	426	394	448	595	640	727	796	753	612	753	702	436	748	308	573	323	729	
560	680	517	0	473	553	381	540	765	378	642	503	363	322	505	647	458	500	464	344	711	566	493	347	750	666	785	572	686	601	391	668	728	455	726	674	652	608	637	307	364	
602	486	397	473	0	387	423	727	442	360	372	663	488	399	302	465	670	765	414	459	651	547	436	728	718	694	758	635	605	548	761	596	486	513	701	614	684	550	780	743	536	
622	644	506	553	387	0	422	418	755	742	456	699	543	662	456	759	541	779	521	739	436	582	305	577	761	380	587	672	652	647	405	620	460	748	388	614	329	450	798	762	488	
548	378	331	381	423	422	0	575	576	442	766	344	683	340	329	513	438	626	550	579	605	759	581	324	441	482	530	735	403	626	780	720	464	485	607	720	708	360	686	398	537	
692	541	501	540	727	418	575	0	300	304	566	539	684	628	380	327	515	624	777	482	400	317	508	415	476	302	608	741	379	676	530	589	408	763	395	638	447	311	797	380	498	
728	509	622	765	442	755	576	300	0	719	339	434	531	535	505	726	681	513	769	441	522	569	591	300	384	602	343	442	410	351	655	435	424	790	519	700	468	551	408	429	645	
398	383	380	378	360	742	442	304	719	0	488	492	362	371	706	683	436	314	748	690	760	785	662	360	473	730	774	680	723	659	701	488	537	371	504	692	652	654	672	738	658	
445	419	548	642	372	456	766	566	339	488	0	458	585	659	448	420	330	667	588	654	795	640	578	666	404	606	657	314	339	409	766	382	540	329	671	419	371	775	465	375	538	
782	631	637	503	663	699	344	539	434	492	458	0	530	322	449	764	768	324	722	418	737	720	546	312	301	645	559	306	633	435	386	334	683	756	391	781	643	348	705	464	667	
405	606	416	363	488	543	683	684	531	362	585	530	0	736	370	541	787	461	713	346	450	664	583	380	709	372	794	541	701	594	784	686	603	332	385	306	440	328	580	518	703	
378	505	688	322	399	662	340	628	535	371	659	322	736	0	305	448	494	484	380	412	313	762	541	705	412	450	466	479	484	377	443	416	573	508	692	724	723	541	445	310	470	
725	396	324	505	302	456	329	380	505	706	448	449	370	305	0	461	400	347	746	720	565	771	655	614	365	759	562	454	515	670	506	459	591	363	348	757	489	312	715	691	731	
708	545	311	647	465	759	513	327	726	683	420	764	541	448	461	0	509	450	374	340	783	670	572	326	706	744	382	337	690	300	371	524	426	693	333	393	642	333	554	363	673	
581	411	470	458	670	541	438	515	681	436	330	768	787	494	400	509	0	719	628	761	741	755	798	379	439	400	498	655	352	778	399	339	498	303	322	787	459	342	782	593	597	
742	453	559	500	765	779	626	624	513	314	667	324	461	484	347	450	719	0	737	778	322	411	639	549	553	612	439	585	686	573	627	681	760	452	497	605	433	562	681	653	764	
437	742	628	464	414	521	550	777	769	748	588	722	713	380	746	374	628	737	0	774	609	563	378	751	331	371	710	530	776	625	647	472	727	790	667	503	714	711	793	608	698	
449	580	306	344	459	739	579	482	441	690	654	418	346	412	720	340	761	778	774	0	679	358	523	679	768	399	634	380	450	406	527	741	347	510	589	706	513	656	539	535	364	
388	355	427	711	651	436	605	400	522	760	795	737	450	313	565	783	741	322	609	679	0	671	325	405	670	740	590	424	342	571	470	367	324	601	431	452	786	769	479	415	690	
434	615	564	566	547	582	759	317	569	785	640	720	664	762	771	670	755	411	563	358	671	0	767	488	388	794	367	358	456	747	308	779	349	652	638	595	755	591	562	487	370	
628	668	412	493	436	305	581	508	591	662	578	546	583	541	655	572	798	639	378	523	325	767	0	628	454	753	327	517	686	783	464	625	404	363	308	307	424	419	615	513	624	
587	799	317	347	728	577	324	415	300	360	666	312	380	705	614	326	379	549	751	679	405	488	628	0	644	402	558	626	664	681	611	763	509	421	411	762	796	667	619	626	464	
720	502	426	750	718	761	441	476	384	473	404	301	709	412	365	706	439	553	331	768	670	388	454	644	0	372	318	454	761	581	401	604	490	546	778	647	514	685	550	358	419	
422	460	394	666	694	380	482	302	602	730	606	645	372	450	759	744	400	612	371	399	740	794	753	402	372	0	342	788	551	309	422	659	488	381	503	338	618	543	413	444	594	
775	599	448	785	758	587	530	608	343	774	657	559	794	466	562	382	498	439	710	634	590	367	327	558	318	342	0	574	611	772	397	477	722	366	554	322	623	776	541	669	778	
300	635	595	572	635	672	735	741	442	680	314	306	541	479	454	337	655	585	530	380	424	358	517	626	454	788	574	0	794	422	747	311	551	682	450	781	354	358	335	411	737	
420	617	640	686	605	652	403	379	410	723	339	633	701	484	515	690	352	686	776	450	342	456	686	664	761	551	611	794	0	306	618	431	737	613	341	589	395	699	383	732	770	
544	751	727	601	548	647	626	676	351	659	409	435	594	377	670	300	778	573	625	406	571	747	783	681	581	309	772	422	306	0	729	338	702	533	628	432	766	592	383	394	753	
331	343	796	391	761	405	780	530	655	701	766	386	784	443	506	371	399	627	647	527	470	308	464	611	401	422	397	747	618	729	0	325	417	510	662	420	597	433	631	719	492	
777	556	753	668	596	620	720	589	435	488	382	334	686	416	459	524	339	681	472	741	367	779	625	763	604	659	477	311	431	338	325	0	480	327	785	775	356	554	521	677	782	
495	786	612	728	486	460	464	408	424	537	540	683	603	573	591	426	498	760	727	347	324	349	404	509	490	488	722	551	737	702	417	480	0	513	778	586	651	624	454	380	790	
484	482	753	455	513	748	485	763	790	371	329	756	332	508	363	693	303	452	790	510	601	652	363	421	546	381	366	682	613	533	510	327	513	0	397	364	701	728	354	586	780	
651	655	702	726	701	388	607	395	519	504	671	391	385	692	348	333	322	497	667	589	431	638	308	411	778	503	554	450	341	628	662	785	778	397	0	511	405	483	671	356	622	
335	333	436	674	614	614	720	638	700	692	419	781	306	724	757	393	787	605	503	706	452	595	307	762	647	338	322	781	589	432	420	775	586	364	511	0	754	369	462	551	660	
692	301	748	652	684	329	708	447	468	652	371	643	440	723	489	642	459	433	714	513	786	755	424	796	514	618	623	354	395	766	597	356	651	701	405	754	0	439	609	744	737	
639	670	308	608	550	450	360	311	551	654	775	348	328	541	312	333	342	562	711	656	769	591	419	667	685	543	776	358	699	592	433	554	624	728	483	369	439	0	446	615	680	
312	762	573	637	780	798	686	797	408	672	465	705	580	445	715	554	782	681	793	539	479	562	615	619	550	413	541	335	383	383	631	521	454	354	671	462	609	446	0	718	682	
621	451	323	307	743	762	398	380	429	738	375	464	518	310	691	363	593	653	608	535	415	487	513	626	358	444	669	411	732	394	719	677	380	586	356	551	744	615	718	0	467	
658	748	729	364	536	488	537	498	645	658	538	667	703	470	731	673	597	764	698	364	690	370	624	464	419	594	778	737	770	753	492	782	790	780	622	660	737	680	682	467	0	
etats
Id_Station	Poids W	Min (P)	WSPT	Priorité	
1	4				
2	2				
3	8				
4	2				
5	1				
6	3				
7	2				
8	2				
9	2				
10	7				
11	4				
12	6				
13	2				
14	8				
15	4				
16	7				
17	4				
18	7				
19	9				
20	1				
21	9				
22	2				
23	8				
24	7				
25	5				
26	6				
27	3				
28	2				
29	1				
30	4				
31	3				
32	8				
33	6				
34	2				
35	4				
36	9				
37	1				
38	6				
39	5				
40	7				
