distances
0	574	628	700	452	703	622	455	366	677	359	364	548	395	359	320	712	467	345	597	564	636	711	742	584	791	523	522	333	685	557	417	344	391	438	570	394	517	558	603	446	
574	0	676	721	329	467	715	581	735	643	547	503	586	708	660	781	664	634	397	690	516	339	700	440	609	436	723	470	740	545	443	654	693	709	718	510	336	554	431	349	681	
628	676	0	481	613	582	668	671	493	758	784	363	619	646	434	620	711	536	571	608	771	720	785	361	708	401	407	329	523	359	436	474	480	382	473	313	406	759	575	340	607	
700	721	481	0	491	372	498	684	643	700	492	310	722	586	374	333	597	546	635	365	789	301	595	755	725	327	398	559	724	512	707	738	777	314	555	467	642	386	689	496	569	
452	329	613	491	0	407	793	774	526	609	707	546	349	582	603	650	514	680	770	388	386	777	353	397	766	515	328	310	669	737	332	775	544	469	668	683	473	719	502	480	768	
703	467	582	372	407	0	562	366	665	664	515	363	458	797	692	309	644	754	656	466	389	471	760	391	733	651	394	776	535	682	759	761	437	729	564	586	715	519	372	351	632	
622	715	668	498	793	562	0	651	535	369	771	614	400	708	381	643	482	365	736	512	612	633	410	491	385	466	652	770	750	321	524	401	419	373	625	471	310	571	614	576	596	
455	581	671	684	774	366	651	0	303	574	506	572	560	706	634	363	799	446	699	534	353	717	317	318	438	562	708	505	360	443	557	734	674	766	614	593	337	427	695	561	633	
366	735	493	643	526	665	535	303	0	624	699	538	681	715	616	347	768	653	440	364	415	775	323	798	758	624	451	671	579	431	320	794	532	600	347	365	347	720	345	556	344	
677	643	758	700	609	664	369	574	624	0	575	741	708	467	308	365	318	547	335	745	357	310	613	387	530	505	728	646	554	643	728	580	364	593	456	794	365	587	384	466	593	
359	547	784	492	707	515	771	506	699	575	0	687	663	477	657	669	320	468	532	621	425	329	598	550	666	733	527	767	483	667	426	736	443	679	415	652	493	571	381	446	555	
364	503	363	310	546	363	614	572	538	741	687	0	382	796	717	345	521	651	574	363	428	408	418	692	518	670	719	487	595	431	318	373	380	429	723	637	688	587	407	709	795	
548	586	619	722	349	458	400	560	681	708	663	382	0	342	700	563	753	397	678	500	372	409	785	382	475	475	706	588	634	451	602	759	457	461	600	566	460	399	495	529	466	
395	708	646	586	582	797	708	706	715	467	477	796	342	0	494	426	313	769	411	384	712	387	303	506	685	342	629	341	330	437	786	432	764	736	437	396	417	301	497	450	434	
359	660	434	374	603	692	381	634	616	308	657	717	700	494	0	695	636	494	710	412	583	333	502	536	794	769	628	351	489	754	759	412	493	758	400	696	351	766	404	429	310	
320	781	620	333	650	309	643	363	347	365	669	345	563	426	695	0	703	512	616	621	771	597	752	314	363	306	504	461	390	428	390	535	717	664	710	583	571	523	797	683	783	
712	664	711	597	514	644	482	799	768	318	320	521	753	313	636	703	0	470	524	369	730	411	691	356	465	332	647	385	388	540	749	692	342	640	660	609	496	605	386	393	517	
467	634	536	546	680	754	365	446	653	547	468	651	397	769	494	512	470	0	432	779	650	728	420	652	352	793	502	613	654	387	422	321	484	753	668	650	743	430	367	396	460	
345	397	571	635	770	656	736	699	440	335	532	574	678	411	710	616	524	432	0	306	616	675	699	641	344	447	632	587	327	593	444	407	762	314	587	794	468	724	632	499	746	
597	690	608	365	388	466	512	534	364	745	621	363	500	384	412	621	369	779	306	0	792	584	652	440	353	777	755	580	577	550	670	716	583	669	535	357	465	398	653	693	769	
564	516	771	789	386	389	612	353	415	357	425	428	372	712	583	771	730	650	616	792	0	533	495	443	768	399	706	607	446	659	386	421	650	460	771	674	469	578	602	426	570	
636	339	720	301	777	471	633	717	775	310	329	408	409	387	333	597	411	728	675	584	533	0	450	458	574	635	311	442	502	679	744	594	611	379	348	517	385	581	401	320	359	
711	700	785	595	353	760	410	317	323	613	598	418	785	303	502	752	691	420	699	652	495	450	0	473	643	796	490	547	697	746	632	315	774	600	760	345	713	341	411	486	506	
742	440	361	755	397	391	491	318	798	387	550	692	382	506	536	314	356	652	641	440	443	458	473	0	762	433	330	479	758	393	619	416	608	689	517	508	463	579	314	339	332	
584	609	708	725	766	733	385	438	758	530	666	518	475	685	794	363	465	352	344	353	768	574	643	762	0	507	302	780	649	355	684	311	565	534	541	586	692	600	465	427	576	
791	436	401	327	515	651	466	562	624	505	733	670	475	342	769	306	332	793	447	777	399	635	796	433	507	0	453	351	744	411	380	473	775	412	739	703	730	710	711	617	549	
523	723	407	398	328	394	652	708	451	728	527	719	706	629	628	504	647	502	632	755	706	311	490	330	302	453	0	319	551	415	732	798	769	342	385	416	426	686	348	636	489	
522	470	329	559	310	776	770	505	671	646	767	487	588	341	351	461	385	613	587	580	607	442	547	479	780	351	319	0	325	344	326	666	309	336	439	796	693	310	384	759	301	
333	740	523	724	669	535	750	360	579	554	483	595	634	330	489	390	388	654	327	577	446	502	697	758	649	744	551	325	0	388	348	725	703	722	575	354	483	741	546	560	300	
685	545	359	512	737	682	321	443	431	643	667	431	451	437	754	428	540	387	593	550	659	679	746	393	355	411	415	344	388	0	458	361	540	465	377	589	486	726	635	499	681	
557	443	436	707	332	759	524	557	320	728	426	318	602	786	759	390	749	422	444	670	386	744	632	619	684	380	732	326	348	458	0	505	789	757	786	754	688	539	622	610	569	
417	654	474	738	775	761	401	734	794	580	736	373	759	432	412	535	692	321	407	716	421	594	315	416	311	473	798	666	725	361	505	0	327	310	403	649	516	602	493	367	327	
344	693	480	777	544	437	419	674	532	364	443	380	457	764	493	717	342	484	762	583	650	611	774	608	565	775	769	309	703	540	789	327	0	499	382	758	653	404	385	415	626	
391	709	382	314	469	729	373	766	600	593	679	429	461	736	758	664	640	753	314	669	460	379	600	689	534	412	342	336	722	465	757	310	499	0	480	689	509	727	641	708	355	
438	718	473	555	668	564	625	614	347	456	415	723	600	437	400	710	660	668	587	535	771	348	760	517	541	739	385	439	575	377	786	403	382	480	0	440	568	358	588	758	622	
570	510	313	467	683	586	471	593	365	794	652	637	566	396	696	583	609	650	794	357	674	517	345	508	586	703	416	796	354	589	754	649	758	689	440	0	647	723	468	704	782	
394	336	406	642	473	715	310	337	347	365	493	688	460	417	351	571	496	743	468	465	469	385	713	463	692	730	426	693	483	486	688	516	653	509	568	647	0	459	540	345	688	
517	554	759	386	719	519	571	427	720	587	571	587	399	301	766	523	605	430	724	398	578	581	341	579	600	710	686	310	741	726	539	602	404	727	358	723	459	0	363	737	689	
558	431	575	689	502	372	614	695	345	384	381	407	495	497	404	797	386	367	632	653	602	401	411	314	465	711	348	384	546	635	622	493	385	641	588	468	540	363	0	558	512	
603	349	340	496	480	351	576	561	556	466	446	709	529	450	429	683	393	396	499	693	426	320	486	339	427	617	636	759	560	499	610	367	415	708	758	704	345	737	558	0	693	
446	681	607	569	768	632	596	633	344	593	555	795	466	434	310	783	517	460	746	769	570	359	506	332	576	549	489	301	300	681	569	327	626	355	622	782	688	689	512	693	0	
etats
Id_Station	Poids W	Min (P)	WSPT	Priorité	
1	4				
2	1				
3	1				
4	6				
5	4				
6	5				
7	2				
8	9				
9	5				
10	2				
11	9				
12	4				
13	5				
14	8				
15	5				
16	7				
17	1				
18	9				
19	2				
20	7				
21	1				
22	2				
23	6				
24	9				
25	7				
26	1				
27	3				
28	1				
29	7				
30	4				
31	6				
32	6				
33	7				
34	7				
35	7				
36	6				
37	1				
38	4				
39	9				
40	8				
