distances
0	300	379	465	482	738	465	711	711	449	314	707	562	344	556	579	522	751	774	627	308	436	679	529	585	474	758	458	386	383	350	688	362	623	584	594	666	539	525	519	405	
300	0	625	439	357	763	310	568	636	400	430	727	383	773	424	516	758	381	355	593	652	714	693	488	640	572	346	670	457	459	628	769	337	711	311	608	773	331	761	649	719	
379	625	0	483	637	689	553	303	704	469	578	790	313	708	731	419	509	761	702	336	608	410	669	413	400	792	769	591	754	451	495	747	339	405	669	475	691	437	440	750	370	
465	439	483	0	712	519	625	776	686	461	791	313	485	351	419	537	342	362	625	623	760	441	312	323	571	311	787	615	653	510	583	310	360	333	631	751	545	311	480	443	725	
482	357	637	712	0	301	676	583	395	738	309	694	580	337	514	423	512	428	515	477	553	504	507	372	420	353	777	441	536	766	316	308	544	429	640	363	649	540	724	393	619	
738	763	689	519	301	0	710	420	465	619	417	548	520	598	610	505	572	334	700	478	635	751	328	600	726	328	566	381	468	794	350	641	368	776	314	761	654	780	664	735	693	
465	310	553	625	676	710	0	461	452	755	465	799	612	424	600	512	497	395	421	622	501	452	670	458	420	769	310	535	721	653	773	461	402	660	417	326	587	379	743	734	476	
711	568	303	776	583	420	461	0	777	483	389	689	785	497	487	528	683	304	593	325	540	636	774	755	525	684	358	664	510	542	767	690	715	729	787	346	689	317	694	731	646	
711	636	704	686	395	465	452	777	0	648	656	584	554	307	674	605	389	413	768	630	797	778	449	471	543	356	676	463	549	449	306	591	485	715	462	557	432	633	433	377	661	
449	400	469	461	738	619	755	483	648	0	720	343	710	405	345	528	482	441	526	519	419	618	594	307	779	695	450	721	698	724	314	759	647	424	603	462	555	442	657	314	741	
314	430	578	791	309	417	465	389	656	720	0	797	646	604	702	349	314	462	761	526	480	325	562	490	563	656	794	595	797	759	476	540	726	453	632	740	314	490	392	385	404	
707	727	790	313	694	548	799	689	584	343	797	0	307	416	418	387	568	600	400	588	581	345	695	325	566	369	562	681	341	583	483	559	572	710	749	497	744	453	305	712	393	
562	383	313	485	580	520	612	785	554	710	646	307	0	547	300	482	545	466	430	610	765	511	445	452	613	341	657	590	455	348	408	733	685	636	675	321	768	553	758	700	508	
344	773	708	351	337	598	424	497	307	405	604	416	547	0	689	392	305	618	467	719	798	716	791	564	757	513	655	300	640	525	398	532	757	547	411	763	407	774	761	355	398	
556	424	731	419	514	610	600	487	674	345	702	418	300	689	0	380	634	524	511	496	374	400	475	544	746	347	485	648	382	781	787	721	620	452	397	704	570	354	379	756	451	
579	516	419	537	423	505	512	528	605	528	349	387	482	392	380	0	398	634	642	533	726	717	338	772	349	795	378	339	790	711	554	777	665	414	640	583	590	670	591	635	592	
522	758	509	342	512	572	497	683	389	482	314	568	545	305	634	398	0	797	795	746	456	547	606	447	318	597	389	768	335	720	570	542	699	496	357	311	646	315	343	558	371	
751	381	761	362	428	334	395	304	413	441	462	600	466	618	524	634	797	0	784	477	406	720	342	406	568	437	333	581	737	464	328	531	560	613	744	665	408	491	597	502	429	
774	355	702	625	515	700	421	593	768	526	761	400	430	467	511	642	795	784	0	560	327	767	506	641	426	522	774	765	466	796	687	697	790	736	576	467	437	323	442	587	677	
627	593	336	623	477	478	622	325	630	519	526	588	610	719	496	533	746	477	560	0	360	365	418	469	509	755	306	372	613	615	627	634	317	669	540	704	606	405	505	562	535	
308	652	608	760	553	635	501	540	797	419	480	581	765	798	374	726	456	406	327	360	0	645	772	603	678	489	786	774	319	754	383	311	469	722	421	680	744	626	711	395	474	
436	714	410	441	504	751	452	636	778	618	325	345	511	716	400	717	547	720	767	365	645	0	796	470	313	413	341	475	763	722	605	420	329	359	526	775	699	401	487	340	649	
679	693	669	312	507	328	670	774	449	594	562	695	445	791	475	338	606	342	506	418	772	796	0	302	752	465	573	368	402	648	502	518	733	585	381	400	560	558	582	331	552	
529	488	413	323	372	600	458	755	471	307	490	325	452	564	544	772	447	406	641	469	603	470	302	0	441	652	680	785	706	770	746	342	500	704	661	665	488	635	520	434	373	
585	640	400	571	420	726	420	525	543	779	563	566	613	757	746	349	318	568	426	509	678	313	752	441	0	465	305	434	755	534	572	439	498	344	595	799	640	617	522	538	789	
474	572	792	311	353	328	769	684	356	695	656	369	341	513	347	795	597	437	522	755	489	413	465	652	465	0	301	552	510	677	772	312	743	385	798	749	658	334	396	748	322	
758	346	769	787	777	566	310	358	676	450	794	562	657	655	485	378	389	333	774	306	786	341	573	680	305	301	0	769	738	409	368	530	799	389	403	346	666	598	752	382	725	
458	670	591	615	441	381	535	664	463	721	595	681	590	300	648	339	768	581	765	372	774	475	368	785	434	552	769	0	517	666	790	560	753	596	471	615	383	363	652	345	646	
386	457	754	653	536	468	721	510	549	698	797	341	455	640	382	790	335	737	466	613	319	763	402	706	755	510	738	517	0	629	790	794	455	627	755	600	781	390	308	635	484	
383	459	451	510	766	794	653	542	449	724	759	583	348	525	781	711	720	464	796	615	754	722	648	770	534	677	409	666	629	0	535	529	604	762	660	465	536	494	645	322	397	
350	628	495	583	316	350	773	767	306	314	476	483	408	398	787	554	570	328	687	627	383	605	502	746	572	772	368	790	790	535	0	501	722	473	548	715	361	340	737	654	355	
688	769	747	310	308	641	461	690	591	759	540	559	733	532	721	777	542	531	697	634	311	420	518	342	439	312	530	560	794	529	501	0	772	458	756	720	342	605	417	635	679	
362	337	339	360	544	368	402	715	485	647	726	572	685	757	620	665	699	560	790	317	469	329	733	500	498	743	799	753	455	604	722	772	0	500	394	622	728	632	342	502	770	
623	711	405	333	429	776	660	729	715	424	453	710	636	547	452	414	496	613	736	669	722	359	585	704	344	385	389	596	627	762	473	458	500	0	398	722	410	357	650	760	386	
584	311	669	631	640	314	417	787	462	603	632	749	675	411	397	640	357	744	576	540	421	526	381	661	595	798	403	471	755	660	548	756	394	398	0	549	742	517	328	354	318	
594	608	475	751	363	761	326	346	557	462	740	497	321	763	704	583	311	665	467	704	680	775	400	665	799	749	346	615	600	465	715	720	622	722	549	0	695	632	655	797	728	
666	773	691	545	649	654	587	689	432	555	314	744	768	407	570	590	646	408	437	606	744	699	560	488	640	658	666	383	781	536	361	342	728	410	742	695	0	798	653	340	371	
539	331	437	311	540	780	379	317	633	442	490	453	553	774	354	670	315	491	323	405	626	401	558	635	617	334	598	363	390	494	340	605	632	357	517	632	798	0	453	357	679	
525	761	440	480	724	664	743	694	433	657	392	305	758	761	379	591	343	597	442	505	711	487	582	520	522	396	752	652	308	645	737	417	342	650	328	655	653	453	0	503	395	
519	649	750	443	393	735	734	731	377	314	385	712	700	355	756	635	558	502	587	562	395	340	331	434	538	748	382	345	635	322	654	635	502	760	354	797	340	357	503	0	394	
405	719	370	725	619	693	476	646	661	741	404	393	508	398	451	592	371	429	677	535	474	649	552	373	789	322	725	646	484	397	355	679	770	386	318	728	371	679	395	394	0	
etats
Id_Station	Poids W	Min (P)	WSPT	Priorité	
1	1	307	34,11	1	
2	9	314	34,89	2	
3	8	315	35,00	3	
4	7	316	35,11	4	
5	7	302	37,75	5	
6	1	306	38,25	6	
7	3	311	38,88	7	
8	7	314	39,25	8	
9	9	302	43,14	9	
10	2	312	44,57	10	
11	8	314	44,86	11	
12	1	329	47,00	12	
13	6	302	50,33	13	
14	2	303	50,50	14	
15	2	310	51,67	15	
16	1	334	55,67	16	
17	3	302	60,40	17	
18	9	304	60,80	18	
19	4	304	60,80	19	
20	3	309	61,80	20	
21	1	311	62,20	21	
22	1	314	62,80	22	
23	6	300	75,00	23	
24	2	307	76,75	24	
25	5	309	77,25	25	
26	1	311	77,75	26	
27	1	312	78,00	27	
28	2	303	101,00	28	
29	4	304	101,33	29	
30	1	314	104,67	30	
31	1	300	150,00	31	
32	1	303	151,50	32	
33	7	304	152,00	33	
34	5	311	155,50	34	
35	3	311	155,50	35	
36	4	325	162,50	36	
37	6	300	300,00	37	
38	1	307	307,00	38	
39	5	319	319,00	39	
40	8	325	325,00	40	

