distances
0	682	494	316	515	337	522	422	715	382	434	399	687	639	357	563	674	469	758	755	428	342	535	439	629	621	307	669	773	353	792	490	369	794	458	458	470	547	396	500	447	
682	0	313	617	652	452	355	778	744	421	343	681	390	445	446	671	581	308	658	336	656	448	529	500	513	374	544	560	560	533	347	478	753	313	540	555	551	665	780	796	755	
494	313	0	626	571	773	655	451	391	676	765	640	622	495	713	776	685	626	677	612	393	527	660	536	513	669	445	646	745	658	310	394	758	710	736	629	760	680	710	736	587	
316	617	626	0	604	474	699	487	714	315	485	604	544	514	794	734	665	613	762	706	510	691	424	310	373	433	457	549	480	422	568	632	749	366	577	669	779	416	373	433	326	
515	652	571	604	0	397	778	472	700	567	674	572	316	727	653	457	418	389	698	620	679	319	630	355	341	736	701	692	727	573	548	528	772	426	451	421	573	552	549	473	506	
337	452	773	474	397	0	797	592	370	334	709	522	372	513	508	625	414	378	533	774	743	725	621	658	595	787	711	362	780	430	490	456	507	445	796	350	666	659	596	681	387	
522	355	655	699	778	797	0	454	413	396	645	561	662	351	444	678	756	779	440	460	699	375	635	307	711	451	561	481	489	531	639	360	673	549	786	542	419	740	669	741	351	
422	778	451	487	472	592	454	0	393	454	531	612	348	379	473	383	761	471	654	416	701	492	445	739	485	379	327	600	706	371	691	789	741	776	475	444	635	748	705	427	543	
715	744	391	714	700	370	413	393	0	601	751	323	493	601	774	371	436	391	324	799	531	416	358	695	601	634	631	726	616	590	430	495	426	715	764	721	364	398	435	667	656	
382	421	676	315	567	334	396	454	601	0	546	780	539	529	362	382	442	728	754	487	718	375	647	725	460	452	757	364	489	778	611	410	588	573	779	466	778	780	346	351	480	
434	343	765	485	674	709	645	531	751	546	0	350	644	315	604	366	476	331	795	579	572	767	691	705	780	366	301	527	611	365	612	638	578	309	651	546	562	456	768	324	537	
399	681	640	604	572	522	561	612	323	780	350	0	387	680	749	477	524	647	640	329	673	716	590	444	746	728	347	466	567	797	625	563	373	512	407	383	338	318	697	395	431	
687	390	622	544	316	372	662	348	493	539	644	387	0	326	793	747	655	772	520	772	486	430	605	484	414	361	630	362	796	412	447	428	672	456	430	438	389	475	773	517	641	
639	445	495	514	727	513	351	379	601	529	315	680	326	0	395	592	423	722	431	415	361	539	604	585	495	736	428	400	761	376	477	524	370	578	560	540	717	328	592	336	648	
357	446	713	794	653	508	444	473	774	362	604	749	793	395	0	582	302	401	793	428	392	405	642	341	726	719	302	613	302	455	388	451	425	705	390	585	336	411	399	495	381	
563	671	776	734	457	625	678	383	371	382	366	477	747	592	582	0	346	703	496	558	532	752	437	520	444	505	315	417	774	530	671	393	583	798	344	451	489	612	367	564	513	
674	581	685	665	418	414	756	761	436	442	476	524	655	423	302	346	0	569	328	552	740	352	716	783	448	317	454	469	528	619	493	604	341	482	650	355	325	383	731	746	391	
469	308	626	613	389	378	779	471	391	728	331	647	772	722	401	703	569	0	343	402	775	453	474	359	793	633	751	445	750	693	461	730	789	418	498	310	769	393	695	702	305	
758	658	677	762	698	533	440	654	324	754	795	640	520	431	793	496	328	343	0	711	430	365	312	573	426	332	397	522	740	632	787	611	307	329	404	468	417	540	651	492	431	
755	336	612	706	620	774	460	416	799	487	579	329	772	415	428	558	552	402	711	0	582	542	519	637	587	620	659	645	470	680	335	712	635	457	696	548	386	782	749	703	689	
428	656	393	510	679	743	699	701	531	718	572	673	486	361	392	532	740	775	430	582	0	769	356	330	684	350	549	449	583	560	646	643	426	623	394	499	495	532	546	782	500	
342	448	527	691	319	725	375	492	416	375	767	716	430	539	405	752	352	453	365	542	769	0	522	396	419	692	588	432	470	567	695	717	353	402	556	468	569	444	448	566	544	
535	529	660	424	630	621	635	445	358	647	691	590	605	604	642	437	716	474	312	519	356	522	0	345	667	749	411	747	752	371	407	589	549	545	489	642	797	642	633	605	423	
439	500	536	310	355	658	307	739	695	725	705	444	484	585	341	520	783	359	573	637	330	396	345	0	600	640	761	463	376	342	621	698	778	339	454	498	556	777	552	308	385	
629	513	513	373	341	595	711	485	601	460	780	746	414	495	726	444	448	793	426	587	684	419	667	600	0	782	456	757	683	479	439	785	698	714	790	624	442	398	527	389	405	
621	374	669	433	736	787	451	379	634	452	366	728	361	736	719	505	317	633	332	620	350	692	749	640	782	0	309	396	746	456	337	747	492	698	358	340	534	700	754	427	487	
307	544	445	457	701	711	561	327	631	757	301	347	630	428	302	315	454	751	397	659	549	588	411	761	456	309	0	503	316	675	662	487	533	635	362	336	664	587	783	757	498	
669	560	646	549	692	362	481	600	726	364	527	466	362	400	613	417	469	445	522	645	449	432	747	463	757	396	503	0	535	532	314	557	467	391	455	791	738	670	645	559	702	
773	560	745	480	727	780	489	706	616	489	611	567	796	761	302	774	528	750	740	470	583	470	752	376	683	746	316	535	0	384	314	582	563	327	354	352	348	404	473	312	782	
353	533	658	422	573	430	531	371	590	778	365	797	412	376	455	530	619	693	632	680	560	567	371	342	479	456	675	532	384	0	513	670	483	659	681	375	793	526	716	442	664	
792	347	310	568	548	490	639	691	430	611	612	625	447	477	388	671	493	461	787	335	646	695	407	621	439	337	662	314	314	513	0	312	324	405	330	651	730	729	636	742	759	
490	478	394	632	528	456	360	789	495	410	638	563	428	524	451	393	604	730	611	712	643	717	589	698	785	747	487	557	582	670	312	0	651	740	626	690	634	621	442	529	572	
369	753	758	749	772	507	673	741	426	588	578	373	672	370	425	583	341	789	307	635	426	353	549	778	698	492	533	467	563	483	324	651	0	479	426	601	716	487	590	484	329	
794	313	710	366	426	445	549	776	715	573	309	512	456	578	705	798	482	418	329	457	623	402	545	339	714	698	635	391	327	659	405	740	479	0	771	365	672	385	360	791	391	
458	540	736	577	451	796	786	475	764	779	651	407	430	560	390	344	650	498	404	696	394	556	489	454	790	358	362	455	354	681	330	626	426	771	0	600	566	663	374	383	315	
458	555	629	669	421	350	542	444	721	466	546	383	438	540	585	451	355	310	468	548	499	468	642	498	624	340	336	791	352	375	651	690	601	365	600	0	494	516	662	799	404	
470	551	760	779	573	666	419	635	364	778	562	338	389	717	336	489	325	769	417	386	495	569	797	556	442	534	664	738	348	793	730	634	716	672	566	494	0	379	708	317	318	
547	665	680	416	552	659	740	748	398	780	456	318	475	328	411	612	383	393	540	782	532	444	642	777	398	700	587	670	404	526	729	621	487	385	663	516	379	0	794	453	549	
396	780	710	373	549	596	669	705	435	346	768	697	773	592	399	367	731	695	651	749	546	448	633	552	527	754	783	645	473	716	636	442	590	360	374	662	708	794	0	604	528	
500	796	736	433	473	681	741	427	667	351	324	395	517	336	495	564	746	702	492	703	782	566	605	308	389	427	757	559	312	442	742	529	484	791	383	799	317	453	604	0	693	
447	755	587	326	506	387	351	543	656	480	537	431	641	648	381	513	391	305	431	689	500	544	423	385	405	487	498	702	782	664	759	572	329	391	315	404	318	549	528	693	0	
etats
Id_Station	Poids W	Min (P)	WSPT	Priorité	
1	9	303	33,67	1	
2	5	303	33,67	2	
3	4	308	34,22	3	
4	6	311	34,56	4	
5	6	301	37,63	5	
6	5	307	38,38	6	
7	3	308	38,50	7	
8	5	345	43,13	8	
9	1	304	43,43	9	
10	8	310	44,29	10	
11	5	320	45,71	11	
12	1	304	50,67	12	
13	4	307	51,17	13	
14	4	313	52,17	14	
15	4	320	53,33	15	
16	4	333	55,50	16	
17	1	304	60,80	17	
18	6	308	61,60	18	
19	7	312	62,40	19	
20	2	317	63,40	20	
21	9	324	64,80	21	
22	5	305	101,67	22	
23	9	305	101,67	23	
24	6	306	102,00	24	
25	5	308	102,67	25	
26	6	308	102,67	26	
27	4	312	104,00	27	
28	9	317	158,50	28	
29	2	301	301,00	29	
30	9	303	303,00	30	
31	2	303	303,00	31	
32	3	303	303,00	32	
33	5	305	305,00	33	
34	1	305	305,00	34	
35	5	307	307,00	35	
36	2	308	308,00	36	
37	1	310	310,00	37	
38	9	316	316,00	38	
39	3	322	322,00	39	
40	1	335	335,00	40	

