distances
0	695	661	739	345	554	447	419	422	518	722	559	375	664	541	343	311	516	742	610	751	670	607	617	314	345	533	547	487	760	327	422	502	666	541	610	392	473	661	479	796	
695	0	433	449	577	432	500	737	537	434	312	510	497	428	797	767	311	670	764	530	472	784	520	695	627	432	423	514	503	443	330	371	381	321	410	760	476	664	319	642	719	
661	433	0	514	646	588	744	427	380	452	333	670	360	545	444	418	512	754	594	752	334	352	781	442	632	364	328	407	653	528	457	396	342	370	357	405	518	377	563	418	567	
739	449	514	0	633	456	362	416	383	487	787	556	433	716	655	799	385	635	385	719	393	737	619	463	421	334	330	459	524	693	344	397	357	488	359	582	758	501	721	446	668	
345	577	646	633	0	354	327	679	790	569	475	425	484	414	493	381	571	487	599	768	696	615	384	396	646	472	407	308	631	655	389	419	377	599	705	336	765	768	583	662	525	
554	432	588	456	354	0	713	303	548	627	723	744	536	449	542	308	496	361	607	685	737	542	621	721	337	734	308	620	641	480	577	348	607	716	633	789	687	574	310	415	689	
447	500	744	362	327	713	0	627	453	378	538	642	483	582	480	604	477	452	694	717	589	785	640	503	552	393	797	614	751	407	618	610	432	531	567	605	311	580	417	797	698	
419	737	427	416	679	303	627	0	647	496	763	781	785	612	558	707	542	679	576	715	616	720	787	491	769	362	617	569	495	773	473	314	300	698	404	559	361	797	520	572	767	
422	537	380	383	790	548	453	647	0	439	788	544	694	764	410	408	393	688	503	714	361	662	591	764	412	620	493	611	575	425	481	361	316	383	495	721	460	369	375	349	536	
518	434	452	487	569	627	378	496	439	0	627	340	536	626	463	668	397	515	398	520	697	370	659	548	592	763	737	313	653	565	778	657	566	488	498	439	323	555	399	733	620	
722	312	333	787	475	723	538	763	788	627	0	444	397	611	789	486	454	300	749	731	706	567	595	726	442	738	592	626	442	766	702	756	745	588	336	664	571	562	724	580	446	
559	510	670	556	425	744	642	781	544	340	444	0	725	647	437	630	347	656	302	767	590	609	575	350	410	644	682	573	493	423	564	683	509	501	494	303	563	613	719	515	759	
375	497	360	433	484	536	483	785	694	536	397	725	0	520	516	449	448	506	619	537	356	635	798	375	625	756	494	475	635	559	467	344	516	591	459	332	560	357	325	513	459	
664	428	545	716	414	449	582	612	764	626	611	647	520	0	747	646	520	496	315	541	769	788	409	765	560	475	545	458	479	308	586	422	702	364	764	733	642	711	544	742	613	
541	797	444	655	493	542	480	558	410	463	789	437	516	747	0	438	719	607	485	583	355	406	551	479	528	435	479	524	797	504	699	332	732	755	506	449	307	554	477	417	357	
343	767	418	799	381	308	604	707	408	668	486	630	449	646	438	0	720	363	694	561	798	649	725	376	457	558	520	790	668	558	371	459	661	406	799	460	606	303	359	774	783	
311	311	512	385	571	496	477	542	393	397	454	347	448	520	719	720	0	414	763	568	582	307	390	617	316	598	332	643	583	696	503	497	761	587	714	378	746	665	710	402	329	
516	670	754	635	487	361	452	679	688	515	300	656	506	496	607	363	414	0	444	727	690	778	654	733	388	516	552	733	613	798	386	563	569	686	584	364	598	370	567	554	339	
742	764	594	385	599	607	694	576	503	398	749	302	619	315	485	694	763	444	0	687	328	587	729	451	536	370	613	376	655	593	481	310	607	304	606	695	485	598	387	764	715	
610	530	752	719	768	685	717	715	714	520	731	767	537	541	583	561	568	727	687	0	500	685	329	722	768	570	342	417	731	380	504	441	653	309	546	632	322	557	596	315	678	
751	472	334	393	696	737	589	616	361	697	706	590	356	769	355	798	582	690	328	500	0	790	720	668	794	658	324	702	762	732	587	520	309	302	530	438	732	373	383	610	658	
670	784	352	737	615	542	785	720	662	370	567	609	635	788	406	649	307	778	587	685	790	0	495	698	717	650	684	545	588	787	738	592	556	740	570	746	401	512	700	770	639	
607	520	781	619	384	621	640	787	591	659	595	575	798	409	551	725	390	654	729	329	720	495	0	751	315	733	350	539	673	786	684	794	636	458	435	753	540	669	649	581	546	
617	695	442	463	396	721	503	491	764	548	726	350	375	765	479	376	617	733	451	722	668	698	751	0	476	798	485	639	478	625	778	725	449	635	744	689	615	645	614	379	723	
314	627	632	421	646	337	552	769	412	592	442	410	625	560	528	457	316	388	536	768	794	717	315	476	0	768	778	357	677	483	442	416	307	686	425	385	694	442	414	673	541	
345	432	364	334	472	734	393	362	620	763	738	644	756	475	435	558	598	516	370	570	658	650	733	798	768	0	309	710	637	572	377	399	348	557	429	583	588	645	572	333	456	
533	423	328	330	407	308	797	617	493	737	592	682	494	545	479	520	332	552	613	342	324	684	350	485	778	309	0	389	301	679	637	540	480	796	374	622	629	673	750	322	744	
547	514	407	459	308	620	614	569	611	313	626	573	475	458	524	790	643	733	376	417	702	545	539	639	357	710	389	0	695	478	446	387	311	355	345	553	707	507	407	575	439	
487	503	653	524	631	641	751	495	575	653	442	493	635	479	797	668	583	613	655	731	762	588	673	478	677	637	301	695	0	756	372	480	532	444	783	323	377	471	358	607	633	
760	443	528	693	655	480	407	773	425	565	766	423	559	308	504	558	696	798	593	380	732	787	786	625	483	572	679	478	756	0	389	593	682	582	554	313	766	733	420	323	643	
327	330	457	344	389	577	618	473	481	778	702	564	467	586	699	371	503	386	481	504	587	738	684	778	442	377	637	446	372	389	0	601	597	702	521	515	480	338	665	693	304	
422	371	396	397	419	348	610	314	361	657	756	683	344	422	332	459	497	563	310	441	520	592	794	725	416	399	540	387	480	593	601	0	646	680	531	458	700	330	364	644	610	
502	381	342	357	377	607	432	300	316	566	745	509	516	702	732	661	761	569	607	653	309	556	636	449	307	348	480	311	532	682	597	646	0	755	551	771	725	776	550	470	398	
666	321	370	488	599	716	531	698	383	488	588	501	591	364	755	406	587	686	304	309	302	740	458	635	686	557	796	355	444	582	702	680	755	0	456	737	340	419	730	674	399	
541	410	357	359	705	633	567	404	495	498	336	494	459	764	506	799	714	584	606	546	530	570	435	744	425	429	374	345	783	554	521	531	551	456	0	687	768	758	660	561	712	
610	760	405	582	336	789	605	559	721	439	664	303	332	733	449	460	378	364	695	632	438	746	753	689	385	583	622	553	323	313	515	458	771	737	687	0	677	453	733	463	768	
392	476	518	758	765	687	311	361	460	323	571	563	560	642	307	606	746	598	485	322	732	401	540	615	694	588	629	707	377	766	480	700	725	340	768	677	0	595	332	554	468	
473	664	377	501	768	574	580	797	369	555	562	613	357	711	554	303	665	370	598	557	373	512	669	645	442	645	673	507	471	733	338	330	776	419	758	453	595	0	336	750	564	
661	319	563	721	583	310	417	520	375	399	724	719	325	544	477	359	710	567	387	596	383	700	649	614	414	572	750	407	358	420	665	364	550	730	660	733	332	336	0	621	708	
479	642	418	446	662	415	797	572	349	733	580	515	513	742	417	774	402	554	764	315	610	770	581	379	673	333	322	575	607	323	693	644	470	674	561	463	554	750	621	0	752	
796	719	567	668	525	689	698	767	536	620	446	759	459	613	357	783	329	339	715	678	658	639	546	723	541	456	744	439	633	643	304	610	398	399	712	768	468	564	708	752	0	
etats
Id_Station	Poids W	Min (P)	WSPT	Priorité	
1	7	302	33,56	1	
2	5	307	34,11	2	
3	1	308	34,22	3	
4	4	310	34,44	4	
5	6	319	35,44	5	
6	9	301	37,63	6	
7	4	346	38,44	7	
8	1	329	47,00	8	
9	8	301	50,17	9	
10	8	307	51,17	10	
11	1	316	52,67	11	
12	7	334	55,67	12	
13	2	341	56,83	13	
14	2	307	61,40	14	
15	2	309	61,80	15	
16	2	309	61,80	16	
17	7	310	62,00	17	
18	9	310	62,00	18	
19	7	312	62,40	19	
20	8	318	63,60	20	
21	1	323	64,60	21	
22	9	302	75,50	22	
23	8	302	75,50	23	
24	4	310	77,50	24	
25	8	314	78,50	25	
26	1	315	78,75	26	
27	1	315	78,75	27	
28	9	307	102,33	28	
29	7	308	102,67	29	
30	3	327	109,00	30	
31	6	312	156,00	31	
32	9	317	158,50	32	
33	4	330	165,00	33	
34	7	342	171,00	34	
35	8	305	305,00	35	
36	4	305	305,00	36	
37	1	315	315,00	37	
38	1	315	315,00	38	
39	6	316	316,00	39	
40	1	318	318,00	40	

