distances
0	737	674	674	369	796	648	371	316	662	658	604	468	522	545	576	756	332	428	583	779	345	697	544	615	741	531	302	706	612	432	742	673	472	795	394	696	354	599	357	572	
737	0	303	662	641	560	386	673	637	341	641	300	582	555	672	500	534	377	373	376	520	661	347	682	454	359	673	580	613	704	788	448	662	555	311	377	796	412	350	691	738	
674	303	0	754	654	396	527	383	760	432	663	334	694	690	517	446	731	709	319	611	332	699	786	644	575	551	600	487	325	522	559	580	472	695	368	680	643	343	638	660	497	
674	662	754	0	779	628	722	648	785	532	626	716	586	342	773	578	532	380	432	444	448	534	511	610	335	405	661	403	404	560	703	375	752	460	610	599	537	742	784	363	388	
369	641	654	779	0	568	733	649	551	688	738	470	663	681	549	519	310	438	424	513	369	465	304	641	610	638	647	546	746	560	372	440	749	679	382	440	632	637	625	327	552	
796	560	396	628	568	0	318	707	715	353	683	733	394	735	389	606	555	390	356	631	522	490	538	540	683	610	447	566	384	605	596	467	506	404	402	359	598	420	602	375	512	
648	386	527	722	733	318	0	584	700	682	420	426	465	579	655	797	762	311	371	688	621	396	442	408	421	736	788	387	680	643	390	603	395	603	551	473	432	583	542	566	666	
371	673	383	648	649	707	584	0	374	581	341	679	453	314	361	354	575	657	645	417	770	414	562	447	632	536	651	530	452	745	466	541	364	433	570	659	507	769	370	392	614	
316	637	760	785	551	715	700	374	0	538	378	540	428	730	623	516	435	518	378	660	511	380	564	728	555	603	373	748	339	375	401	792	656	638	696	301	706	429	749	594	573	
662	341	432	532	688	353	682	581	538	0	491	635	638	739	698	478	409	584	345	377	352	564	786	645	680	456	600	780	471	603	630	456	338	560	455	471	569	634	305	318	374	
658	641	663	626	738	683	420	341	378	491	0	667	506	511	529	768	791	663	635	576	746	729	462	619	758	469	679	402	681	391	437	511	311	541	776	764	543	401	524	450	636	
604	300	334	716	470	733	426	679	540	635	667	0	467	320	495	773	391	477	731	694	642	444	350	764	739	367	519	563	360	693	694	404	603	628	779	323	444	607	607	678	477	
468	582	694	586	663	394	465	453	428	638	506	467	0	467	307	513	611	352	442	603	762	647	446	393	565	700	654	630	410	550	536	550	705	401	428	309	681	360	527	349	517	
522	555	690	342	681	735	579	314	730	739	511	320	467	0	452	702	742	626	600	588	623	621	506	629	386	660	586	598	487	741	766	689	348	694	434	764	452	327	510	696	758	
545	672	517	773	549	389	655	361	623	698	529	495	307	452	0	798	399	315	428	644	612	406	611	325	380	392	352	621	363	678	742	584	339	569	602	680	537	599	609	568	798	
576	500	446	578	519	606	797	354	516	478	768	773	513	702	798	0	350	683	404	604	710	535	337	730	487	586	460	532	316	421	320	538	340	777	402	455	719	565	364	434	384	
756	534	731	532	310	555	762	575	435	409	791	391	611	742	399	350	0	652	335	700	341	750	502	737	674	315	343	765	360	754	777	469	513	513	596	356	752	696	356	583	420	
332	377	709	380	438	390	311	657	518	584	663	477	352	626	315	683	652	0	609	362	415	318	644	440	394	418	414	405	483	752	406	317	312	436	616	552	739	550	673	651	396	
428	373	319	432	424	356	371	645	378	345	635	731	442	600	428	404	335	609	0	754	523	410	454	620	429	696	582	309	615	512	512	718	356	339	605	586	742	663	648	430	712	
583	376	611	444	513	631	688	417	660	377	576	694	603	588	644	604	700	362	754	0	610	790	509	737	678	414	722	798	625	493	420	423	304	446	596	356	776	658	360	587	466	
779	520	332	448	369	522	621	770	511	352	746	642	762	623	612	710	341	415	523	610	0	616	488	789	696	669	322	524	788	782	552	466	721	659	630	699	334	375	360	452	764	
345	661	699	534	465	490	396	414	380	564	729	444	647	621	406	535	750	318	410	790	616	0	629	648	506	345	441	426	472	791	551	524	720	525	553	366	720	359	499	694	664	
697	347	786	511	304	538	442	562	564	786	462	350	446	506	611	337	502	644	454	509	488	629	0	419	779	422	367	376	501	558	435	689	575	662	784	445	390	686	761	617	348	
544	682	644	610	641	540	408	447	728	645	619	764	393	629	325	730	737	440	620	737	789	648	419	0	770	479	754	312	427	682	432	536	709	458	537	528	399	325	338	731	344	
615	454	575	335	610	683	421	632	555	680	758	739	565	386	380	487	674	394	429	678	696	506	779	770	0	527	570	564	300	420	793	407	585	570	356	301	526	637	691	629	606	
741	359	551	405	638	610	736	536	603	456	469	367	700	660	392	586	315	418	696	414	669	345	422	479	527	0	334	380	543	403	690	526	387	552	490	570	412	687	391	555	514	
531	673	600	661	647	447	788	651	373	600	679	519	654	586	352	460	343	414	582	722	322	441	367	754	570	334	0	352	797	647	317	651	715	426	752	642	496	520	404	646	682	
302	580	487	403	546	566	387	530	748	780	402	563	630	598	621	532	765	405	309	798	524	426	376	312	564	380	352	0	512	710	561	706	466	486	604	730	550	500	302	342	316	
706	613	325	404	746	384	680	452	339	471	681	360	410	487	363	316	360	483	615	625	788	472	501	427	300	543	797	512	0	749	324	553	790	542	649	429	436	368	727	697	663	
612	704	522	560	560	605	643	745	375	603	391	693	550	741	678	421	754	752	512	493	782	791	558	682	420	403	647	710	749	0	773	415	403	609	780	365	641	348	640	538	729	
432	788	559	703	372	596	390	466	401	630	437	694	536	766	742	320	777	406	512	420	552	551	435	432	793	690	317	561	324	773	0	630	444	769	455	361	719	511	676	468	707	
742	448	580	375	440	467	603	541	792	456	511	404	550	689	584	538	469	317	718	423	466	524	689	536	407	526	651	706	553	415	630	0	325	677	691	414	573	507	332	348	341	
673	662	472	752	749	506	395	364	656	338	311	603	705	348	339	340	513	312	356	304	721	720	575	709	585	387	715	466	790	403	444	325	0	595	692	542	579	751	371	553	655	
472	555	695	460	679	404	603	433	638	560	541	628	401	694	569	777	513	436	339	446	659	525	662	458	570	552	426	486	542	609	769	677	595	0	302	734	339	777	573	642	611	
795	311	368	610	382	402	551	570	696	455	776	779	428	434	602	402	596	616	605	596	630	553	784	537	356	490	752	604	649	780	455	691	692	302	0	482	727	735	407	736	326	
394	377	680	599	440	359	473	659	301	471	764	323	309	764	680	455	356	552	586	356	699	366	445	528	301	570	642	730	429	365	361	414	542	734	482	0	789	524	374	626	777	
696	796	643	537	632	598	432	507	706	569	543	444	681	452	537	719	752	739	742	776	334	720	390	399	526	412	496	550	436	641	719	573	579	339	727	789	0	482	770	504	549	
354	412	343	742	637	420	583	769	429	634	401	607	360	327	599	565	696	550	663	658	375	359	686	325	637	687	520	500	368	348	511	507	751	777	735	524	482	0	427	310	410	
599	350	638	784	625	602	542	370	749	305	524	607	527	510	609	364	356	673	648	360	360	499	761	338	691	391	404	302	727	640	676	332	371	573	407	374	770	427	0	623	704	
357	691	660	363	327	375	566	392	594	318	450	678	349	696	568	434	583	651	430	587	452	694	617	731	629	555	646	342	697	538	468	348	553	642	736	626	504	310	623	0	449	
572	738	497	388	552	512	666	614	573	374	636	477	517	758	798	384	420	396	712	466	764	664	348	344	606	514	682	316	663	729	707	341	655	611	326	777	549	410	704	449	0	
etats
Id_Station	Poids W	Min (P)	WSPT	Priorité	
1	6	321	35,67	1	
2	1	335	37,22	2	
3	4	300	37,50	3	
4	1	301	37,63	4	
5	8	302	37,75	5	
6	7	303	37,88	6	
7	1	304	38,00	7	
8	2	312	39,00	8	
9	8	303	43,29	9	
10	1	307	43,86	10	
11	3	308	44,00	11	
12	5	308	51,33	12	
13	2	310	51,67	13	
14	6	322	53,67	14	
15	3	327	54,50	15	
16	5	334	55,67	16	
17	9	309	61,80	17	
18	1	319	63,80	18	
19	6	306	76,50	19	
20	7	316	79,00	20	
21	6	337	84,25	21	
22	7	312	104,00	22	
23	1	325	108,33	23	
24	9	330	110,00	24	
25	5	305	152,50	25	
26	8	313	156,50	26	
27	1	330	165,00	27	
28	1	300	300,00	28	
29	4	301	301,00	29	
30	2	302	302,00	30	
31	4	304	304,00	31	
32	8	305	305,00	32	
33	7	306	306,00	33	
34	1	309	309,00	34	
35	6	309	309,00	35	
36	8	310	310,00	36	
37	1	314	314,00	37	
38	4	315	315,00	38	
39	1	317	317,00	39	
40	7	334	334,00	40	

