distances
0	408	442	680	732	484	336	729	715	504	587	596	639	560	575	414	521	655	445	685	651	351	571	384	375	710	588	676	746	483	574	738	327	370	554	477	723	405	435	414	367	
408	0	693	650	355	619	379	574	773	300	676	393	515	638	627	641	574	723	568	662	419	333	724	330	513	493	748	308	592	739	672	690	525	419	386	734	564	764	423	689	701	
442	693	0	502	601	532	600	579	541	690	717	307	457	643	305	383	607	670	610	501	394	673	300	327	779	351	782	638	566	350	354	393	458	405	357	561	611	501	465	407	344	
680	650	502	0	794	665	636	613	325	698	780	761	639	416	608	485	494	567	486	663	303	503	412	714	494	667	788	765	706	772	766	642	645	656	495	501	541	404	340	421	669	
732	355	601	794	0	569	498	444	497	682	719	597	503	552	318	616	775	375	337	652	510	383	534	480	718	362	627	464	585	547	648	602	594	733	795	632	781	330	750	660	303	
484	619	532	665	569	0	400	369	309	666	538	707	728	706	708	310	330	775	375	710	413	709	411	555	307	616	380	365	726	377	411	579	421	763	349	780	473	319	561	497	600	
336	379	600	636	498	400	0	686	544	627	765	499	696	694	576	358	305	533	673	500	781	788	541	566	595	632	492	358	441	720	603	622	484	582	349	490	399	380	447	368	452	
729	574	579	613	444	369	686	0	703	775	438	339	556	795	350	502	590	406	395	342	788	511	772	576	458	521	614	411	793	590	374	619	355	439	364	472	549	626	446	323	791	
715	773	541	325	497	309	544	703	0	430	627	499	643	454	794	531	322	301	615	727	523	619	635	413	375	509	462	776	372	583	420	745	486	703	473	367	487	750	541	474	634	
504	300	690	698	682	666	627	775	430	0	555	727	607	460	765	565	370	664	600	648	543	336	474	698	505	557	392	531	770	332	514	480	626	564	303	676	566	340	497	681	394	
587	676	717	780	719	538	765	438	627	555	0	300	634	417	755	678	709	543	660	499	702	418	309	696	476	701	376	724	731	317	642	534	643	487	425	780	531	341	597	762	622	
596	393	307	761	597	707	499	339	499	727	300	0	611	381	407	771	523	599	559	734	619	749	627	551	577	374	317	779	736	300	575	698	574	749	320	602	693	549	776	753	774	
639	515	457	639	503	728	696	556	643	607	634	611	0	724	615	408	427	441	514	348	680	389	536	482	781	693	454	479	348	507	333	623	740	351	680	631	454	743	550	548	409	
560	638	643	416	552	706	694	795	454	460	417	381	724	0	618	454	458	634	689	713	421	306	755	604	346	695	391	788	408	419	649	445	629	397	388	350	328	662	349	581	730	
575	627	305	608	318	708	576	350	794	765	755	407	615	618	0	448	778	694	594	648	466	402	476	411	759	722	469	323	697	766	663	675	458	696	691	595	677	319	375	636	442	
414	641	383	485	616	310	358	502	531	565	678	771	408	454	448	0	359	445	517	347	635	440	535	456	611	581	568	443	439	547	468	504	747	596	330	593	411	483	339	352	593	
521	574	607	494	775	330	305	590	322	370	709	523	427	458	778	359	0	424	335	313	442	652	307	731	618	422	755	332	578	758	699	309	741	301	480	717	700	565	478	508	355	
655	723	670	567	375	775	533	406	301	664	543	599	441	634	694	445	424	0	688	637	371	759	531	363	748	480	355	683	627	508	687	415	698	648	769	470	451	382	580	563	449	
445	568	610	486	337	375	673	395	615	600	660	559	514	689	594	517	335	688	0	641	355	781	308	744	391	741	519	448	484	442	798	327	558	332	588	529	795	482	687	793	400	
685	662	501	663	652	710	500	342	727	648	499	734	348	713	648	347	313	637	641	0	388	321	650	489	698	323	306	739	372	535	442	616	338	648	566	400	304	440	710	502	343	
651	419	394	303	510	413	781	788	523	543	702	619	680	421	466	635	442	371	355	388	0	466	623	417	326	644	360	441	417	472	400	330	391	741	499	786	326	549	368	732	499	
351	333	673	503	383	709	788	511	619	336	418	749	389	306	402	440	652	759	781	321	466	0	423	435	317	481	611	388	553	653	767	505	387	317	786	437	746	631	482	325	543	
571	724	300	412	534	411	541	772	635	474	309	627	536	755	476	535	307	531	308	650	623	423	0	401	528	486	799	689	414	607	324	498	646	621	597	705	689	699	518	476	664	
384	330	327	714	480	555	566	576	413	698	696	551	482	604	411	456	731	363	744	489	417	435	401	0	325	594	504	707	386	667	706	411	717	654	377	455	764	391	621	547	579	
375	513	779	494	718	307	595	458	375	505	476	577	781	346	759	611	618	748	391	698	326	317	528	325	0	382	659	719	433	502	533	636	746	340	467	678	706	427	784	613	478	
710	493	351	667	362	616	632	521	509	557	701	374	693	695	722	581	422	480	741	323	644	481	486	594	382	0	477	343	658	624	434	428	430	462	406	678	506	339	641	428	545	
588	748	782	788	627	380	492	614	462	392	376	317	454	391	469	568	755	355	519	306	360	611	799	504	659	477	0	478	797	774	344	551	411	606	492	592	390	393	776	698	695	
676	308	638	765	464	365	358	411	776	531	724	779	479	788	323	443	332	683	448	739	441	388	689	707	719	343	478	0	799	540	580	634	703	377	341	593	731	507	349	590	397	
746	592	566	706	585	726	441	793	372	770	731	736	348	408	697	439	578	627	484	372	417	553	414	386	433	658	797	799	0	791	369	486	650	395	727	425	401	680	718	334	415	
483	739	350	772	547	377	720	590	583	332	317	300	507	419	766	547	758	508	442	535	472	653	607	667	502	624	774	540	791	0	684	502	682	752	486	789	419	467	416	731	673	
574	672	354	766	648	411	603	374	420	514	642	575	333	649	663	468	699	687	798	442	400	767	324	706	533	434	344	580	369	684	0	692	622	446	401	579	580	474	762	474	562	
738	690	393	642	602	579	622	619	745	480	534	698	623	445	675	504	309	415	327	616	330	505	498	411	636	428	551	634	486	502	692	0	732	467	340	730	600	690	614	792	683	
327	525	458	645	594	421	484	355	486	626	643	574	740	629	458	747	741	698	558	338	391	387	646	717	746	430	411	703	650	682	622	732	0	626	426	449	795	723	595	345	346	
370	419	405	656	733	763	582	439	703	564	487	749	351	397	696	596	301	648	332	648	741	317	621	654	340	462	606	377	395	752	446	467	626	0	516	349	622	303	328	709	471	
554	386	357	495	795	349	349	364	473	303	425	320	680	388	691	330	480	769	588	566	499	786	597	377	467	406	492	341	727	486	401	340	426	516	0	523	775	677	344	545	330	
477	734	561	501	632	780	490	472	367	676	780	602	631	350	595	593	717	470	529	400	786	437	705	455	678	678	592	593	425	789	579	730	449	349	523	0	662	759	511	497	770	
723	564	611	541	781	473	399	549	487	566	531	693	454	328	677	411	700	451	795	304	326	746	689	764	706	506	390	731	401	419	580	600	795	622	775	662	0	507	533	665	442	
405	764	501	404	330	319	380	626	750	340	341	549	743	662	319	483	565	382	482	440	549	631	699	391	427	339	393	507	680	467	474	690	723	303	677	759	507	0	324	463	633	
435	423	465	340	750	561	447	446	541	497	597	776	550	349	375	339	478	580	687	710	368	482	518	621	784	641	776	349	718	416	762	614	595	328	344	511	533	324	0	402	759	
414	689	407	421	660	497	368	323	474	681	762	753	548	581	636	352	508	563	793	502	732	325	476	547	613	428	698	590	334	731	474	792	345	709	545	497	665	463	402	0	465	
367	701	344	669	303	600	452	791	634	394	622	774	409	730	442	593	355	449	400	343	499	543	664	579	478	545	695	397	415	673	562	683	346	471	330	770	442	633	759	465	0	
etats
Id_Station	Poids W	Min (P)	WSPT	Priorité	
1	1	307	34,11	1	
2	2	307	34,11	2	
3	3	300	37,50	3	
4	4	302	37,75	4	
5	2	302	37,75	5	
6	6	304	38,00	6	
7	1	300	42,86	7	
8	8	300	42,86	8	
9	4	312	44,57	9	
10	3	301	50,17	10	
11	1	306	51,00	11	
12	6	307	51,17	12	
13	4	345	57,50	13	
14	1	305	61,00	14	
15	2	305	61,00	15	
16	1	318	63,60	16	
17	5	331	66,20	17	
18	4	332	66,40	18	
19	8	300	75,00	19	
20	1	301	75,25	20	
21	7	303	75,75	21	
22	7	304	76,00	22	
23	2	312	78,00	23	
24	5	313	78,25	24	
25	1	337	84,25	25	
26	4	301	100,33	26	
27	7	302	100,67	27	
28	2	302	100,67	28	
29	1	306	102,00	29	
30	5	307	102,33	30	
31	4	301	150,50	31	
32	1	302	151,00	32	
33	4	310	155,00	33	
34	8	302	302,00	34	
35	5	305	305,00	35	
36	5	306	306,00	36	
37	8	311	311,00	37	
38	4	313	313,00	38	
39	5	316	316,00	39	
40	7	324	324,00	40	

