distances
0	682	619	417	467	468	678	690	401	382	650	416	477	316	442	385	307	632	372	687	340	640	580	436	731	648	775	481	624	422	753	442	694	725	514	548	500	551	340	323	479	
682	0	797	442	606	717	717	363	429	452	601	604	553	543	505	337	799	605	674	419	614	619	303	702	524	613	674	607	556	657	607	402	441	545	307	634	369	791	658	748	341	
619	797	0	760	449	650	745	631	335	788	482	389	521	666	385	394	620	707	397	754	512	545	396	362	550	764	604	657	360	426	592	336	418	431	760	447	784	767	503	448	341	
417	442	760	0	612	421	651	705	741	493	348	769	495	377	588	319	409	350	711	535	529	707	605	489	590	566	477	766	355	798	586	413	735	707	736	419	756	404	317	486	571	
467	606	449	612	0	601	731	522	413	319	452	345	704	798	611	313	406	629	737	361	504	370	707	721	532	537	568	692	739	539	415	375	744	635	488	527	373	696	508	365	440	
468	717	650	421	601	0	421	535	428	797	692	375	575	622	705	547	557	696	748	361	311	499	548	476	388	333	654	779	369	729	388	529	766	510	625	524	705	383	737	717	388	
678	717	745	651	731	421	0	502	389	340	763	411	793	630	586	350	322	537	732	742	540	460	538	561	570	799	706	646	356	539	746	787	447	450	481	587	653	451	594	726	409	
690	363	631	705	522	535	502	0	412	752	404	388	404	550	677	355	343	694	305	535	338	663	406	651	630	555	640	549	397	638	338	625	763	496	543	649	577	358	798	423	689	
401	429	335	741	413	428	389	412	0	368	557	646	442	409	341	308	486	396	499	668	767	668	517	559	466	537	615	397	491	310	526	478	670	515	489	311	495	371	390	791	310	
382	452	788	493	319	797	340	752	368	0	329	438	378	744	447	356	342	369	649	451	536	305	641	554	388	480	664	406	498	378	575	612	626	392	409	637	407	489	768	373	329	
650	601	482	348	452	692	763	404	557	329	0	682	324	481	548	558	727	638	597	627	792	359	438	463	742	400	535	441	713	517	356	745	506	356	674	634	494	563	531	628	682	
416	604	389	769	345	375	411	388	646	438	682	0	397	787	645	346	776	633	406	739	475	509	733	757	535	634	532	736	385	527	749	579	772	790	565	636	598	536	713	797	680	
477	553	521	495	704	575	793	404	442	378	324	397	0	418	522	386	539	468	695	370	544	598	503	304	681	511	546	627	714	549	572	659	594	304	507	320	595	532	782	506	793	
316	543	666	377	798	622	630	550	409	744	481	787	418	0	639	346	621	717	613	353	623	709	501	526	365	513	490	351	509	521	529	604	674	676	531	459	678	693	381	524	416	
442	505	385	588	611	705	586	677	341	447	548	645	522	639	0	658	689	597	332	390	507	309	691	743	318	468	789	717	359	477	670	799	732	556	603	470	467	500	726	308	748	
385	337	394	319	313	547	350	355	308	356	558	346	386	346	658	0	714	544	688	312	501	337	542	488	361	453	786	695	343	367	697	639	461	533	618	654	490	424	339	790	629	
307	799	620	409	406	557	322	343	486	342	727	776	539	621	689	714	0	619	754	447	648	673	551	561	336	723	329	764	657	346	735	501	510	757	432	496	405	475	654	686	560	
632	605	707	350	629	696	537	694	396	369	638	633	468	717	597	544	619	0	574	385	647	364	379	354	494	766	705	360	642	411	569	303	527	356	506	413	488	377	624	388	601	
372	674	397	711	737	748	732	305	499	649	597	406	695	613	332	688	754	574	0	528	350	316	792	326	398	633	356	549	594	624	317	463	478	483	475	606	708	670	343	457	545	
687	419	754	535	361	361	742	535	668	451	627	739	370	353	390	312	447	385	528	0	381	536	551	369	759	459	320	709	777	527	726	490	719	360	583	308	719	479	433	490	565	
340	614	512	529	504	311	540	338	767	536	792	475	544	623	507	501	648	647	350	381	0	506	514	560	573	606	735	592	312	389	346	307	568	481	670	712	775	692	489	771	592	
640	619	545	707	370	499	460	663	668	305	359	509	598	709	309	337	673	364	316	536	506	0	472	559	351	669	682	359	572	377	640	321	596	391	366	606	709	496	689	720	467	
580	303	396	605	707	548	538	406	517	641	438	733	503	501	691	542	551	379	792	551	514	472	0	745	391	543	360	587	678	498	487	354	568	696	772	712	399	391	794	488	330	
436	702	362	489	721	476	561	651	559	554	463	757	304	526	743	488	561	354	326	369	560	559	745	0	509	669	543	413	393	497	664	687	392	467	734	369	533	306	567	591	440	
731	524	550	590	532	388	570	630	466	388	742	535	681	365	318	361	336	494	398	759	573	351	391	509	0	670	363	675	600	572	359	641	333	359	310	639	421	419	705	340	593	
648	613	764	566	537	333	799	555	537	480	400	634	511	513	468	453	723	766	633	459	606	669	543	669	670	0	711	705	559	643	368	715	671	615	631	394	415	781	668	352	587	
775	674	604	477	568	654	706	640	615	664	535	532	546	490	789	786	329	705	356	320	735	682	360	543	363	711	0	622	439	721	411	781	698	549	607	534	543	492	731	554	350	
481	607	657	766	692	779	646	549	397	406	441	736	627	351	717	695	764	360	549	709	592	359	587	413	675	705	622	0	356	752	524	404	687	371	696	320	476	432	469	542	729	
624	556	360	355	739	369	356	397	491	498	713	385	714	509	359	343	657	642	594	777	312	572	678	393	600	559	439	356	0	595	637	634	763	617	426	452	412	329	433	745	460	
422	657	426	798	539	729	539	638	310	378	517	527	549	521	477	367	346	411	624	527	389	377	498	497	572	643	721	752	595	0	619	781	352	572	361	349	497	390	797	568	303	
753	607	592	586	415	388	746	338	526	575	356	749	572	529	670	697	735	569	317	726	346	640	487	664	359	368	411	524	637	619	0	512	603	587	719	378	732	401	766	359	338	
442	402	336	413	375	529	787	625	478	612	745	579	659	604	799	639	501	303	463	490	307	321	354	687	641	715	781	404	634	781	512	0	340	652	387	358	759	312	377	626	754	
694	441	418	735	744	766	447	763	670	626	506	772	594	674	732	461	510	527	478	719	568	596	568	392	333	671	698	687	763	352	603	340	0	313	495	638	735	621	634	310	759	
725	545	431	707	635	510	450	496	515	392	356	790	304	676	556	533	757	356	483	360	481	391	696	467	359	615	549	371	617	572	587	652	313	0	721	552	330	569	389	507	612	
514	307	760	736	488	625	481	543	489	409	674	565	507	531	603	618	432	506	475	583	670	366	772	734	310	631	607	696	426	361	719	387	495	721	0	770	705	565	443	515	495	
548	634	447	419	527	524	587	649	311	637	634	636	320	459	470	654	496	413	606	308	712	606	712	369	639	394	534	320	452	349	378	358	638	552	770	0	354	395	559	699	505	
500	369	784	756	373	705	653	577	495	407	494	598	595	678	467	490	405	488	708	719	775	709	399	533	421	415	543	476	412	497	732	759	735	330	705	354	0	580	576	657	301	
551	791	767	404	696	383	451	358	371	489	563	536	532	693	500	424	475	377	670	479	692	496	391	306	419	781	492	432	329	390	401	312	621	569	565	395	580	0	650	531	793	
340	658	503	317	508	737	594	798	390	768	531	713	782	381	726	339	654	624	343	433	489	689	794	567	705	668	731	469	433	797	766	377	634	389	443	559	576	650	0	312	529	
323	748	448	486	365	717	726	423	791	373	628	797	506	524	308	790	686	388	457	490	771	720	488	591	340	352	554	542	745	568	359	626	310	507	515	699	657	531	312	0	312	
479	341	341	571	440	388	409	689	310	329	682	680	793	416	748	629	560	601	545	565	592	467	330	440	593	587	350	729	460	303	338	754	759	612	495	505	301	793	529	312	0	
etats
Id_Station	Poids W	Min (P)	WSPT	Priorité	
1	9	301	37,63	1	
2	1	303	37,88	2	
3	5	303	37,88	3	
4	6	304	38,00	4	
5	9	300	42,86	5	
6	1	303	43,29	6	
7	1	306	43,71	7	
8	1	308	44,00	8	
9	3	305	50,83	9	
10	5	333	55,50	10	
11	8	301	60,20	11	
12	7	304	60,80	12	
13	1	307	61,40	13	
14	9	323	64,60	14	
15	3	324	64,80	15	
16	6	349	69,80	16	
17	1	300	75,00	17	
18	1	301	75,25	18	
19	5	303	75,75	19	
20	8	306	76,50	20	
21	3	306	76,50	21	
22	1	308	77,00	22	
23	6	309	77,25	23	
24	7	324	81,00	24	
25	6	300	100,00	25	
26	7	303	101,00	26	
27	6	300	150,00	27	
28	3	307	153,50	28	
29	1	310	155,00	29	
30	2	325	162,50	30	
31	9	334	167,00	31	
32	1	300	300,00	32	
33	5	300	300,00	33	
34	1	300	300,00	34	
35	8	301	301,00	35	
36	1	303	303,00	36	
37	3	305	305,00	37	
38	5	323	323,00	38	
39	3	323	323,00	39	
40	8	327	327,00	40	
