distances
0	456	491	546	301	377	673	511	717	540	682	554	576	482	406	736	692	759	538	672	577	314	699	634	758	765	709	596	363	609	762	394	343	799	666	392	649	495	754	430	697	
456	0	575	572	546	663	468	636	424	737	563	344	304	609	351	331	407	370	588	316	512	304	404	337	774	770	790	554	567	646	590	797	658	643	584	574	797	443	481	576	370	
491	575	0	417	620	484	661	752	398	488	305	526	777	741	555	519	701	609	336	716	338	495	754	798	318	620	325	714	610	474	787	644	375	475	306	531	500	620	636	503	474	
546	572	417	0	426	382	671	394	780	632	401	681	607	757	445	577	429	776	535	524	703	600	677	635	544	374	571	727	531	678	306	305	401	376	549	735	794	307	352	792	378	
301	546	620	426	0	588	513	578	712	773	617	378	343	703	371	796	656	457	574	571	669	706	585	486	631	605	691	638	444	382	510	694	490	477	741	591	583	300	444	393	497	
377	663	484	382	588	0	585	773	406	693	521	319	726	779	678	784	316	325	340	580	600	692	614	742	525	484	429	798	741	687	444	593	506	642	680	715	522	760	301	535	420	
673	468	661	671	513	585	0	685	655	521	302	569	394	785	723	442	342	475	737	453	587	380	669	365	450	751	359	364	540	413	316	445	679	709	372	525	358	315	729	310	750	
511	636	752	394	578	773	685	0	694	332	453	733	398	536	671	689	733	530	353	731	477	545	504	541	569	404	433	511	705	451	735	619	706	707	582	542	423	378	393	615	476	
717	424	398	780	712	406	655	694	0	361	670	435	591	471	799	728	564	413	369	701	689	327	715	529	574	325	406	469	420	701	333	447	345	615	650	407	525	752	313	600	745	
540	737	488	632	773	693	521	332	361	0	793	324	504	430	659	469	767	407	624	512	770	549	597	681	364	476	328	503	477	597	784	685	399	695	549	787	501	535	641	798	796	
682	563	305	401	617	521	302	453	670	793	0	428	760	498	315	719	471	323	630	325	764	768	392	536	441	419	770	420	483	430	603	726	487	333	669	757	590	458	364	338	780	
554	344	526	681	378	319	569	733	435	324	428	0	431	673	369	600	393	430	705	572	385	677	558	392	428	630	307	657	695	514	759	700	549	508	489	521	355	470	532	590	414	
576	304	777	607	343	726	394	398	591	504	760	431	0	708	447	366	640	564	440	441	632	658	385	677	396	765	437	449	721	570	608	325	607	658	453	559	506	602	435	466	739	
482	609	741	757	703	779	785	536	471	430	498	673	708	0	740	440	443	345	506	478	350	711	685	628	391	608	730	441	611	380	371	712	413	654	642	485	547	566	485	630	683	
406	351	555	445	371	678	723	671	799	659	315	369	447	740	0	496	463	478	630	691	458	302	514	414	490	337	309	472	316	308	562	350	403	391	537	402	409	516	656	742	711	
736	331	519	577	796	784	442	689	728	469	719	600	366	440	496	0	365	581	362	436	479	556	492	513	577	579	439	583	791	306	595	782	539	742	680	549	354	598	509	771	787	
692	407	701	429	656	316	342	733	564	767	471	393	640	443	463	365	0	502	728	775	392	759	585	527	638	569	679	781	340	303	317	419	320	578	599	685	344	669	795	684	386	
759	370	609	776	457	325	475	530	413	407	323	430	564	345	478	581	502	0	475	643	514	574	358	349	337	622	636	596	763	608	415	311	379	769	392	373	313	422	336	317	629	
538	588	336	535	574	340	737	353	369	624	630	705	440	506	630	362	728	475	0	409	406	775	692	788	389	741	442	301	408	373	634	733	355	352	436	740	509	313	551	378	700	
672	316	716	524	571	580	453	731	701	512	325	572	441	478	691	436	775	643	409	0	380	653	736	423	397	302	318	317	732	347	537	625	662	668	457	752	702	573	651	325	385	
577	512	338	703	669	600	587	477	689	770	764	385	632	350	458	479	392	514	406	380	0	362	728	584	331	741	334	462	674	611	694	543	385	759	653	521	408	535	609	702	629	
314	304	495	600	706	692	380	545	327	549	768	677	658	711	302	556	759	574	775	653	362	0	691	383	564	314	414	344	494	773	426	562	674	365	626	567	572	359	695	709	490	
699	404	754	677	585	614	669	504	715	597	392	558	385	685	514	492	585	358	692	736	728	691	0	759	762	780	343	768	544	300	639	388	679	611	464	767	593	718	745	466	370	
634	337	798	635	486	742	365	541	529	681	536	392	677	628	414	513	527	349	788	423	584	383	759	0	564	767	607	553	340	628	439	495	480	763	600	777	393	786	431	384	511	
758	774	318	544	631	525	450	569	574	364	441	428	396	391	490	577	638	337	389	397	331	564	762	564	0	441	647	786	652	751	397	439	778	333	788	564	659	746	442	373	422	
765	770	620	374	605	484	751	404	325	476	419	630	765	608	337	579	569	622	741	302	741	314	780	767	441	0	389	573	583	542	342	735	532	713	440	494	751	466	786	468	387	
709	790	325	571	691	429	359	433	406	328	770	307	437	730	309	439	679	636	442	318	334	414	343	607	647	389	0	512	788	439	401	455	463	751	797	633	771	410	597	412	406	
596	554	714	727	638	798	364	511	469	503	420	657	449	441	472	583	781	596	301	317	462	344	768	553	786	573	512	0	603	439	748	560	396	453	725	658	357	708	378	557	631	
363	567	610	531	444	741	540	705	420	477	483	695	721	611	316	791	340	763	408	732	674	494	544	340	652	583	788	603	0	715	387	690	633	316	605	643	551	720	764	470	307	
609	646	474	678	382	687	413	451	701	597	430	514	570	380	308	306	303	608	373	347	611	773	300	628	751	542	439	439	715	0	425	755	472	427	603	639	595	451	729	664	592	
762	590	787	306	510	444	316	735	333	784	603	759	608	371	562	595	317	415	634	537	694	426	639	439	397	342	401	748	387	425	0	793	332	650	397	698	417	607	632	787	405	
394	797	644	305	694	593	445	619	447	685	726	700	325	712	350	782	419	311	733	625	543	562	388	495	439	735	455	560	690	755	793	0	503	440	476	484	424	604	604	703	782	
343	658	375	401	490	506	679	706	345	399	487	549	607	413	403	539	320	379	355	662	385	674	679	480	778	532	463	396	633	472	332	503	0	400	725	586	617	635	312	542	713	
799	643	475	376	477	642	709	707	615	695	333	508	658	654	391	742	578	769	352	668	759	365	611	763	333	713	751	453	316	427	650	440	400	0	373	343	521	747	440	711	678	
666	584	306	549	741	680	372	582	650	549	669	489	453	642	537	680	599	392	436	457	653	626	464	600	788	440	797	725	605	603	397	476	725	373	0	351	641	399	621	389	773	
392	574	531	735	591	715	525	542	407	787	757	521	559	485	402	549	685	373	740	752	521	567	767	777	564	494	633	658	643	639	698	484	586	343	351	0	433	763	777	312	625	
649	797	500	794	583	522	358	423	525	501	590	355	506	547	409	354	344	313	509	702	408	572	593	393	659	751	771	357	551	595	417	424	617	521	641	433	0	440	711	669	537	
495	443	620	307	300	760	315	378	752	535	458	470	602	566	516	598	669	422	313	573	535	359	718	786	746	466	410	708	720	451	607	604	635	747	399	763	440	0	366	550	482	
754	481	636	352	444	301	729	393	313	641	364	532	435	485	656	509	795	336	551	651	609	695	745	431	442	786	597	378	764	729	632	604	312	440	621	777	711	366	0	498	721	
430	576	503	792	393	535	310	615	600	798	338	590	466	630	742	771	684	317	378	325	702	709	466	384	373	468	412	557	470	664	787	703	542	711	389	312	669	550	498	0	430	
697	370	474	378	497	420	750	476	745	796	780	414	739	683	711	787	386	629	700	385	629	490	370	511	422	387	406	631	307	592	405	782	713	678	773	625	537	482	721	430	0	
etats
Id_Station	Poids W	Min (P)	WSPT	Priorité	
1	4				
2	5				
3	1				
4	7				
5	3				
6	8				
7	5				
8	1				
9	1				
10	3				
11	3				
12	8				
13	6				
14	1				
15	6				
16	4				
17	1				
18	2				
19	8				
20	5				
21	2				
22	8				
23	4				
24	5				
25	3				
26	9				
27	4				
28	9				
29	7				
30	1				
31	5				
32	7				
33	1				
34	3				
35	4				
36	4				
37	4				
38	6				
39	2				
40	6				

