distances
0	782	666	712	686	387	769	544	327	536	337	694	766	557	326	627	337	338	498	775	517	777	695	536	634	702	315	507	504	606	596	467	559	308	777	643	334	372	473	660	479	
782	0	361	387	529	365	633	467	495	723	646	791	493	724	602	544	486	515	537	778	385	551	348	423	658	618	416	496	566	506	550	432	464	481	304	429	530	746	320	702	565	
666	361	0	373	319	549	342	350	371	634	353	591	588	773	340	509	496	580	488	423	406	785	766	324	419	406	512	593	495	553	719	506	664	712	533	582	671	340	428	400	719	
712	387	373	0	305	655	704	302	509	780	565	305	638	686	685	539	736	556	368	697	461	612	492	689	660	654	483	305	386	513	609	589	396	355	493	563	421	661	588	495	727	
686	529	319	305	0	303	492	725	765	489	426	462	541	545	630	743	786	486	589	636	763	683	527	368	457	369	565	474	337	350	428	739	596	602	711	662	584	691	384	608	415	
387	365	549	655	303	0	470	456	763	412	589	654	557	729	768	358	367	517	638	685	404	487	419	373	441	472	503	770	549	601	393	612	424	514	701	721	466	551	506	416	423	
769	633	342	704	492	470	0	413	457	658	488	654	331	678	661	589	683	782	419	361	592	678	630	765	529	678	409	736	421	788	586	330	309	519	563	738	671	359	388	683	672	
544	467	350	302	725	456	413	0	348	697	474	609	778	788	409	477	392	335	654	559	444	691	601	682	309	343	540	794	636	766	351	378	637	404	328	581	529	607	768	594	691	
327	495	371	509	765	763	457	348	0	585	576	541	651	773	404	757	773	769	608	740	335	458	385	618	790	580	744	479	408	712	530	381	651	590	731	683	556	749	628	327	687	
536	723	634	780	489	412	658	697	585	0	727	564	411	301	525	644	732	614	674	574	544	466	709	415	516	686	327	457	557	445	383	374	636	611	705	367	747	531	405	444	325	
337	646	353	565	426	589	488	474	576	727	0	799	547	597	450	701	464	621	680	318	372	706	498	562	650	548	713	713	798	330	313	536	444	692	715	337	330	710	373	649	484	
694	791	591	305	462	654	654	609	541	564	799	0	413	679	543	502	389	454	647	711	443	581	788	580	747	386	596	738	630	622	715	778	432	308	570	392	561	723	532	350	406	
766	493	588	638	541	557	331	778	651	411	547	413	0	365	496	367	728	531	330	790	727	439	669	772	466	563	599	472	772	755	764	628	771	464	660	760	479	494	377	646	757	
557	724	773	686	545	729	678	788	773	301	597	679	365	0	515	668	656	499	734	310	700	372	425	322	644	327	357	326	696	585	443	770	589	437	735	696	343	505	588	407	417	
326	602	340	685	630	768	661	409	404	525	450	543	496	515	0	705	530	619	541	506	326	414	473	693	728	467	726	317	551	381	797	508	555	473	524	687	495	721	646	609	769	
627	544	509	539	743	358	589	477	757	644	701	502	367	668	705	0	571	300	481	721	695	472	433	794	751	792	561	694	550	743	724	633	405	416	575	653	727	508	747	588	644	
337	486	496	736	786	367	683	392	773	732	464	389	728	656	530	571	0	650	658	603	561	334	586	553	544	359	338	595	760	585	791	359	676	718	351	445	366	406	755	523	389	
338	515	580	556	486	517	782	335	769	614	621	454	531	499	619	300	650	0	626	540	753	663	398	400	735	420	707	629	650	672	646	410	348	320	627	697	697	722	740	404	731	
498	537	488	368	589	638	419	654	608	674	680	647	330	734	541	481	658	626	0	367	578	795	583	708	562	588	312	323	378	371	457	746	564	466	338	610	498	410	641	352	526	
775	778	423	697	636	685	361	559	740	574	318	711	790	310	506	721	603	540	367	0	492	670	661	420	562	564	675	318	786	352	729	573	398	740	680	510	501	690	427	358	603	
517	385	406	461	763	404	592	444	335	544	372	443	727	700	326	695	561	753	578	492	0	531	476	610	476	324	652	554	423	573	677	527	321	437	565	335	721	763	567	648	768	
777	551	785	612	683	487	678	691	458	466	706	581	439	372	414	472	334	663	795	670	531	0	496	605	392	742	655	533	545	505	696	363	699	583	712	451	374	433	569	699	692	
695	348	766	492	527	419	630	601	385	709	498	788	669	425	473	433	586	398	583	661	476	496	0	350	320	754	714	528	307	385	677	452	557	387	693	759	737	678	762	306	512	
536	423	324	689	368	373	765	682	618	415	562	580	772	322	693	794	553	400	708	420	610	605	350	0	569	330	325	416	662	689	483	534	588	360	797	431	376	697	601	553	747	
634	658	419	660	457	441	529	309	790	516	650	747	466	644	728	751	544	735	562	562	476	392	320	569	0	744	617	335	661	677	376	452	695	341	412	588	702	380	369	345	677	
702	618	406	654	369	472	678	343	580	686	548	386	563	327	467	792	359	420	588	564	324	742	754	330	744	0	316	727	367	485	743	519	317	743	512	409	753	507	694	574	611	
315	416	512	483	565	503	409	540	744	327	713	596	599	357	726	561	338	707	312	675	652	655	714	325	617	316	0	362	674	635	358	546	747	678	535	499	692	784	505	455	562	
507	496	593	305	474	770	736	794	479	457	713	738	472	326	317	694	595	629	323	318	554	533	528	416	335	727	362	0	336	600	613	335	334	772	747	435	498	541	555	325	505	
504	566	495	386	337	549	421	636	408	557	798	630	772	696	551	550	760	650	378	786	423	545	307	662	661	367	674	336	0	654	563	741	554	533	537	781	451	337	363	486	413	
606	506	553	513	350	601	788	766	712	445	330	622	755	585	381	743	585	672	371	352	573	505	385	689	677	485	635	600	654	0	676	419	792	749	656	484	747	690	735	492	749	
596	550	719	609	428	393	586	351	530	383	313	715	764	443	797	724	791	646	457	729	677	696	677	483	376	743	358	613	563	676	0	310	677	435	433	441	762	624	714	755	511	
467	432	506	589	739	612	330	378	381	374	536	778	628	770	508	633	359	410	746	573	527	363	452	534	452	519	546	335	741	419	310	0	663	308	459	375	314	488	736	598	326	
559	464	664	396	596	424	309	637	651	636	444	432	771	589	555	405	676	348	564	398	321	699	557	588	695	317	747	334	554	792	677	663	0	618	531	493	597	582	455	429	432	
308	481	712	355	602	514	519	404	590	611	692	308	464	437	473	416	718	320	466	740	437	583	387	360	341	743	678	772	533	749	435	308	618	0	367	710	687	798	735	370	456	
777	304	533	493	711	701	563	328	731	705	715	570	660	735	524	575	351	627	338	680	565	712	693	797	412	512	535	747	537	656	433	459	531	367	0	635	333	752	315	704	500	
643	429	582	563	662	721	738	581	683	367	337	392	760	696	687	653	445	697	610	510	335	451	759	431	588	409	499	435	781	484	441	375	493	710	635	0	384	599	674	593	553	
334	530	671	421	584	466	671	529	556	747	330	561	479	343	495	727	366	697	498	501	721	374	737	376	702	753	692	498	451	747	762	314	597	687	333	384	0	689	533	503	423	
372	746	340	661	691	551	359	607	749	531	710	723	494	505	721	508	406	722	410	690	763	433	678	697	380	507	784	541	337	690	624	488	582	798	752	599	689	0	495	391	641	
473	320	428	588	384	506	388	768	628	405	373	532	377	588	646	747	755	740	641	427	567	569	762	601	369	694	505	555	363	735	714	736	455	735	315	674	533	495	0	745	765	
660	702	400	495	608	416	683	594	327	444	649	350	646	407	609	588	523	404	352	358	648	699	306	553	345	574	455	325	486	492	755	598	429	370	704	593	503	391	745	0	547	
479	565	719	727	415	423	672	691	687	325	484	406	757	417	769	644	389	731	526	603	768	692	512	747	677	611	562	505	413	749	511	326	432	456	500	553	423	641	765	547	0	
etats
Id_Station	Poids W	Min (P)	WSPT	Priorité	
1	1	302	33,56	1	
2	5	303	33,67	2	
3	1	306	34,00	3	
4	7	312	34,67	4	
5	8	314	34,89	5	
6	1	300	37,50	6	
7	8	307	38,38	7	
8	6	308	38,50	8	
9	8	308	38,50	9	
10	2	312	39,00	10	
11	2	318	39,75	11	
12	3	320	40,00	12	
13	1	305	43,57	13	
14	1	306	43,71	14	
15	1	312	44,57	15	
16	1	320	45,71	16	
17	8	311	51,83	17	
18	3	300	60,00	18	
19	6	302	60,40	19	
20	9	305	61,00	20	
21	6	313	62,60	21	
22	1	313	62,60	22	
23	6	347	69,40	23	
24	1	308	77,00	24	
25	4	316	79,00	25	
26	8	371	92,75	26	
27	1	314	104,67	27	
28	7	314	104,67	28	
29	2	318	106,00	29	
30	1	324	108,00	30	
31	7	331	110,33	31	
32	5	312	156,00	32	
33	6	313	156,50	33	
34	8	300	300,00	34	
35	9	300	300,00	35	
36	1	305	305,00	36	
37	4	313	313,00	37	
38	1	314	314,00	38	
39	4	315	315,00	39	
40	3	357	357,00	40	

