distances
0	755	316	401	434	381	365	691	676	338	789	549	642	426	625	659	745	620	317	431	409	627	489	748	406	595	516	458	654	701	304	774	532	325	390	311	572	336	574	763	693	
755	0	407	608	476	769	600	363	694	479	748	787	750	776	578	492	683	799	772	732	395	357	767	527	657	493	473	363	444	701	570	509	409	437	492	384	553	509	564	509	528	
316	407	0	511	313	755	326	693	614	763	640	365	435	694	334	384	613	458	513	525	428	772	768	478	565	437	463	522	662	731	497	734	666	588	691	388	580	444	586	318	384	
401	608	511	0	608	559	606	644	345	738	521	788	603	789	595	504	430	568	406	509	788	795	399	433	305	458	308	668	791	463	763	307	608	736	483	473	554	402	700	626	525	
434	476	313	608	0	470	343	661	344	619	639	444	613	600	626	597	474	501	653	690	768	621	560	775	542	569	679	539	585	571	678	373	504	338	390	544	556	742	794	725	700	
381	769	755	559	470	0	660	538	454	452	584	560	721	619	649	556	371	621	571	550	779	421	391	606	447	416	790	794	702	672	395	656	373	442	375	589	402	555	493	782	372	
365	600	326	606	343	660	0	615	385	461	763	733	469	375	505	564	568	540	689	707	622	730	493	588	608	511	405	443	709	557	520	436	314	761	629	695	625	764	725	314	416	
691	363	693	644	661	538	615	0	410	536	420	770	791	466	641	457	463	516	740	515	614	728	501	721	597	601	555	366	452	776	561	591	590	600	675	347	703	501	719	606	361	
676	694	614	345	344	454	385	410	0	499	733	589	620	557	520	388	734	515	788	714	704	487	368	633	446	741	658	753	635	521	742	306	496	313	358	643	554	383	555	615	409	
338	479	763	738	619	452	461	536	499	0	525	608	430	516	452	690	365	711	614	418	516	385	715	710	599	667	601	464	470	765	331	738	401	730	373	459	702	681	622	799	754	
789	748	640	521	639	584	763	420	733	525	0	594	729	700	512	611	389	443	733	649	512	755	391	305	578	688	740	438	375	617	731	780	432	726	695	404	770	705	637	432	517	
549	787	365	788	444	560	733	770	589	608	594	0	673	339	452	349	470	763	406	637	719	726	639	658	768	524	564	528	734	471	313	332	711	788	420	459	346	512	360	557	528	
642	750	435	603	613	721	469	791	620	430	729	673	0	358	312	548	532	709	620	502	489	684	401	713	670	447	418	443	357	315	459	490	453	690	442	722	407	703	674	383	322	
426	776	694	789	600	619	375	466	557	516	700	339	358	0	331	659	351	676	414	436	767	748	487	640	501	347	585	775	426	506	601	307	704	733	352	645	719	559	685	698	353	
625	578	334	595	626	649	505	641	520	452	512	452	312	331	0	705	642	793	341	356	512	382	362	633	764	705	728	708	420	741	323	502	625	727	745	680	588	682	787	412	528	
659	492	384	504	597	556	564	457	388	690	611	349	548	659	705	0	661	402	691	496	641	355	500	554	627	488	519	515	694	493	365	784	511	712	792	599	300	464	351	303	612	
745	683	613	430	474	371	568	463	734	365	389	470	532	351	642	661	0	738	363	751	413	709	521	437	566	585	504	428	451	498	460	467	402	589	711	514	457	501	504	314	446	
620	799	458	568	501	621	540	516	515	711	443	763	709	676	793	402	738	0	431	666	503	340	655	346	718	784	795	308	318	680	508	422	539	736	777	706	582	357	396	392	618	
317	772	513	406	653	571	689	740	788	614	733	406	620	414	341	691	363	431	0	634	747	627	505	670	569	556	767	711	464	545	580	369	520	631	469	641	314	367	533	419	360	
431	732	525	509	690	550	707	515	714	418	649	637	502	436	356	496	751	666	634	0	365	537	556	324	655	536	641	739	634	747	664	775	540	614	471	651	702	611	507	398	797	
409	395	428	788	768	779	622	614	704	516	512	719	489	767	512	641	413	503	747	365	0	772	687	610	316	521	472	650	555	586	430	530	563	540	748	546	463	574	372	355	755	
627	357	772	795	621	421	730	728	487	385	755	726	684	748	382	355	709	340	627	537	772	0	648	300	375	600	708	708	647	494	703	382	364	787	557	344	665	512	626	446	458	
489	767	768	399	560	391	493	501	368	715	391	639	401	487	362	500	521	655	505	556	687	648	0	766	568	481	605	318	349	653	739	365	737	753	717	611	652	350	664	789	718	
748	527	478	433	775	606	588	721	633	710	305	658	713	640	633	554	437	346	670	324	610	300	766	0	379	686	678	630	560	653	329	587	652	456	526	487	778	384	355	344	396	
406	657	565	305	542	447	608	597	446	599	578	768	670	501	764	627	566	718	569	655	316	375	568	379	0	489	607	311	757	526	473	576	753	423	428	343	725	799	704	597	339	
595	493	437	458	569	416	511	601	741	667	688	524	447	347	705	488	585	784	556	536	521	600	481	686	489	0	407	513	797	574	521	471	657	658	659	391	511	708	385	667	320	
516	473	463	308	679	790	405	555	658	601	740	564	418	585	728	519	504	795	767	641	472	708	605	678	607	407	0	517	696	534	684	499	447	721	647	781	409	741	484	693	658	
458	363	522	668	539	794	443	366	753	464	438	528	443	775	708	515	428	308	711	739	650	708	318	630	311	513	517	0	565	366	474	376	510	527	591	638	673	703	694	469	788	
654	444	662	791	585	702	709	452	635	470	375	734	357	426	420	694	451	318	464	634	555	647	349	560	757	797	696	565	0	552	760	353	390	762	649	607	480	526	548	405	322	
701	701	731	463	571	672	557	776	521	765	617	471	315	506	741	493	498	680	545	747	586	494	653	653	526	574	534	366	552	0	775	775	432	640	645	344	725	457	760	316	429	
304	570	497	763	678	395	520	561	742	331	731	313	459	601	323	365	460	508	580	664	430	703	739	329	473	521	684	474	760	775	0	520	342	661	302	652	678	644	490	620	763	
774	509	734	307	373	656	436	591	306	738	780	332	490	307	502	784	467	422	369	775	530	382	365	587	576	471	499	376	353	775	520	0	317	723	624	638	622	631	604	386	668	
532	409	666	608	504	373	314	590	496	401	432	711	453	704	625	511	402	539	520	540	563	364	737	652	753	657	447	510	390	432	342	317	0	375	461	451	360	347	608	637	755	
325	437	588	736	338	442	761	600	313	730	726	788	690	733	727	712	589	736	631	614	540	787	753	456	423	658	721	527	762	640	661	723	375	0	445	655	377	750	790	752	649	
390	492	691	483	390	375	629	675	358	373	695	420	442	352	745	792	711	777	469	471	748	557	717	526	428	659	647	591	649	645	302	624	461	445	0	574	308	561	474	610	576	
311	384	388	473	544	589	695	347	643	459	404	459	722	645	680	599	514	706	641	651	546	344	611	487	343	391	781	638	607	344	652	638	451	655	574	0	511	507	358	733	543	
572	553	580	554	556	402	625	703	554	702	770	346	407	719	588	300	457	582	314	702	463	665	652	778	725	511	409	673	480	725	678	622	360	377	308	511	0	420	381	581	691	
336	509	444	402	742	555	764	501	383	681	705	512	703	559	682	464	501	357	367	611	574	512	350	384	799	708	741	703	526	457	644	631	347	750	561	507	420	0	312	781	591	
574	564	586	700	794	493	725	719	555	622	637	360	674	685	787	351	504	396	533	507	372	626	664	355	704	385	484	694	548	760	490	604	608	790	474	358	381	312	0	691	448	
763	509	318	626	725	782	314	606	615	799	432	557	383	698	412	303	314	392	419	398	355	446	789	344	597	667	693	469	405	316	620	386	637	752	610	733	581	781	691	0	511	
693	528	384	525	700	372	416	361	409	754	517	528	322	353	528	612	446	618	360	797	755	458	718	396	339	320	658	788	322	429	763	668	755	649	576	543	691	591	448	511	0	
etats
Id_Station	Poids W	Min (P)	WSPT	Priorité	
1	1	300	33,33	1	
2	5	301	33,44	2	
3	7	302	33,56	3	
4	5	311	34,56	4	
5	4	315	35,00	5	
6	1	300	37,50	6	
7	5	302	37,75	7	
8	7	303	37,88	8	
9	3	309	38,63	9	
10	1	313	39,13	10	
11	2	300	42,86	11	
12	2	350	43,75	12	
13	8	308	44,00	13	
14	8	309	44,14	14	
15	1	311	44,43	15	
16	3	325	46,43	16	
17	8	336	48,00	17	
18	3	303	50,50	18	
19	3	310	51,67	19	
20	4	315	52,50	20	
21	1	328	65,60	21	
22	3	300	75,00	22	
23	5	302	75,50	23	
24	5	307	76,75	24	
25	7	307	76,75	25	
26	4	308	77,00	26	
27	8	304	101,33	27	
28	8	303	151,50	28	
29	1	307	153,50	29	
30	5	307	153,50	30	
31	9	308	154,00	31	
32	9	301	301,00	32	
33	1	302	302,00	33	
34	9	303	303,00	34	
35	6	304	304,00	35	
36	8	307	307,00	36	
37	7	308	308,00	37	
38	9	310	310,00	38	
39	9	316	316,00	39	
40	8	330	330,00	40	

