distances
0	747	300	379	302	519	441	525	759	427	654	406	797	608	389	582	455	345	588	457	589	434	665	792	538	340	384	693	658	357	430	422	454	337	568	774	690	500	332	422	742	310	389	656	581	660	650	583	764	416	731	487	508	582	345	728	302	372	779	525	507	
747	0	654	670	753	677	761	674	416	325	736	793	367	637	629	731	366	767	462	795	551	345	651	717	704	667	392	699	397	658	523	344	547	362	336	744	428	364	578	643	388	348	664	547	731	589	459	595	754	641	676	613	454	427	609	330	731	783	515	684	608	
300	654	0	504	746	532	393	581	351	580	782	386	585	419	384	305	557	710	668	578	726	686	665	726	756	730	629	698	501	400	790	692	326	317	733	767	525	355	567	746	434	561	401	536	785	301	640	724	307	608	411	340	780	333	428	397	546	537	409	586	676	
379	670	504	0	624	524	300	692	415	786	660	791	679	424	799	667	759	575	398	638	685	514	544	333	519	778	636	732	746	521	502	476	711	503	593	461	794	542	709	670	537	677	616	661	412	528	344	397	654	523	366	632	778	301	445	731	726	785	666	686	435	
302	753	746	624	0	452	399	626	442	515	409	510	528	650	401	386	369	478	370	670	391	589	476	788	707	781	628	756	339	742	376	358	442	449	402	640	397	641	760	300	510	395	433	583	549	573	760	775	625	596	318	377	407	521	335	574	782	759	700	535	328	
519	677	532	524	452	0	473	627	506	400	329	486	424	406	737	715	628	433	461	690	780	534	529	748	527	474	394	579	435	496	399	319	431	526	708	658	575	479	643	392	521	432	412	304	427	683	540	361	520	348	357	769	466	594	548	365	745	706	481	439	424	
441	761	393	300	399	473	0	575	476	688	539	687	790	433	594	592	689	332	333	468	536	500	707	632	670	672	323	334	715	646	678	776	474	340	499	500	630	630	460	592	512	372	511	365	474	483	328	652	728	740	361	364	391	430	535	599	320	390	474	563	700	
525	674	581	692	626	627	575	0	342	406	623	608	324	359	437	763	766	759	314	566	555	655	333	537	599	495	414	655	565	372	438	669	579	347	454	515	642	731	444	683	466	475	389	379	707	780	646	582	477	697	583	608	355	568	661	689	713	702	313	450	337	
759	416	351	415	442	506	476	342	0	492	665	753	696	756	551	692	597	384	434	622	389	389	748	405	716	486	331	442	591	578	425	330	641	551	324	766	649	529	481	783	441	750	784	489	723	548	588	789	393	413	481	356	661	423	302	463	602	582	734	690	316	
427	325	580	786	515	400	688	406	492	0	744	617	580	358	338	727	540	774	667	434	692	304	567	518	544	404	402	706	385	681	624	655	424	531	798	723	307	726	762	470	411	353	619	574	607	482	713	381	385	627	712	436	674	450	378	368	591	764	390	763	712	
654	736	782	660	409	329	539	623	665	744	0	669	455	738	301	630	799	474	709	798	674	639	599	789	611	407	565	546	634	457	439	707	738	434	659	767	675	504	495	562	647	543	403	709	663	365	734	467	777	641	724	344	499	373	680	381	687	459	670	698	484	
406	793	386	791	510	486	687	608	753	617	669	0	766	338	349	658	796	679	626	556	392	484	611	505	625	797	413	424	635	517	367	558	798	393	638	702	312	707	642	491	576	402	315	364	587	746	707	779	458	711	567	633	472	768	590	542	713	693	580	775	372	
797	367	585	679	528	424	790	324	696	580	455	766	0	509	430	340	425	609	743	764	533	513	538	464	777	751	737	420	641	656	601	402	799	319	719	425	454	647	446	324	321	446	701	788	418	688	323	468	619	461	636	418	743	723	645	517	541	444	746	488	493	
608	637	419	424	650	406	433	359	756	358	738	338	509	0	779	680	375	379	396	494	475	621	525	368	689	366	308	702	320	397	344	623	467	680	342	666	393	769	514	404	311	577	475	769	787	404	698	620	459	766	486	750	593	472	681	646	577	556	382	321	729	
389	629	384	799	401	737	594	437	551	338	301	349	430	779	0	508	733	630	539	691	301	587	642	666	410	502	332	705	403	500	693	670	468	520	322	729	431	571	315	772	686	361	596	432	312	605	394	706	767	794	799	537	527	390	367	673	593	646	678	684	342	
582	731	305	667	386	715	592	763	692	727	630	658	340	680	508	0	441	637	319	642	525	520	591	694	352	438	447	460	735	551	308	611	658	707	354	402	435	542	455	755	622	433	377	377	576	583	757	600	438	375	604	581	550	454	437	698	543	653	306	548	711	
455	366	557	759	369	628	689	766	597	540	799	796	425	375	733	441	0	647	311	409	650	761	351	709	535	725	333	384	489	694	557	549	502	493	481	727	701	687	635	358	432	406	407	747	777	451	589	792	709	610	510	791	604	615	408	791	599	363	586	519	728	
345	767	710	575	478	433	332	759	384	774	474	679	609	379	630	637	647	0	634	588	445	626	386	355	708	496	691	405	328	650	405	576	589	727	347	609	754	772	757	518	591	389	578	611	736	365	352	478	732	635	380	348	526	610	368	503	650	327	764	756	610	
588	462	668	398	370	461	333	314	434	667	709	626	743	396	539	319	311	634	0	781	714	674	462	366	368	424	605	636	530	333	507	671	613	663	751	615	699	396	334	456	743	477	347	777	331	509	547	675	329	542	403	306	647	387	642	396	673	303	591	619	550	
457	795	578	638	670	690	468	566	622	434	798	556	764	494	691	642	409	588	781	0	754	763	622	480	603	668	408	548	644	460	580	760	409	653	496	782	607	778	774	733	380	419	530	538	602	620	459	309	792	499	460	340	374	363	309	597	516	578	520	562	669	
589	551	726	685	391	780	536	555	389	692	674	392	533	475	301	525	650	445	714	754	0	790	399	455	725	733	480	309	705	543	673	723	429	710	574	681	312	787	338	426	337	624	378	366	609	646	665	517	492	593	679	387	786	441	712	587	378	467	679	347	412	
434	345	686	514	589	534	500	655	389	304	639	484	513	621	587	520	761	626	674	763	790	0	614	733	742	542	695	319	581	571	688	584	775	681	597	622	577	448	426	724	700	577	488	488	600	515	378	313	501	475	397	653	478	304	481	681	530	441	639	520	609	
665	651	665	544	476	529	707	333	748	567	599	611	538	525	642	591	351	386	462	622	399	614	0	558	776	337	592	762	576	347	657	524	707	652	365	442	353	742	699	761	656	449	362	558	388	751	694	459	406	375	441	425	393	351	749	414	541	403	530	543	356	
792	717	726	333	788	748	632	537	405	518	789	505	464	368	666	694	709	355	366	480	455	733	558	0	695	658	765	492	744	711	361	710	645	662	719	496	367	350	643	742	377	375	747	521	705	376	491	763	379	422	768	444	736	756	786	443	741	478	427	447	542	
538	704	756	519	707	527	670	599	716	544	611	625	777	689	410	352	535	708	368	603	725	742	776	695	0	470	768	581	500	768	616	521	758	714	767	467	322	369	792	759	452	301	663	338	703	705	379	483	710	754	517	482	538	405	325	604	401	446	706	387	538	
340	667	730	778	781	474	672	495	486	404	407	797	751	366	502	438	725	496	424	668	733	542	337	658	470	0	517	411	583	673	551	622	390	734	650	768	314	320	419	702	583	606	304	606	358	719	644	618	499	673	535	483	506	531	383	708	749	775	571	335	736	
384	392	629	636	628	394	323	414	331	402	565	413	737	308	332	447	333	691	605	408	480	695	592	765	768	517	0	401	633	595	615	657	710	326	722	604	771	328	322	786	706	706	698	614	704	340	559	729	603	793	588	786	324	321	450	559	420	328	789	630	438	
693	699	698	732	756	579	334	655	442	706	546	424	420	702	705	460	384	405	636	548	309	319	762	492	581	411	401	0	630	609	387	459	657	778	550	555	395	432	465	507	712	354	636	740	608	525	644	349	342	424	664	617	560	701	670	587	544	515	703	578	623	
658	397	501	746	339	435	715	565	591	385	634	635	641	320	403	735	489	328	530	644	705	581	576	744	500	583	633	630	0	451	772	460	515	627	757	361	410	783	671	431	629	615	490	346	671	581	430	674	754	342	697	536	782	418	433	453	772	367	574	708	470	
357	658	400	521	742	496	646	372	578	681	457	517	656	397	500	551	694	650	333	460	543	571	347	711	768	673	595	609	451	0	427	520	440	399	338	547	300	627	399	344	636	617	327	663	477	301	599	671	793	686	384	435	335	397	732	697	709	792	374	324	590	
430	523	790	502	376	399	678	438	425	624	439	367	601	344	693	308	557	405	507	580	673	688	657	361	616	551	615	387	772	427	0	478	360	711	757	401	646	795	373	408	481	371	627	444	662	590	490	366	672	376	755	327	442	602	574	343	683	509	531	597	622	
422	344	692	476	358	319	776	669	330	655	707	558	402	623	670	611	549	576	671	760	723	584	524	710	521	622	657	459	460	520	478	0	700	433	414	355	579	434	786	403	445	655	769	688	668	518	341	604	721	305	726	787	560	574	611	513	543	379	689	490	492	
454	547	326	711	442	431	474	579	641	424	738	798	799	467	468	658	502	589	613	409	429	775	707	645	758	390	710	657	515	440	360	700	0	497	505	579	556	617	530	529	731	401	324	430	318	722	492	423	432	762	610	368	586	426	612	355	477	637	463	302	396	
337	362	317	503	449	526	340	347	551	531	434	393	319	680	520	707	493	727	663	653	710	681	652	662	714	734	326	778	627	399	711	433	497	0	584	790	728	395	561	531	323	526	619	595	672	637	552	581	794	423	317	393	790	503	562	507	639	586	418	598	522	
568	336	733	593	402	708	499	454	324	798	659	638	719	342	322	354	481	347	751	496	574	597	365	719	767	650	722	550	757	338	757	414	505	584	0	709	527	499	624	425	504	789	770	333	469	703	594	487	743	389	646	459	537	433	322	782	670	352	555	310	554	
774	744	767	461	640	658	500	515	766	723	767	702	425	666	729	402	727	609	615	782	681	622	442	496	467	768	604	555	361	547	401	355	579	790	709	0	543	759	327	634	614	763	752	509	646	601	675	567	642	388	773	693	310	529	408	610	468	528	593	742	740	
690	428	525	794	397	575	630	642	649	307	675	312	454	393	431	435	701	754	699	607	312	577	353	367	322	314	771	395	410	300	646	579	556	728	527	543	0	645	343	356	382	707	673	452	410	518	496	421	629	751	685	790	676	487	464	670	400	499	720	566	689	
500	364	355	542	641	479	630	731	529	726	504	707	647	769	571	542	687	772	396	778	787	448	742	350	369	320	328	432	783	627	795	434	617	395	499	759	645	0	615	610	713	521	598	378	338	779	438	578	593	760	441	383	731	712	407	379	343	393	631	688	744	
332	578	567	709	760	643	460	444	481	762	495	642	446	514	315	455	635	757	334	774	338	426	699	643	792	419	322	465	671	399	373	786	530	561	624	327	343	615	0	487	745	359	612	484	668	753	729	678	653	742	595	486	583	535	764	324	789	657	359	522	778	
422	643	746	670	300	392	592	683	783	470	562	491	324	404	772	755	358	518	456	733	426	724	761	742	759	702	786	507	431	344	408	403	529	531	425	634	356	610	487	0	488	714	723	783	701	329	511	510	756	785	431	492	598	666	342	535	384	489	691	391	514	
742	388	434	537	510	521	512	466	441	411	647	576	321	311	686	622	432	591	743	380	337	700	656	377	452	583	706	712	629	636	481	445	731	323	504	614	382	713	745	488	0	530	317	674	382	748	657	335	455	730	316	542	600	358	644	700	744	548	349	317	673	
310	348	561	677	395	432	372	475	750	353	543	402	446	577	361	433	406	389	477	419	624	577	449	375	301	606	706	354	615	617	371	655	401	526	789	763	707	521	359	714	530	0	627	462	728	484	573	540	390	583	733	336	704	437	711	310	333	780	623	636	402	
389	664	401	616	433	412	511	389	784	619	403	315	701	475	596	377	407	578	347	530	378	488	362	747	663	304	698	636	490	327	627	769	324	619	770	752	673	598	612	723	317	627	0	311	659	669	725	433	575	704	541	701	462	461	551	303	688	340	345	512	729	
656	547	536	661	583	304	365	379	489	574	709	364	788	769	432	377	747	611	777	538	366	488	558	521	338	606	614	740	346	663	444	688	430	595	333	509	452	378	484	783	674	462	311	0	592	477	446	673	340	410	585	340	575	579	372	559	481	571	670	703	475	
581	731	785	412	549	427	474	707	723	607	663	587	418	787	312	576	777	736	331	602	609	600	388	705	703	358	704	608	671	477	662	668	318	672	469	646	410	338	668	701	382	728	659	592	0	637	301	687	641	728	635	396	636	736	481	550	630	556	740	476	585	
660	589	301	528	573	683	483	780	548	482	365	746	688	404	605	583	451	365	509	620	646	515	751	376	705	719	340	525	581	301	590	518	722	637	703	601	518	779	753	329	748	484	669	477	637	0	517	705	426	600	687	510	599	593	329	338	372	668	404	357	453	
650	459	640	344	760	540	328	646	588	713	734	707	323	698	394	757	589	352	547	459	665	378	694	491	379	644	559	644	430	599	490	341	492	552	594	675	496	438	729	511	657	573	725	446	301	517	0	486	453	687	463	399	661	387	760	538	436	556	585	572	301	
583	595	724	397	775	361	652	582	789	381	467	779	468	620	706	600	792	478	675	309	517	313	459	763	483	618	729	349	674	671	366	604	423	581	487	567	421	578	678	510	335	540	433	673	687	705	486	0	630	510	726	786	597	698	660	522	657	325	553	645	786	
764	754	307	654	625	520	728	477	393	385	777	458	619	459	767	438	709	732	329	792	492	501	406	379	710	499	603	342	754	793	672	721	432	794	743	642	629	593	653	756	455	390	575	340	641	426	453	630	0	492	655	684	515	684	547	578	305	316	748	698	530	
416	641	608	523	596	348	740	697	413	627	641	711	461	766	794	375	610	635	542	499	593	475	375	422	754	673	793	424	342	686	376	305	762	423	389	388	751	760	742	785	730	583	704	410	728	600	687	510	492	0	335	760	408	772	651	727	755	348	730	446	504	
731	676	411	366	318	357	361	583	481	712	724	567	636	486	799	604	510	380	403	460	679	397	441	768	517	535	588	664	697	384	755	726	610	317	646	773	685	441	595	431	316	733	541	585	635	687	463	726	655	335	0	566	402	744	427	733	557	367	523	418	608	
487	613	340	632	377	769	364	608	356	436	344	633	418	750	537	581	791	348	306	340	387	653	425	444	482	483	786	617	536	435	327	787	368	393	459	693	790	383	486	492	542	336	701	340	396	510	399	786	684	760	566	0	628	434	313	517	394	347	774	693	491	
508	454	780	778	407	466	391	355	661	674	499	472	743	593	527	550	604	526	647	374	786	478	393	736	538	506	324	560	782	335	442	560	586	790	537	310	676	731	583	598	600	704	462	575	636	599	661	597	515	408	402	628	0	545	520	475	779	764	395	309	503	
582	427	333	301	521	594	430	568	423	450	373	768	723	472	390	454	615	610	387	363	441	304	351	756	405	531	321	701	418	397	602	574	426	503	433	529	487	712	535	666	358	437	461	579	736	593	387	698	684	772	744	434	545	0	352	724	797	771	734	335	561	
345	609	428	445	335	548	535	661	302	378	680	590	645	681	367	437	408	368	642	309	712	481	749	786	325	383	450	670	433	732	574	611	612	562	322	408	464	407	764	342	644	711	551	372	481	329	760	660	547	651	427	313	520	352	0	797	788	753	503	386	783	
728	330	397	731	574	365	599	689	463	368	381	542	517	646	673	698	791	503	396	597	587	681	414	443	604	708	559	587	453	697	343	513	355	507	782	610	670	379	324	535	700	310	303	559	550	338	538	522	578	727	733	517	475	724	797	0	518	676	716	391	412	
302	731	546	726	782	745	320	713	602	591	687	713	541	577	593	543	599	650	673	516	378	530	541	741	401	749	420	544	772	709	683	543	477	639	670	468	400	343	789	384	744	333	688	481	630	372	436	657	305	755	557	394	779	797	788	518	0	753	562	727	646	
372	783	537	785	759	706	390	702	582	764	459	693	444	556	646	653	363	327	303	578	467	441	403	478	446	775	328	515	367	792	509	379	637	586	352	528	499	393	657	489	548	780	340	571	556	668	556	325	316	348	367	347	764	771	753	676	753	0	365	471	343	
779	515	409	666	700	481	474	313	734	390	670	580	746	382	678	306	586	764	591	520	679	639	530	427	706	571	789	703	574	374	531	689	463	418	555	593	720	631	359	691	349	623	345	670	740	404	585	553	748	730	523	774	395	734	503	716	562	365	0	400	717	
525	684	586	686	535	439	563	450	690	763	698	775	488	321	684	548	519	756	619	562	347	520	543	447	387	335	630	578	708	324	597	490	302	598	310	742	566	688	522	391	317	636	512	703	476	357	572	645	698	446	418	693	309	335	386	391	727	471	400	0	781	
507	608	676	435	328	424	700	337	316	712	484	372	493	729	342	711	728	610	550	669	412	609	356	542	538	736	438	623	470	590	622	492	396	522	554	740	689	744	778	514	673	402	729	475	585	453	301	786	530	504	608	491	503	561	783	412	646	343	717	781	0	
etats
Id_Station	Poids W	Min (P)	WSPT	Priorité	
1	7	304	33,78	1	
2	9	305	33,89	2	
3	8	307	34,11	3	
4	2	309	34,33	4	
5	8	316	35,11	5	
6	3	300	37,50	6	
7	1	301	37,63	7	
8	6	301	37,63	8	
9	9	304	38,00	9	
10	1	306	38,25	10	
11	3	309	38,63	11	
12	5	313	39,13	12	
13	5	300	42,86	13	
14	6	301	43,00	14	
15	8	305	43,57	15	
16	9	306	43,71	16	
17	9	314	44,86	17	
18	8	300	50,00	18	
19	4	301	50,17	19	
20	2	303	50,50	20	
21	5	303	50,50	21	
22	3	309	51,50	22	
23	6	310	51,67	23	
24	6	312	52,00	24	
25	5	313	52,17	25	
26	1	301	60,20	26	
27	2	302	60,40	27	
28	1	305	61,00	28	
29	7	309	61,80	29	
30	8	311	62,20	30	
31	5	312	62,40	31	
32	2	313	62,60	32	
33	4	327	65,40	33	
34	6	300	75,00	34	
35	1	300	75,00	35	
36	1	304	76,00	36	
37	6	309	77,25	37	
38	4	309	77,25	38	
39	8	310	77,50	39	
40	1	311	77,75	40	
41	9	300	100,00	41	
42	2	304	101,33	42	
43	8	306	102,00	43	
44	6	307	102,33	44	
45	4	309	103,00	45	
46	8	310	103,33	46	
47	8	311	103,67	47	
48	1	312	104,00	48	
49	1	318	106,00	49	
50	1	304	152,00	50	
51	3	312	156,00	51	
52	7	324	162,00	52	
53	1	300	300,00	53	
54	7	300	300,00	54	
55	8	306	306,00	55	
56	5	309	309,00	56	
57	8	310	310,00	57	
58	4	318	318,00	58	
59	6	318	318,00	59	
60	1	333	333,00	60	
