distances
0	568	527	354	616	734	467	423	718	311	690	536	789	755	597	486	409	664	550	340	468	352	757	589	380	329	775	494	345	770	483	550	351	411	380	316	570	633	638	754	426	509	447	302	331	623	353	419	307	532	544	691	691	467	637	537	366	305	314	451	760	
568	0	660	310	714	347	452	780	421	581	750	517	618	601	767	781	509	534	524	795	735	523	339	383	718	341	714	338	503	469	650	728	582	664	308	499	306	504	652	438	411	524	462	624	758	379	790	633	797	582	707	596	745	688	703	300	650	733	596	573	607	
527	660	0	488	747	332	458	645	593	416	735	557	369	665	405	641	662	723	344	673	790	367	761	715	781	485	337	766	365	594	473	380	463	341	561	668	787	615	611	568	366	674	787	462	578	310	714	562	336	636	782	425	392	726	452	426	698	657	326	391	721	
354	310	488	0	593	482	698	549	695	524	460	668	363	670	539	786	690	462	366	353	757	329	644	338	408	792	730	317	480	655	491	461	543	754	545	332	464	313	324	482	492	422	635	308	554	410	324	602	494	792	489	625	720	387	352	473	443	336	458	705	547	
616	714	747	593	0	742	406	783	745	464	746	311	347	705	327	531	734	316	500	465	456	669	758	575	648	303	630	524	715	751	517	510	600	671	775	564	384	534	720	351	637	739	514	361	347	394	562	551	485	471	589	708	704	376	512	516	365	458	353	392	454	
734	347	332	482	742	0	519	747	780	589	483	791	552	417	772	465	506	691	594	489	784	477	504	312	683	516	424	544	372	592	336	657	384	629	342	329	604	324	519	552	467	582	775	786	552	551	778	581	428	558	752	308	696	794	696	774	578	536	707	491	521	
467	452	458	698	406	519	0	698	447	567	563	427	306	698	392	724	667	531	381	764	391	435	612	613	615	572	433	337	784	482	588	487	473	520	309	612	587	380	313	466	708	605	646	750	471	598	774	434	399	644	732	453	395	641	533	396	427	408	380	413	785	
423	780	645	549	783	747	698	0	691	638	492	507	459	385	745	513	734	321	484	592	749	546	321	754	345	664	629	795	799	427	304	357	744	684	728	417	773	500	567	542	304	533	375	753	387	363	571	784	780	711	789	705	685	627	439	726	586	396	332	393	685	
718	421	593	695	745	780	447	691	0	431	671	754	357	735	551	545	527	633	774	783	670	523	368	653	672	515	545	512	595	650	578	722	757	766	718	641	612	370	346	568	493	521	627	672	587	439	529	717	576	698	655	354	735	457	459	526	716	503	346	501	700	
311	581	416	524	464	589	567	638	431	0	495	403	652	566	753	642	382	630	399	402	446	597	723	603	375	764	714	539	549	650	633	555	625	718	617	329	597	629	779	364	454	381	316	453	621	476	644	401	521	344	570	314	312	549	330	761	624	549	508	779	639	
690	750	735	460	746	483	563	492	671	495	0	622	575	460	645	377	315	419	634	514	589	784	367	598	730	753	362	720	310	384	323	428	420	628	625	383	520	675	758	554	409	574	393	367	547	464	703	427	489	609	362	606	470	421	686	647	612	420	683	761	479	
536	517	557	668	311	791	427	507	754	403	622	0	758	631	374	712	410	788	632	595	591	543	747	498	428	402	648	337	325	620	712	405	358	708	376	575	550	360	476	402	483	425	523	367	771	635	434	391	768	788	725	397	620	615	650	302	319	721	636	387	492	
789	618	369	363	347	552	306	459	357	652	575	758	0	733	570	662	625	540	310	535	723	533	587	743	761	770	389	430	795	616	366	776	681	660	343	601	678	434	655	570	558	685	470	753	331	469	541	311	300	571	539	462	601	334	490	441	416	739	615	308	795	
755	601	665	670	705	417	698	385	735	566	460	631	733	0	650	595	374	550	585	505	668	782	596	483	467	694	415	579	394	798	604	593	487	404	306	478	380	571	577	653	325	408	388	634	304	450	660	300	777	442	405	414	731	569	493	414	729	565	564	792	362	
597	767	405	539	327	772	392	745	551	753	645	374	570	650	0	650	511	727	433	354	501	497	538	379	688	651	313	451	524	493	319	494	531	704	314	601	458	604	311	650	634	321	790	667	696	460	696	597	432	757	446	462	710	680	485	386	667	427	378	350	393	
486	781	641	786	531	465	724	513	545	642	377	712	662	595	650	0	368	352	595	469	698	528	515	431	566	706	738	318	484	538	787	746	355	780	490	539	386	369	632	385	522	517	645	493	639	444	677	522	707	576	540	707	621	620	341	538	750	401	676	729	534	
409	509	662	690	734	506	667	734	527	382	315	410	625	374	511	368	0	518	529	793	437	353	716	773	563	417	735	321	654	541	781	501	761	450	791	465	394	482	372	454	741	689	340	410	599	544	600	629	333	351	346	769	617	749	370	483	638	693	304	601	765	
664	534	723	462	316	691	531	321	633	630	419	788	540	550	727	352	518	0	560	673	512	718	494	599	678	432	427	638	335	778	568	536	780	796	694	536	341	331	651	721	655	322	799	360	653	743	442	308	616	340	450	580	540	755	467	370	534	694	377	346	633	
550	524	344	366	500	594	381	484	774	399	634	632	310	585	433	595	529	560	0	354	334	528	752	655	646	767	422	740	797	305	528	474	365	620	511	771	434	659	340	402	493	473	447	387	373	313	651	618	350	714	491	695	604	345	368	592	468	651	533	493	360	
340	795	673	353	465	489	764	592	783	402	514	595	535	505	354	469	793	673	354	0	560	611	534	526	381	647	713	717	748	446	314	560	393	619	722	621	652	510	772	533	677	527	455	364	584	365	348	731	675	444	760	727	720	734	449	532	604	641	507	593	653	
468	735	790	757	456	784	391	749	670	446	589	591	723	668	501	698	437	512	334	560	0	548	776	507	321	635	705	303	416	379	730	628	509	620	735	772	469	640	472	332	510	435	643	599	542	639	683	510	603	504	506	434	576	570	745	379	589	445	706	560	532	
352	523	367	329	669	477	435	546	523	597	784	543	533	782	497	528	353	718	528	611	548	0	358	791	408	438	322	338	540	536	549	799	552	409	394	697	603	663	334	717	363	598	749	439	693	780	742	624	300	315	793	612	413	509	494	469	777	672	518	583	381	
757	339	761	644	758	504	612	321	368	723	367	747	587	596	538	515	716	494	752	534	776	358	0	427	775	450	635	383	345	367	351	324	412	444	612	569	748	386	594	701	350	358	762	454	746	678	357	432	753	348	315	495	706	747	677	326	740	348	437	716	517	
589	383	715	338	575	312	613	754	653	603	598	498	743	483	379	431	773	599	655	526	507	791	427	0	532	526	518	742	720	501	619	381	688	630	551	574	498	537	362	664	612	318	563	315	306	779	722	506	449	720	328	738	758	675	342	470	655	738	743	462	678	
380	718	781	408	648	683	615	345	672	375	730	428	761	467	688	566	563	678	646	381	321	408	775	532	0	527	454	636	459	793	300	560	381	507	661	541	687	780	579	480	316	537	562	737	598	623	526	760	782	468	641	406	462	544	544	338	699	782	427	677	346	
329	341	485	792	303	516	572	664	515	764	753	402	770	694	651	706	417	432	767	647	635	438	450	526	527	0	509	505	376	397	307	384	469	340	662	483	366	573	522	725	492	774	560	675	545	710	372	395	460	615	711	571	491	573	310	572	649	670	391	549	360	
775	714	337	730	630	424	433	629	545	714	362	648	389	415	313	738	735	427	422	713	705	322	635	518	454	509	0	605	507	319	677	650	560	544	726	775	355	701	335	659	415	358	756	430	597	511	396	696	300	543	736	515	672	670	342	359	502	704	317	309	782	
494	338	766	317	524	544	337	795	512	539	720	337	430	579	451	318	321	638	740	717	303	338	383	742	636	505	605	0	381	322	629	390	551	759	531	466	463	437	755	345	364	409	708	312	400	351	494	340	475	386	600	564	724	372	523	670	666	606	617	523	443	
345	503	365	480	715	372	784	799	595	549	310	325	795	394	524	484	654	335	797	748	416	540	345	720	459	376	507	381	0	309	574	761	505	397	536	588	513	515	429	441	361	782	629	343	733	381	738	762	313	688	658	581	373	616	662	487	335	417	509	547	681	
770	469	594	655	751	592	482	427	650	650	384	620	616	798	493	538	541	778	305	446	379	536	367	501	793	397	319	322	309	0	557	472	327	327	580	433	730	799	630	771	372	402	762	723	631	717	477	797	773	483	659	556	403	563	388	563	481	736	606	454	366	
483	650	473	491	517	336	588	304	578	633	323	712	366	604	319	787	781	568	528	314	730	549	351	619	300	307	677	629	574	557	0	560	405	536	678	596	356	661	326	483	554	480	480	637	427	767	416	578	304	594	405	350	485	713	362	773	493	625	581	494	551	
550	728	380	461	510	657	487	357	722	555	428	405	776	593	494	746	501	536	474	560	628	799	324	381	560	384	650	390	761	472	560	0	602	608	331	406	509	441	324	302	342	746	353	448	516	392	666	626	390	341	580	760	432	734	416	781	361	419	739	518	727	
351	582	463	543	600	384	473	744	757	625	420	358	681	487	531	355	761	780	365	393	509	552	412	688	381	469	560	551	505	327	405	602	0	690	468	601	340	365	594	329	321	407	471	444	406	498	599	707	745	668	395	451	736	484	325	782	477	314	582	767	425	
411	664	341	754	671	629	520	684	766	718	628	708	660	404	704	780	450	796	620	619	620	409	444	630	507	340	544	759	397	327	536	608	690	0	535	796	300	707	311	469	364	642	597	355	538	366	460	563	733	321	467	671	409	730	412	389	545	306	368	464	448	
380	308	561	545	775	342	309	728	718	617	625	376	343	306	314	490	791	694	511	722	735	394	612	551	661	662	726	531	536	580	678	331	468	535	0	577	419	604	338	723	692	404	339	482	330	392	792	459	742	480	325	619	683	793	687	744	732	599	437	608	418	
316	499	668	332	564	329	612	417	641	329	383	575	601	478	601	539	465	536	771	621	772	697	569	574	541	483	775	466	588	433	596	406	601	796	577	0	679	381	363	691	721	319	680	629	718	715	633	637	404	462	490	499	581	550	792	408	684	770	407	314	642	
570	306	787	464	384	604	587	773	612	597	520	550	678	380	458	386	394	341	434	652	469	603	748	498	687	366	355	463	513	730	356	509	340	300	419	679	0	748	400	481	596	759	509	589	464	587	641	713	364	488	409	361	581	541	464	763	339	761	510	371	469	
633	504	615	313	534	324	380	500	370	629	675	360	434	571	604	369	482	331	659	510	640	663	386	537	780	573	701	437	515	799	661	441	365	707	604	381	748	0	554	775	335	367	582	664	768	795	412	772	344	774	546	330	628	376	367	530	405	557	587	385	615	
638	652	611	324	720	519	313	567	346	779	758	476	655	577	311	632	372	651	340	772	472	334	594	362	579	522	335	755	429	630	326	324	594	311	338	363	400	554	0	748	324	543	436	445	493	648	751	598	483	613	599	778	321	554	736	440	628	451	752	476	556	
754	438	568	482	351	552	466	542	568	364	554	402	570	653	650	385	454	721	402	533	332	717	701	664	480	725	659	345	441	771	483	302	329	469	723	691	481	775	748	0	681	625	479	772	782	506	710	500	783	731	687	314	434	418	483	607	380	591	450	312	487	
426	411	366	492	637	467	708	304	493	454	409	483	558	325	634	522	741	655	493	677	510	363	350	612	316	492	415	364	361	372	554	342	321	364	692	721	596	335	324	681	0	645	412	755	678	677	706	407	665	301	405	706	778	668	360	310	700	631	643	419	512	
509	524	674	422	739	582	605	533	521	381	574	425	685	408	321	517	689	322	473	527	435	598	358	318	537	774	358	409	782	402	480	746	407	642	404	319	759	367	543	625	645	0	591	419	380	325	356	727	562	412	616	325	624	505	490	769	453	646	460	450	616	
447	462	787	635	514	775	646	375	627	316	393	523	470	388	790	645	340	799	447	455	643	749	762	563	562	560	756	708	629	762	480	353	471	597	339	680	509	582	436	479	412	591	0	753	348	303	496	726	640	347	631	750	786	408	623	537	719	344	693	705	700	
302	624	462	308	361	786	750	753	672	453	367	367	753	634	667	493	410	360	387	364	599	439	454	315	737	675	430	312	343	723	637	448	444	355	482	629	589	664	445	772	755	419	753	0	586	467	718	537	347	485	331	508	422	532	380	683	657	435	661	680	773	
331	758	578	554	347	552	471	387	587	621	547	771	331	304	696	639	599	653	373	584	542	693	746	306	598	545	597	400	733	631	427	516	406	538	330	718	464	768	493	782	678	380	348	586	0	646	777	585	683	388	553	516	457	758	609	548	411	460	776	760	632	
623	379	310	410	394	551	598	363	439	476	464	635	469	450	460	444	544	743	313	365	639	780	678	779	623	710	511	351	381	717	767	392	498	366	392	715	587	795	648	506	677	325	303	467	646	0	393	745	734	351	400	688	662	346	584	575	780	395	521	349	300	
353	790	714	324	562	778	774	571	529	644	703	434	541	660	696	677	600	442	651	348	683	742	357	722	526	372	396	494	738	477	416	666	599	460	792	633	641	412	751	710	706	356	496	718	777	393	0	682	663	698	307	608	497	743	601	658	462	437	726	435	319	
419	633	562	602	551	581	434	784	717	401	427	391	311	300	597	522	629	308	618	731	510	624	432	506	760	395	696	340	762	797	578	626	707	563	459	637	713	772	598	500	407	727	726	537	585	745	682	0	547	573	394	344	459	399	572	765	526	457	316	588	752	
307	797	336	494	485	428	399	780	576	521	489	768	300	777	432	707	333	616	350	675	603	300	753	449	782	460	300	475	313	773	304	390	745	733	742	404	364	344	483	783	665	562	640	347	683	734	663	547	0	301	342	691	675	790	316	686	500	423	679	627	455	
532	582	636	792	471	558	644	711	698	344	609	788	571	442	757	576	351	340	714	444	504	315	348	720	468	615	543	386	688	483	594	341	668	321	480	462	488	774	613	731	301	412	347	485	388	351	698	573	301	0	615	637	635	629	344	673	317	321	527	422	349	
544	707	782	489	589	752	732	789	655	570	362	725	539	405	446	540	346	450	491	760	506	793	315	328	641	711	736	600	658	659	405	580	395	467	325	490	409	546	599	687	405	616	631	331	553	400	307	394	342	615	0	351	379	743	463	674	591	778	324	602	483	
691	596	425	625	708	308	453	705	354	314	606	397	462	414	462	707	769	580	695	727	434	612	495	738	406	571	515	564	581	556	350	760	451	671	619	499	361	330	778	314	706	325	750	508	516	688	608	344	691	637	351	0	799	441	482	728	489	346	448	799	315	
691	745	392	720	704	696	395	685	735	312	470	620	601	731	710	621	617	540	604	720	576	413	706	758	462	491	672	724	373	403	485	432	736	409	683	581	581	628	321	434	778	624	786	422	457	662	497	459	675	635	379	799	0	493	322	498	317	450	756	717	540	
467	688	726	387	376	794	641	627	457	549	421	615	334	569	680	620	749	755	345	734	570	509	747	675	544	573	670	372	616	563	713	734	484	730	793	550	541	376	554	418	668	505	408	532	758	346	743	399	790	629	743	441	493	0	664	394	670	311	380	727	750	
637	703	452	352	512	696	533	439	459	330	686	650	490	493	485	341	370	467	368	449	745	494	677	342	544	310	342	523	662	388	362	416	325	412	687	792	464	367	736	483	360	490	623	380	609	584	601	572	316	344	463	482	322	664	0	774	382	605	665	694	333	
537	300	426	473	516	774	396	726	526	761	647	302	441	414	386	538	483	370	592	532	379	469	326	470	338	572	359	670	487	563	773	781	782	389	744	408	763	530	440	607	310	769	537	683	548	575	658	765	686	673	674	728	498	394	774	0	730	755	787	361	325	
366	650	698	443	365	578	427	586	716	624	612	319	416	729	667	750	638	534	468	604	589	777	740	655	699	649	502	666	335	481	493	361	477	545	732	684	339	405	628	380	700	453	719	657	411	780	462	526	500	317	591	489	317	670	382	730	0	545	793	378	390	
305	733	657	336	458	536	408	396	503	549	420	721	739	565	427	401	693	694	651	641	445	672	348	738	782	670	704	606	417	736	625	419	314	306	599	770	761	557	451	591	631	646	344	435	460	395	437	457	423	321	778	346	450	311	605	755	545	0	701	749	364	
314	596	326	458	353	707	380	332	346	508	683	636	615	564	378	676	304	377	533	507	706	518	437	743	427	391	317	617	509	606	581	739	582	368	437	407	510	587	752	450	643	460	693	661	776	521	726	316	679	527	324	448	756	380	665	787	793	701	0	796	692	
451	573	391	705	392	491	413	393	501	779	761	387	308	792	350	729	601	346	493	593	560	583	716	462	677	549	309	523	547	454	494	518	767	464	608	314	371	385	476	312	419	450	705	680	760	349	435	588	627	422	602	799	717	727	694	361	378	749	796	0	595	
760	607	721	547	454	521	785	685	700	639	479	492	795	362	393	534	765	633	360	653	532	381	517	678	346	360	782	443	681	366	551	727	425	448	418	642	469	615	556	487	512	616	700	773	632	300	319	752	455	349	483	315	540	750	333	325	390	364	692	595	0	
etats
Id_Station	Poids W	Min (P)	WSPT	Priorité	
1	4	300	33,33	1	
2	1	301	33,44	2	
3	9	304	33,78	3	
4	9	311	34,56	4	
5	5	327	36,33	5	
6	7	300	37,50	6	
7	1	300	37,50	7	
8	3	301	37,63	8	
9	6	303	37,88	9	
10	3	303	37,88	10	
11	1	303	37,88	11	
12	4	304	38,00	12	
13	5	304	38,00	13	
14	5	305	38,13	14	
15	9	308	38,50	15	
16	2	309	38,63	16	
17	1	300	42,86	17	
18	5	302	43,14	18	
19	6	309	44,14	19	
20	7	325	46,43	20	
21	5	301	50,17	21	
22	4	301	50,17	22	
23	5	301	50,17	23	
24	4	302	50,33	24	
25	2	302	50,33	25	
26	5	310	51,67	26	
27	8	320	53,33	27	
28	5	333	55,50	28	
29	7	302	60,40	29	
30	2	304	60,80	30	
31	4	304	60,80	31	
32	5	305	61,00	32	
33	7	308	61,60	33	
34	9	319	63,80	34	
35	1	301	75,25	35	
36	9	306	76,50	36	
37	3	309	77,25	37	
38	2	315	78,75	38	
39	7	317	79,25	39	
40	7	300	100,00	40	
41	3	306	102,00	41	
42	8	312	104,00	42	
43	1	333	111,00	43	
44	9	300	150,00	44	
45	4	301	150,50	45	
46	7	302	151,00	46	
47	5	303	151,50	47	
48	6	309	154,50	48	
49	8	300	300,00	49	
50	5	301	301,00	50	
51	2	301	301,00	51	
52	6	301	301,00	52	
53	9	305	305,00	53	
54	4	305	305,00	54	
55	2	308	308,00	55	
56	4	310	310,00	56	
57	7	311	311,00	57	
58	6	313	313,00	58	
59	3	316	316,00	59	
60	9	320	320,00	60	
