distances
0	399	334	646	313	691	669	755	792	596	514	371	673	747	371	471	634	672	306	359	462	516	688	523	768	745	439	774	536	741	476	785	349	632	434	370	487	702	376	691	351	556	607	766	496	367	603	469	426	572	581	556	603	330	425	399	656	542	578	661	587	
399	0	741	682	470	371	705	771	333	372	316	357	732	531	677	416	543	721	337	397	358	498	520	336	465	321	460	581	654	426	774	718	548	375	440	710	716	375	780	733	370	771	339	472	479	462	418	348	504	476	353	686	362	582	328	410	542	328	735	451	541	
334	741	0	345	656	539	336	751	564	553	517	427	327	382	696	410	584	587	620	396	497	581	543	536	778	683	435	471	528	778	612	425	480	756	588	376	363	470	388	684	580	537	389	392	333	354	389	377	744	576	540	512	753	451	658	586	770	366	444	301	774	
646	682	345	0	329	680	578	731	453	730	748	375	389	331	740	300	500	580	562	383	794	742	387	315	611	544	451	391	532	383	673	441	665	395	334	762	523	754	410	623	347	581	698	751	742	579	729	314	622	595	603	775	364	616	762	699	588	517	329	334	318	
313	470	656	329	0	403	382	359	669	319	329	535	562	753	717	306	566	551	314	483	714	510	685	675	461	301	352	667	389	770	513	478	721	379	568	540	618	326	586	514	304	739	334	741	688	331	785	690	406	332	356	327	670	335	476	315	794	356	613	367	421	
691	371	539	680	403	0	634	793	741	397	774	738	588	796	751	745	334	496	574	358	738	486	646	325	472	676	735	524	577	308	329	365	742	467	569	737	594	596	752	459	341	659	407	751	532	668	668	304	470	446	450	373	408	646	798	459	486	793	748	760	748	
669	705	336	578	382	634	0	439	418	375	507	720	528	353	689	333	420	651	538	736	598	542	747	352	316	641	722	686	452	459	613	767	783	329	500	674	384	721	687	655	326	328	431	426	333	791	785	658	679	321	483	477	499	699	529	722	354	332	588	380	671	
755	771	751	731	359	793	439	0	506	322	633	491	737	739	671	478	352	407	314	422	310	749	615	780	524	432	333	706	371	767	482	346	384	593	333	771	499	540	652	579	383	684	333	622	336	411	595	569	596	440	692	621	648	791	448	553	418	699	319	375	638	
792	333	564	453	669	741	418	506	0	414	440	555	307	620	358	421	439	408	787	567	592	471	723	502	761	741	369	709	312	782	479	697	623	731	361	797	705	542	454	536	509	482	600	405	378	697	781	703	692	652	532	468	444	763	659	630	529	539	786	442	643	
596	372	553	730	319	397	375	322	414	0	414	719	491	330	596	624	561	794	644	794	717	720	732	457	696	602	562	330	459	472	564	360	528	717	711	483	640	412	753	391	365	774	439	778	443	354	345	375	482	797	469	544	653	349	664	798	468	607	341	399	703	
514	316	517	748	329	774	507	633	440	414	0	599	773	555	505	721	351	578	423	595	509	520	536	742	506	674	307	509	525	764	761	698	547	433	520	391	609	444	349	700	312	556	362	609	575	590	758	650	640	635	620	411	494	616	798	735	434	735	630	580	518	
371	357	427	375	535	738	720	491	555	719	599	0	435	651	672	552	448	384	571	345	509	653	742	659	393	608	535	383	478	643	530	314	747	377	799	708	734	487	564	589	638	461	557	546	300	428	582	486	745	546	725	714	504	450	446	493	352	627	341	356	451	
673	732	327	389	562	588	528	737	307	491	773	435	0	498	630	767	440	612	544	456	767	693	704	336	387	796	358	663	425	724	728	470	759	429	470	481	709	388	466	370	446	597	303	635	491	571	502	440	406	472	674	622	654	465	522	491	601	322	630	397	373	
747	531	382	331	753	796	353	739	620	330	555	651	498	0	753	413	314	657	502	790	459	490	390	323	573	705	752	774	452	330	478	778	638	775	744	453	661	596	312	576	537	711	514	600	783	419	707	338	390	584	762	572	771	634	544	788	453	328	734	459	649	
371	677	696	740	717	751	689	671	358	596	505	672	630	753	0	668	788	758	533	539	552	341	748	367	364	404	360	495	447	609	600	695	496	529	301	328	374	321	590	459	421	421	309	742	596	507	604	423	660	511	729	467	513	628	311	405	675	335	576	722	469	
471	416	410	300	306	745	333	478	421	624	721	552	767	413	668	0	651	769	548	457	690	724	732	708	479	407	717	366	575	633	463	358	646	753	509	737	701	564	571	573	431	463	364	761	498	336	415	368	418	787	570	608	430	566	415	690	489	324	481	476	717	
634	543	584	500	566	334	420	352	439	561	351	448	440	314	788	651	0	501	630	576	360	461	374	772	725	418	782	535	531	739	584	611	332	486	368	590	547	676	771	712	763	694	436	308	408	615	390	408	479	561	418	628	364	430	676	335	789	396	374	309	653	
672	721	587	580	551	496	651	407	408	794	578	384	612	657	758	769	501	0	314	359	721	773	663	606	439	785	672	455	539	550	769	773	325	636	655	425	458	406	370	302	383	506	601	790	445	494	437	366	778	506	652	756	318	517	656	471	368	608	713	317	378	
306	337	620	562	314	574	538	314	787	644	423	571	544	502	533	548	630	314	0	711	558	696	548	311	757	718	646	607	682	725	365	365	744	769	731	631	725	746	720	505	504	546	590	693	606	665	310	426	627	460	406	483	581	315	575	300	587	561	404	483	641	
359	397	396	383	483	358	736	422	567	794	595	345	456	790	539	457	576	359	711	0	708	704	723	645	639	723	483	655	493	474	535	651	456	459	465	741	584	694	745	561	374	619	304	735	342	482	304	597	436	582	375	753	758	514	441	438	594	308	521	347	671	
462	358	497	794	714	738	598	310	592	717	509	509	767	459	552	690	360	721	558	708	0	677	564	534	734	424	694	429	368	403	376	676	737	446	688	387	692	525	469	440	574	769	397	392	454	318	310	789	487	359	549	311	373	340	314	458	615	372	631	766	712	
516	498	581	742	510	486	542	749	471	720	520	653	693	490	341	724	461	773	696	704	677	0	408	608	784	759	545	338	638	794	561	417	615	648	599	753	721	312	798	698	702	786	496	656	364	464	749	428	652	368	322	593	707	399	567	675	592	620	694	306	315	
688	520	543	387	685	646	747	615	723	732	536	742	704	390	748	732	374	663	548	723	564	408	0	582	460	634	608	645	450	391	764	429	374	542	468	550	503	519	627	723	410	333	578	556	514	765	386	623	411	374	459	660	304	743	673	338	724	765	457	770	353	
523	336	536	315	675	325	352	780	502	457	742	659	336	323	367	708	772	606	311	645	534	608	582	0	521	586	391	445	476	575	437	498	316	598	583	601	588	524	724	548	738	618	563	356	796	781	350	340	731	379	355	330	793	613	766	307	523	565	536	714	685	
768	465	778	611	461	472	316	524	761	696	506	393	387	573	364	479	725	439	757	639	734	784	460	521	0	595	527	533	763	748	550	364	753	439	322	413	648	775	581	355	410	731	681	553	746	705	715	611	576	645	666	458	798	355	626	553	484	429	524	357	718	
745	321	683	544	301	676	641	432	741	602	674	608	796	705	404	407	418	785	718	723	424	759	634	586	595	0	571	738	774	402	348	785	735	516	446	661	602	651	768	485	427	402	311	674	566	524	744	625	670	410	575	664	788	420	704	682	725	494	354	438	610	
439	460	435	451	352	735	722	333	369	562	307	535	358	752	360	717	782	672	646	483	694	545	608	391	527	571	0	419	631	532	457	425	682	705	407	560	531	573	512	555	308	552	574	312	563	646	578	701	369	426	402	392	749	521	517	583	391	701	629	315	314	
774	581	471	391	667	524	686	706	709	330	509	383	663	774	495	366	535	455	607	655	429	338	645	445	533	738	419	0	303	753	729	742	447	407	452	323	692	680	563	467	452	687	481	696	477	354	349	303	599	491	635	773	313	511	725	322	634	304	737	765	462	
536	654	528	532	389	577	452	371	312	459	525	478	425	452	447	575	531	539	682	493	368	638	450	476	763	774	631	303	0	714	319	612	722	705	448	411	468	714	574	586	448	696	473	373	471	322	336	598	385	442	605	426	520	678	576	452	744	475	488	591	391	
741	426	778	383	770	308	459	767	782	472	764	643	724	330	609	633	739	550	725	474	403	794	391	575	748	402	532	753	714	0	430	475	531	694	391	609	525	496	360	480	723	749	444	376	686	499	340	757	645	668	497	303	536	339	504	460	397	510	614	654	379	
476	774	612	673	513	329	613	482	479	564	761	530	728	478	600	463	584	769	365	535	376	561	764	437	550	348	457	729	319	430	0	676	709	675	790	683	429	306	329	713	564	563	687	465	590	349	586	405	348	735	471	391	339	577	482	696	468	460	373	647	733	
785	718	425	441	478	365	767	346	697	360	698	314	470	778	695	358	611	773	365	651	676	417	429	498	364	785	425	742	612	475	676	0	566	777	548	343	437	416	487	586	348	551	701	646	721	688	601	582	403	669	649	604	475	690	514	744	671	456	714	379	527	
349	548	480	665	721	742	783	384	623	528	547	747	759	638	496	646	332	325	744	456	737	615	374	316	753	735	682	447	722	531	709	566	0	533	790	475	456	516	418	339	455	753	659	666	374	436	407	458	632	635	576	449	613	456	783	349	731	306	465	346	782	
632	375	756	395	379	467	329	593	731	717	433	377	429	775	529	753	486	636	769	459	446	648	542	598	439	516	705	407	705	694	675	777	533	0	429	652	556	479	583	780	570	649	794	724	787	709	625	758	525	704	459	374	576	526	463	471	776	782	433	631	368	
434	440	588	334	568	569	500	333	361	711	520	799	470	744	301	509	368	655	731	465	688	599	468	583	322	446	407	452	448	391	790	548	790	429	0	777	736	639	752	351	654	356	522	403	691	484	449	575	605	487	418	708	375	506	537	767	394	489	417	378	427	
370	710	376	762	540	737	674	771	797	483	391	708	481	453	328	737	590	425	631	741	387	753	550	601	413	661	560	323	411	609	683	343	475	652	777	0	348	560	344	508	553	720	536	645	321	395	523	396	312	352	501	703	342	734	365	347	490	329	790	628	313	
487	716	363	523	618	594	384	499	705	640	609	734	709	661	374	701	547	458	725	584	692	721	503	588	648	602	531	692	468	525	429	437	456	556	736	348	0	362	668	372	477	613	626	743	634	409	359	609	404	725	724	639	666	450	717	349	690	384	677	325	371	
702	375	470	754	326	596	721	540	542	412	444	487	388	596	321	564	676	406	746	694	525	312	519	524	775	651	573	680	714	496	306	416	516	479	639	560	362	0	574	519	385	681	315	764	328	694	746	337	713	660	600	697	792	626	312	701	742	578	720	785	596	
376	780	388	410	586	752	687	652	454	753	349	564	466	312	590	571	771	370	720	745	469	798	627	724	581	768	512	563	574	360	329	487	418	583	752	344	668	574	0	494	636	415	591	762	587	594	484	537	443	798	464	695	426	440	755	612	651	657	408	712	409	
691	733	684	623	514	459	655	579	536	391	700	589	370	576	459	573	712	302	505	561	440	698	723	548	355	485	555	467	586	480	713	586	339	780	351	508	372	519	494	0	456	523	639	300	602	461	466	394	751	305	371	573	397	586	400	548	327	680	670	484	529	
351	370	580	347	304	341	326	383	509	365	312	638	446	537	421	431	763	383	504	374	574	702	410	738	410	427	308	452	448	723	564	348	455	570	654	553	477	385	636	456	0	681	759	792	508	772	704	503	794	695	700	419	367	318	366	588	438	586	623	651	507	
556	771	537	581	739	659	328	684	482	774	556	461	597	711	421	463	694	506	546	619	769	786	333	618	731	402	552	687	696	749	563	551	753	649	356	720	613	681	415	523	681	0	431	583	509	706	441	606	435	456	434	759	441	459	582	594	764	528	476	348	506	
607	339	389	698	334	407	431	333	600	439	362	557	303	514	309	364	436	601	590	304	397	496	578	563	681	311	574	481	473	444	687	701	659	794	522	536	626	315	591	639	759	431	0	417	472	407	601	592	643	736	345	379	574	693	594	563	624	681	531	625	551	
766	472	392	751	741	751	426	622	405	778	609	546	635	600	742	761	308	790	693	735	392	656	556	356	553	674	312	696	373	376	465	646	666	724	403	645	743	764	762	300	792	583	417	0	468	649	636	356	626	593	779	411	563	606	503	395	549	590	381	773	700	
496	479	333	742	688	532	333	336	378	443	575	300	491	783	596	498	408	445	606	342	454	364	514	796	746	566	563	477	471	686	590	721	374	787	691	321	634	328	587	602	508	509	472	468	0	458	516	798	701	718	559	501	616	764	424	712	442	331	636	388	542	
367	462	354	579	331	668	791	411	697	354	590	428	571	419	507	336	615	494	665	482	318	464	765	781	705	524	646	354	322	499	349	688	436	709	484	395	409	694	594	461	772	706	407	649	458	0	348	412	374	460	304	432	309	599	746	316	345	798	721	714	383	
603	418	389	729	785	668	785	595	781	345	758	582	502	707	604	415	390	437	310	304	310	749	386	350	715	744	578	349	336	340	586	601	407	625	449	523	359	746	484	466	704	441	601	636	516	348	0	552	558	346	480	712	340	302	625	382	665	359	697	450	669	
469	348	377	314	690	304	658	569	703	375	650	486	440	338	423	368	408	366	426	597	789	428	623	340	611	625	701	303	598	757	405	582	458	758	575	396	609	337	537	394	503	606	592	356	798	412	552	0	375	778	508	457	335	654	565	675	628	320	410	386	413	
426	504	744	622	406	470	679	596	692	482	640	745	406	390	660	418	479	778	627	436	487	652	411	731	576	670	369	599	385	645	348	403	632	525	605	312	404	713	443	751	794	435	643	626	701	374	558	375	0	789	706	476	317	340	789	443	378	363	513	672	724	
572	476	576	595	332	446	321	440	652	797	635	546	472	584	511	787	561	506	460	582	359	368	374	379	645	410	426	491	442	668	735	669	635	704	487	352	725	660	798	305	695	456	736	593	718	460	346	778	789	0	322	597	704	365	335	531	501	777	385	319	689	
581	353	540	603	356	450	483	692	532	469	620	725	674	762	729	570	418	652	406	375	549	322	459	355	666	575	402	635	605	497	471	649	576	459	418	501	724	600	464	371	700	434	345	779	559	304	480	508	706	322	0	636	740	649	493	322	594	537	719	688	572	
556	686	512	775	327	373	477	621	468	544	411	714	622	572	467	608	628	756	483	753	311	593	660	330	458	664	392	773	426	303	391	604	449	374	708	703	639	697	695	573	419	759	379	411	501	432	712	457	476	597	636	0	652	545	434	651	335	614	396	732	416	
603	362	753	364	670	408	499	648	444	653	494	504	654	771	513	430	364	318	581	758	373	707	304	793	798	788	749	313	520	536	339	475	613	576	375	342	666	792	426	397	367	441	574	563	616	309	340	335	317	704	740	652	0	610	704	362	604	501	520	670	422	
330	582	451	616	335	646	699	791	763	349	616	450	465	634	628	566	430	517	315	514	340	399	743	613	355	420	521	511	678	339	577	690	456	526	506	734	450	626	440	586	318	459	693	606	764	599	302	654	340	365	649	545	610	0	783	336	737	562	726	695	699	
425	328	658	762	476	798	529	448	659	664	798	446	522	544	311	415	676	656	575	441	314	567	673	766	626	704	517	725	576	504	482	514	783	463	537	365	717	312	755	400	366	582	594	503	424	746	625	565	789	335	493	434	704	783	0	431	601	424	795	540	328	
399	410	586	699	315	459	722	553	630	798	735	493	491	788	405	690	335	471	300	438	458	675	338	307	553	682	583	322	452	460	696	744	349	471	767	347	349	701	612	548	588	594	563	395	712	316	382	675	443	531	322	651	362	336	431	0	639	643	527	472	429	
656	542	770	588	794	486	354	418	529	468	434	352	601	453	675	489	789	368	587	594	615	592	724	523	484	725	391	634	744	397	468	671	731	776	394	490	690	742	651	327	438	764	624	549	442	345	665	628	378	501	594	335	604	737	601	639	0	457	579	789	315	
542	328	366	517	356	793	332	699	539	607	735	627	322	328	335	324	396	608	561	308	372	620	765	565	429	494	701	304	475	510	460	456	306	782	489	329	384	578	657	680	586	528	681	590	331	798	359	320	363	777	537	614	501	562	424	643	457	0	706	513	781	
578	735	444	329	613	748	588	319	786	341	630	341	630	734	576	481	374	713	404	521	631	694	457	536	524	354	629	737	488	614	373	714	465	433	417	790	677	720	408	670	623	476	531	381	636	721	697	410	513	385	719	396	520	726	795	527	579	706	0	534	567	
661	451	301	334	367	760	380	375	442	399	580	356	397	459	722	476	309	317	483	347	766	306	770	714	357	438	315	765	591	654	647	379	346	631	378	628	325	785	712	484	651	348	625	773	388	714	450	386	672	319	688	732	670	695	540	472	789	513	534	0	454	
587	541	774	318	421	748	671	638	643	703	518	451	373	649	469	717	653	378	641	671	712	315	353	685	718	610	314	462	391	379	733	527	782	368	427	313	371	596	409	529	507	506	551	700	542	383	669	413	724	689	572	416	422	699	328	429	315	781	567	454	0	
etats
Id_Station	Poids W	Min (P)	WSPT	Priorité	
1	9	302	33,56	1	
2	5	302	33,56	2	
3	7	304	33,78	3	
4	7	316	35,11	4	
5	1	323	35,89	5	
6	2	328	36,44	6	
7	3	305	38,13	7	
8	5	306	38,25	8	
9	3	312	39,00	9	
10	8	315	39,38	10	
11	7	322	40,25	11	
12	7	327	40,88	12	
13	4	302	43,14	13	
14	1	304	43,43	14	
15	3	306	51,00	15	
16	6	325	54,17	16	
17	7	301	60,20	17	
18	8	302	60,40	18	
19	2	302	60,40	19	
20	4	307	61,40	20	
21	1	309	61,80	21	
22	7	313	62,60	22	
23	7	341	68,20	23	
24	6	352	70,40	24	
25	9	301	75,25	25	
26	5	305	76,25	26	
27	4	306	76,50	27	
28	1	353	88,25	28	
29	5	300	100,00	29	
30	6	304	101,33	30	
31	6	307	102,33	31	
32	8	312	104,00	32	
33	8	312	104,00	33	
34	2	319	106,33	34	
35	9	345	115,00	35	
36	4	302	151,00	36	
37	1	303	151,50	37	
38	1	305	152,50	38	
39	1	307	153,50	39	
40	5	310	155,00	40	
41	8	312	156,00	41	
42	5	312	156,00	42	
43	8	314	157,00	43	
44	3	300	300,00	44	
45	6	301	301,00	45	
46	5	301	301,00	46	
47	8	304	304,00	47	
48	9	305	305,00	48	
49	1	305	305,00	49	
50	1	305	305,00	50	
51	5	306	306,00	51	
52	7	306	306,00	52	
53	1	307	307,00	53	
54	6	307	307,00	54	
55	1	310	310,00	55	
56	9	311	311,00	56	
57	4	313	313,00	57	
58	6	319	319,00	58	
59	4	332	332,00	59	
60	2	335	335,00	60	

