distances
0	423	701	573	347	677	397	768	528	375	340	719	491	710	334	386	479	599	647	612	516	654	776	551	518	748	613	520	415	476	569	604	560	548	564	427	772	591	494	646	457	320	355	553	599	563	648	471	415	503	510	341	490	640	612	583	425	627	503	737	366	
423	0	402	761	545	631	319	427	341	551	374	484	480	433	465	524	611	487	500	685	324	713	626	596	483	335	759	532	642	723	732	730	636	324	538	305	402	630	413	782	783	697	572	355	603	755	354	715	354	564	443	399	337	673	484	385	451	794	699	611	470	
701	402	0	509	479	468	398	471	640	302	576	329	595	360	475	347	763	405	642	364	583	660	381	661	485	373	524	352	611	647	702	654	646	446	491	671	745	326	727	563	473	445	768	600	368	669	521	318	560	522	783	472	653	411	789	654	558	440	769	643	531	
573	761	509	0	461	306	779	455	518	596	757	421	400	729	777	325	594	444	459	487	421	792	776	594	677	428	441	394	335	367	716	597	565	766	528	664	520	695	691	310	690	709	529	478	345	431	792	681	661	350	522	374	603	758	427	432	403	533	646	668	731	
347	545	479	461	0	466	324	776	791	414	556	312	688	342	728	673	494	583	369	658	719	762	517	339	555	325	546	309	632	667	636	368	706	784	665	374	491	362	524	607	399	501	568	633	618	467	399	793	491	705	711	751	400	477	623	540	435	606	767	696	432	
677	631	468	306	466	0	345	361	449	536	620	501	524	497	621	608	502	334	770	538	385	511	670	371	427	313	790	591	568	744	655	510	782	488	407	712	750	797	606	647	383	627	491	309	764	423	445	520	504	742	307	340	535	588	464	521	388	672	488	649	541	
397	319	398	779	324	345	0	321	352	689	660	339	498	372	337	497	789	640	625	688	597	313	466	387	409	454	421	404	373	607	732	726	762	520	603	583	350	451	622	414	433	729	418	761	575	772	763	534	357	666	309	481	344	532	568	752	561	583	691	651	327	
768	427	471	455	776	361	321	0	492	318	674	689	402	340	552	767	753	408	777	789	577	639	346	744	726	610	331	581	774	413	476	772	435	668	384	438	510	344	767	530	776	529	581	754	388	700	316	446	569	590	546	751	526	454	322	437	729	675	593	354	685	
528	341	640	518	791	449	352	492	0	586	392	666	725	764	518	739	496	562	413	496	408	744	634	743	732	650	416	742	771	540	617	380	635	776	303	360	455	623	307	434	481	677	733	702	520	389	330	786	423	319	750	691	331	361	515	366	744	528	602	419	395	
375	551	302	596	414	536	689	318	586	0	340	300	670	701	760	689	418	751	490	749	747	305	584	554	549	513	729	710	586	303	303	423	341	697	581	378	323	584	503	665	666	506	336	621	608	452	434	310	642	403	395	796	737	322	316	480	446	485	301	614	343	
340	374	576	757	556	620	660	674	392	340	0	464	602	452	573	536	671	553	686	444	469	666	354	734	689	348	540	380	661	706	684	450	656	371	447	318	624	658	516	547	418	733	772	704	480	791	584	591	606	540	491	660	534	644	553	450	700	406	575	737	476	
719	484	329	421	312	501	339	689	666	300	464	0	371	774	520	373	575	583	396	497	657	328	724	502	425	315	619	479	391	642	490	575	640	470	761	437	549	698	761	623	727	659	462	413	500	631	755	773	421	588	501	780	646	659	651	785	452	357	689	679	571	
491	480	595	400	688	524	498	402	725	670	602	371	0	617	626	528	343	333	694	518	495	568	414	444	602	687	717	467	445	718	686	381	726	793	495	553	519	693	733	796	441	730	469	448	791	617	534	584	338	663	608	393	384	343	615	692	628	631	625	345	770	
710	433	360	729	342	497	372	340	764	701	452	774	617	0	440	742	420	366	646	549	465	751	315	364	518	717	662	383	684	608	772	450	581	552	413	493	607	408	600	752	518	740	556	453	376	599	745	709	309	417	428	498	684	341	391	563	785	363	680	650	695	
334	465	475	777	728	621	337	552	518	760	573	520	626	440	0	515	333	644	591	658	345	682	737	329	691	490	741	626	647	558	499	691	720	324	620	379	698	728	696	769	340	483	394	369	729	616	556	770	631	617	559	492	667	724	555	355	606	434	307	716	658	
386	524	347	325	673	608	497	767	739	689	536	373	528	742	515	0	678	584	666	445	574	335	503	401	678	548	481	455	645	758	394	321	482	749	467	438	522	579	656	757	542	446	640	475	527	646	312	779	627	361	370	583	528	365	484	396	629	501	774	641	344	
479	611	763	594	494	502	789	753	496	418	671	575	343	420	333	678	0	520	528	516	328	667	637	632	676	676	522	428	718	587	780	478	313	300	728	682	606	737	791	425	468	311	746	377	781	455	431	428	706	716	598	666	684	733	575	407	786	405	530	676	490	
599	487	405	444	583	334	640	408	562	751	553	583	333	366	644	584	520	0	356	321	483	589	502	419	533	755	583	507	579	342	573	438	618	660	381	718	330	768	705	587	691	582	763	318	759	713	723	693	457	682	602	744	677	660	707	507	312	566	669	739	417	
647	500	642	459	369	770	625	777	413	490	686	396	694	646	591	666	528	356	0	635	565	519	421	773	409	440	309	719	774	335	418	748	471	338	357	623	656	655	306	321	499	467	493	649	728	640	786	772	693	401	646	406	706	442	364	537	776	581	308	309	748	
612	685	364	487	658	538	688	789	496	749	444	497	518	549	658	445	516	321	635	0	556	481	586	518	446	752	607	420	311	457	547	397	350	393	348	442	645	442	389	364	666	456	461	653	375	634	417	689	361	376	389	462	459	466	740	685	450	753	581	333	486	
516	324	583	421	719	385	597	577	408	747	469	657	495	465	345	574	328	483	565	556	0	591	402	652	639	707	327	569	416	326	782	572	649	723	474	472	387	765	756	388	573	318	327	499	782	605	477	604	446	450	760	777	560	631	325	793	699	473	368	360	435	
654	713	660	792	762	511	313	639	744	305	666	328	568	751	682	335	667	589	519	481	591	0	374	444	551	443	632	382	781	689	462	405	477	447	381	709	670	735	558	335	774	677	531	779	788	608	634	632	444	666	555	341	476	392	301	752	672	481	498	556	590	
776	626	381	776	517	670	466	346	634	584	354	724	414	315	737	503	637	502	421	586	402	374	0	599	710	540	653	595	772	639	554	562	326	708	348	716	718	314	486	551	778	732	313	355	631	731	462	799	720	507	467	707	777	637	396	786	726	637	629	474	470	
551	596	661	594	339	371	387	744	743	554	734	502	444	364	329	401	632	419	773	518	652	444	599	0	502	636	719	783	692	786	668	570	333	366	399	732	528	316	646	448	642	300	534	410	428	412	411	473	424	408	647	530	748	380	315	748	649	655	441	421	689	
518	483	485	677	555	427	409	726	732	549	689	425	602	518	691	678	676	533	409	446	639	551	710	502	0	320	607	778	653	368	704	440	386	753	481	687	519	307	333	466	558	320	665	569	649	647	581	557	315	463	470	342	329	719	733	305	399	496	474	639	774	
748	335	373	428	325	313	454	610	650	513	348	315	687	717	490	548	676	755	440	752	707	443	540	636	320	0	389	767	423	659	422	729	624	468	598	488	766	473	428	379	317	490	440	666	431	324	495	416	410	322	346	725	584	757	620	426	739	434	435	544	375	
613	759	524	441	546	790	421	331	416	729	540	619	717	662	741	481	522	583	309	607	327	632	653	719	607	389	0	642	481	770	565	650	358	738	709	401	726	798	434	796	636	390	656	566	513	724	425	429	407	678	671	379	716	692	384	572	777	311	344	636	406	
520	532	352	394	309	591	404	581	742	710	380	479	467	383	626	455	428	507	719	420	569	382	595	783	778	767	642	0	364	455	315	726	772	348	487	683	456	787	652	700	534	784	364	401	565	537	663	607	386	396	512	795	617	491	581	578	490	715	496	346	748	
415	642	611	335	632	568	373	774	771	586	661	391	445	684	647	645	718	579	774	311	416	781	772	692	653	423	481	364	0	420	365	722	792	407	741	347	723	572	345	659	421	423	793	446	571	582	467	625	329	769	583	406	637	742	514	408	442	381	392	624	364	
476	723	647	367	667	744	607	413	540	303	706	642	718	608	558	758	587	342	335	457	326	689	639	786	368	659	770	455	420	0	387	743	799	448	686	723	513	356	547	387	622	599	662	494	643	582	364	310	599	421	592	435	771	396	581	536	580	450	612	659	629	
569	732	702	716	636	655	732	476	617	303	684	490	686	772	499	394	780	573	418	547	782	462	554	668	704	422	565	315	365	387	0	300	416	594	776	652	650	327	315	678	357	302	527	654	467	753	583	666	792	518	373	471	431	327	734	689	758	625	657	644	417	
604	730	654	597	368	510	726	772	380	423	450	575	381	450	691	321	478	438	748	397	572	405	562	570	440	729	650	726	722	743	300	0	541	770	578	327	571	308	705	494	795	409	592	531	373	729	648	523	520	574	561	480	433	419	578	350	606	505	563	757	420	
560	636	646	565	706	782	762	435	635	341	656	640	726	581	720	482	313	618	471	350	649	477	326	333	386	624	358	772	792	799	416	541	0	725	747	491	389	415	321	757	605	754	699	498	701	448	443	637	780	385	558	659	777	559	716	713	314	404	757	492	346	
548	324	446	766	784	488	520	668	776	697	371	470	793	552	324	749	300	660	338	393	723	447	708	366	753	468	738	348	407	448	594	770	725	0	777	785	353	652	755	561	340	632	770	475	712	750	645	670	539	328	358	556	433	779	460	645	698	342	792	746	511	
564	538	491	528	665	407	603	384	303	581	447	761	495	413	620	467	728	381	357	348	474	381	348	399	481	598	709	487	741	686	776	578	747	777	0	377	301	390	431	464	459	498	578	524	304	485	316	556	774	613	437	618	773	618	742	640	506	718	591	479	776	
427	305	671	664	374	712	583	438	360	378	318	437	553	493	379	438	682	718	623	442	472	709	716	732	687	488	401	683	347	723	652	327	491	785	377	0	557	322	481	605	669	474	383	542	788	672	598	658	516	767	313	697	398	529	316	781	567	700	523	527	674	
772	402	745	520	491	750	350	510	455	323	624	549	519	607	698	522	606	330	656	645	387	670	718	528	519	766	726	456	723	513	650	571	389	353	301	557	0	725	436	577	754	662	577	614	769	696	519	355	747	689	395	514	744	357	765	333	488	420	533	757	552	
591	630	326	695	362	797	451	344	623	584	658	698	693	408	728	579	737	768	655	442	765	735	314	316	307	473	798	787	572	356	327	308	415	652	390	322	725	0	315	332	638	496	490	510	495	796	716	331	536	515	342	470	542	619	452	588	344	315	634	415	439	
494	413	727	691	524	606	622	767	307	503	516	761	733	600	696	656	791	705	306	389	756	558	486	646	333	428	434	652	345	547	315	705	321	755	431	481	436	315	0	377	492	481	547	700	610	444	679	723	412	488	315	404	730	508	541	684	781	492	489	588	746	
646	782	563	310	607	647	414	530	434	665	547	623	796	752	769	757	425	587	321	364	388	335	551	448	466	379	796	700	659	387	678	494	757	561	464	605	577	332	377	0	575	458	595	675	647	562	766	533	556	364	539	357	584	618	690	777	644	567	711	741	577	
457	783	473	690	399	383	433	776	481	666	418	727	441	518	340	542	468	691	499	666	573	774	778	642	558	317	636	534	421	622	357	795	605	340	459	669	754	638	492	575	0	672	310	690	664	446	756	414	708	488	409	546	551	751	689	304	685	762	402	501	734	
320	697	445	709	501	627	729	529	677	506	733	659	730	740	483	446	311	582	467	456	318	677	732	300	320	490	390	784	423	599	302	409	754	632	498	474	662	496	481	458	672	0	477	449	738	522	548	578	393	708	704	679	410	442	547	528	682	784	531	666	618	
355	572	768	529	568	491	418	581	733	336	772	462	469	556	394	640	746	763	493	461	327	531	313	534	665	440	656	364	793	662	527	592	699	770	578	383	577	490	547	595	310	477	0	473	560	437	368	514	712	341	328	632	418	459	314	784	437	712	558	364	513	
553	355	600	478	633	309	761	754	702	621	704	413	448	453	369	475	377	318	649	653	499	779	355	410	569	666	566	401	446	494	654	531	498	475	524	542	614	510	700	675	690	449	473	0	555	348	661	759	435	312	523	480	667	462	616	462	779	688	623	458	646	
599	603	368	345	618	764	575	388	520	608	480	500	791	376	729	527	781	759	728	375	782	788	631	428	649	431	513	565	571	643	467	373	701	712	304	788	769	495	610	647	664	738	560	555	0	562	322	704	475	752	646	566	628	496	783	727	608	559	339	796	379	
563	755	669	431	467	423	772	700	389	452	791	631	617	599	616	646	455	713	640	634	605	608	731	412	647	324	724	537	582	582	753	729	448	750	485	672	696	796	444	562	446	522	437	348	562	0	345	325	649	788	477	573	424	557	676	440	459	659	571	356	743	
648	354	521	792	399	445	763	316	330	434	584	755	534	745	556	312	431	723	786	417	477	634	462	411	581	495	425	663	467	364	583	648	443	645	316	598	519	716	679	766	756	548	368	661	322	345	0	435	359	791	550	620	314	541	639	728	720	412	546	445	686	
471	715	318	681	793	520	534	446	786	310	591	773	584	709	770	779	428	693	772	689	604	632	799	473	557	416	429	607	625	310	666	523	637	670	556	658	355	331	723	533	414	578	514	759	704	325	435	0	755	584	304	685	578	354	652	338	694	702	560	430	393	
415	354	560	661	491	504	357	569	423	642	606	421	338	309	631	627	706	457	693	361	446	444	720	424	315	410	407	386	329	599	792	520	780	539	774	516	747	536	412	556	708	393	712	435	475	649	359	755	0	615	484	556	455	569	383	518	522	685	353	443	588	
503	564	522	350	705	742	666	590	319	403	540	588	663	417	617	361	716	682	401	376	450	666	507	408	463	322	678	396	769	421	518	574	385	328	613	767	689	515	488	364	488	708	341	312	752	788	791	584	615	0	491	318	746	310	798	694	740	363	483	376	380	
510	443	783	522	711	307	309	546	750	395	491	501	608	428	559	370	598	602	646	389	760	555	467	647	470	346	671	512	583	592	373	561	558	358	437	313	395	342	315	539	409	704	328	523	646	477	550	304	484	491	0	368	460	728	795	439	740	580	366	717	370	
341	399	472	374	751	340	481	751	691	796	660	780	393	498	492	583	666	744	406	462	777	341	707	530	342	725	379	795	406	435	471	480	659	556	618	697	514	470	404	357	546	679	632	480	566	573	620	685	556	318	368	0	488	343	579	371	485	617	498	658	548	
490	337	653	603	400	535	344	526	331	737	534	646	384	684	667	528	684	677	706	459	560	476	777	748	329	584	716	617	637	771	431	433	777	433	773	398	744	542	730	584	551	410	418	667	628	424	314	578	455	746	460	488	0	553	743	335	741	509	483	482	656	
640	673	411	758	477	588	532	454	361	322	644	659	343	341	724	365	733	660	442	466	631	392	637	380	719	757	692	491	742	396	327	419	559	779	618	529	357	619	508	618	751	442	459	462	496	557	541	354	569	310	728	343	553	0	751	514	696	354	581	506	527	
612	484	789	427	623	464	568	322	515	316	553	651	615	391	555	484	575	707	364	740	325	301	396	315	733	620	384	581	514	581	734	578	716	460	742	316	765	452	541	690	689	547	314	616	783	676	639	652	383	798	795	579	743	751	0	656	665	549	609	657	532	
583	385	654	432	540	521	752	437	366	480	450	785	692	563	355	396	407	507	537	685	793	752	786	748	305	426	572	578	408	536	689	350	713	645	640	781	333	588	684	777	304	528	784	462	727	440	728	338	518	694	439	371	335	514	656	0	620	754	406	370	734	
425	451	558	403	435	388	561	729	744	446	700	452	628	785	606	629	786	312	776	450	699	672	726	649	399	739	777	490	442	580	758	606	314	698	506	567	488	344	781	644	685	682	437	779	608	459	720	694	522	740	740	485	741	696	665	620	0	552	597	742	682	
627	794	440	533	606	672	583	675	528	485	406	357	631	363	434	501	405	566	581	753	473	481	637	655	496	434	311	715	381	450	625	505	404	342	718	700	420	315	492	567	762	784	712	688	559	659	412	702	685	363	580	617	509	354	549	754	552	0	374	620	700	
503	699	769	646	767	488	691	593	602	301	575	689	625	680	307	774	530	669	308	581	368	498	629	441	474	435	344	496	392	612	657	563	757	792	591	523	533	634	489	711	402	531	558	623	339	571	546	560	353	483	366	498	483	581	609	406	597	374	0	448	478	
737	611	643	668	696	649	651	354	419	614	737	679	345	650	716	641	676	739	309	333	360	556	474	421	639	544	636	346	624	659	644	757	492	746	479	527	757	415	588	741	501	666	364	458	796	356	445	430	443	376	717	658	482	506	657	370	742	620	448	0	450	
366	470	531	731	432	541	327	685	395	343	476	571	770	695	658	344	490	417	748	486	435	590	470	689	774	375	406	748	364	629	417	420	346	511	776	674	552	439	746	577	734	618	513	646	379	743	686	393	588	380	370	548	656	527	532	734	682	700	478	450	0	
etats
Id_Station	Poids W	Min (P)	WSPT	Priorité	
1	9	301	33,44	1	
2	5	312	34,67	2	
3	3	312	34,67	3	
4	4	315	35,00	4	
5	8	316	35,11	5	
6	5	300	37,50	6	
7	9	300	37,50	7	
8	6	303	37,88	8	
9	1	306	38,25	9	
10	1	307	38,38	10	
11	3	328	41,00	11	
12	1	329	41,13	12	
13	4	300	42,86	13	
14	9	300	42,86	14	
15	6	301	43,00	15	
16	1	302	43,14	16	
17	5	303	43,29	17	
18	7	304	43,43	18	
19	4	304	43,43	19	
20	3	307	43,86	20	
21	5	304	50,67	21	
22	5	306	51,00	22	
23	6	308	51,33	23	
24	7	311	51,83	24	
25	8	314	52,33	25	
26	1	316	52,67	26	
27	8	319	53,17	27	
28	3	301	60,20	28	
29	6	302	60,40	29	
30	4	303	60,60	30	
31	7	303	60,60	31	
32	6	303	60,60	32	
33	4	304	60,80	33	
34	8	307	61,40	34	
35	5	307	61,40	35	
36	6	301	75,25	36	
37	3	303	75,75	37	
38	1	304	76,00	38	
39	4	310	77,50	39	
40	9	312	78,00	40	
41	8	325	81,25	41	
42	6	300	100,00	42	
43	3	300	100,00	43	
44	4	310	103,33	44	
45	2	319	106,33	45	
46	2	301	150,50	46	
47	2	304	152,00	47	
48	6	313	156,50	48	
49	1	316	158,00	49	
50	8	300	300,00	50	
51	1	300	300,00	51	
52	7	301	301,00	52	
53	3	302	302,00	53	
54	8	303	303,00	54	
55	3	304	304,00	55	
56	3	304	304,00	56	
57	5	305	305,00	57	
58	7	306	306,00	58	
59	9	306	306,00	59	
60	5	312	312,00	60	

