distances
0	583	562	660	657	552	573	544	519	324	575	456	391	333	656	325	656	394	688	584	559	391	651	382	737	354	486	738	577	435	474	766	563	361	790	435	574	739	612	694	385	327	306	594	374	619	530	494	493	346	400	382	630	594	719	336	510	763	573	670	567	
583	0	662	423	734	312	675	738	763	422	417	355	310	691	531	361	600	784	343	390	600	779	310	333	736	394	593	622	421	584	342	346	487	465	319	779	335	648	445	555	725	529	392	483	399	709	368	398	434	615	503	483	782	609	645	502	705	447	662	666	635	
562	662	0	778	414	670	616	562	363	624	639	591	373	355	564	586	495	370	635	422	775	378	364	660	621	711	736	323	381	431	331	512	660	659	744	323	681	381	744	606	370	603	643	628	451	420	772	701	679	717	506	586	569	656	364	353	532	405	574	330	338	
660	423	778	0	657	485	792	764	665	640	530	628	783	703	471	503	599	433	440	467	433	672	391	587	409	561	726	411	330	758	392	784	757	316	572	629	790	412	418	694	314	412	325	433	334	602	650	676	539	452	375	433	508	437	648	745	706	731	626	622	386	
657	734	414	657	0	580	439	791	680	387	580	526	528	471	502	444	670	515	303	754	780	756	340	378	489	674	455	470	537	720	711	538	424	444	794	544	407	652	322	580	503	527	784	619	358	740	493	524	461	754	685	408	744	775	723	790	597	776	516	389	554	
552	312	670	485	580	0	456	319	326	544	526	520	468	711	630	305	750	425	376	572	321	363	329	572	762	522	786	325	402	692	574	519	737	589	327	570	528	646	466	332	445	674	747	411	635	338	669	311	531	706	314	690	617	327	394	661	796	667	637	579	506	
573	675	616	792	439	456	0	484	449	398	469	349	577	795	393	517	587	748	567	351	443	345	438	773	641	563	656	663	721	603	446	554	696	560	494	518	742	458	448	597	367	516	434	590	479	716	415	725	518	519	696	645	366	669	457	689	649	486	349	706	513	
544	738	562	764	791	319	484	0	312	301	762	621	644	510	413	706	613	425	538	316	332	356	718	782	408	637	752	625	407	593	753	543	543	439	435	567	492	701	572	555	470	710	645	698	712	704	492	354	759	776	333	721	473	509	517	679	667	420	578	359	370	
519	763	363	665	680	326	449	312	0	694	603	704	615	542	728	727	555	352	364	710	442	528	436	551	777	364	614	545	538	690	506	421	614	709	717	358	455	795	729	766	483	550	699	302	613	655	726	639	602	537	346	555	321	651	365	675	586	374	357	531	696	
324	422	624	640	387	544	398	301	694	0	519	460	500	374	778	757	456	564	510	540	781	604	450	378	403	572	359	640	402	690	701	730	467	587	454	694	358	776	626	733	625	354	652	796	710	553	728	329	617	459	653	597	516	631	361	312	372	695	438	577	358	
575	417	639	530	580	526	469	762	603	519	0	622	756	632	774	599	333	721	311	594	304	770	478	312	688	771	646	623	687	610	302	544	322	309	376	380	716	733	397	676	577	798	419	417	541	492	681	510	573	426	774	330	629	566	579	671	790	664	778	590	583	
456	355	591	628	526	520	349	621	704	460	622	0	458	540	403	379	529	502	478	539	478	350	415	699	400	408	664	617	471	467	754	562	370	718	646	682	478	301	337	787	719	574	337	587	454	569	493	715	769	721	613	380	563	640	685	381	779	600	724	525	556	
391	310	373	783	528	468	577	644	615	500	756	458	0	528	326	662	335	482	402	685	547	682	420	390	652	331	343	425	384	475	792	663	420	485	760	756	345	547	424	641	788	350	520	619	541	432	628	640	317	688	561	536	745	592	379	704	694	547	463	624	730	
333	691	355	703	471	711	795	510	542	374	632	540	528	0	308	797	391	636	445	570	574	739	689	696	517	470	672	754	665	424	447	408	477	409	624	736	476	406	401	673	529	482	621	632	733	618	344	609	391	423	659	456	532	482	422	610	769	482	626	701	433	
656	531	564	471	502	630	393	413	728	778	774	403	326	308	0	512	758	352	558	511	340	305	524	370	329	541	772	761	472	407	685	514	406	775	497	693	381	465	757	576	364	451	493	675	716	333	745	351	697	660	705	427	340	503	396	535	587	546	314	599	571	
325	361	586	503	444	305	517	706	727	757	599	379	662	797	512	0	712	678	610	331	536	334	498	327	415	499	440	481	463	793	758	316	445	306	589	582	528	557	316	346	600	393	670	591	371	775	629	326	696	311	570	705	397	623	392	798	786	399	592	697	645	
656	600	495	599	670	750	587	613	555	456	333	529	335	391	758	712	0	730	406	551	557	562	741	444	474	341	511	379	684	595	691	713	639	713	739	768	549	646	313	590	770	516	519	337	328	447	536	711	727	674	580	651	380	450	493	691	566	357	473	456	486	
394	784	370	433	515	425	748	425	352	564	721	502	482	636	352	678	730	0	717	318	771	721	368	387	586	412	791	762	573	481	414	428	558	448	427	722	798	753	552	784	538	370	727	429	584	715	335	769	419	421	408	385	648	699	305	786	779	594	706	431	718	
688	343	635	440	303	376	567	538	364	510	311	478	402	445	558	610	406	717	0	596	592	362	398	486	776	531	544	356	788	364	316	326	381	586	672	432	308	651	571	771	597	460	539	304	494	640	359	641	752	348	594	381	786	517	725	362	399	325	589	502	352	
584	390	422	467	754	572	351	316	710	540	594	539	685	570	511	331	551	318	596	0	582	662	501	346	533	375	690	414	529	717	618	632	636	397	719	493	707	457	705	712	550	397	498	681	560	680	617	517	617	358	595	696	523	768	615	588	581	541	769	755	518	
559	600	775	433	780	321	443	332	442	781	304	478	547	574	340	536	557	771	592	582	0	458	721	799	485	425	559	558	660	656	526	688	516	325	422	300	349	429	451	391	727	586	714	533	499	575	719	632	356	732	326	504	524	671	558	747	481	774	406	432	590	
391	779	378	672	756	363	345	356	528	604	770	350	682	739	305	334	562	721	362	662	458	0	552	327	748	769	506	748	768	669	399	308	586	760	581	592	605	521	425	664	423	756	569	683	659	368	417	622	446	781	704	706	669	450	499	521	519	355	790	319	733	
651	310	364	391	340	329	438	718	436	450	478	415	420	689	524	498	741	368	398	501	721	552	0	327	527	748	341	564	748	317	364	636	615	382	459	601	484	765	624	318	744	597	645	625	688	428	790	465	543	792	597	414	667	401	656	464	649	359	619	769	481	
382	333	660	587	378	572	773	782	551	378	312	699	390	696	370	327	444	387	486	346	799	327	327	0	798	417	368	709	754	583	743	398	604	771	772	677	711	701	729	332	597	552	603	693	656	586	455	544	728	436	418	469	347	317	768	556	645	752	615	355	573	
737	736	621	409	489	762	641	408	777	403	688	400	652	517	329	415	474	586	776	533	485	748	527	798	0	519	600	613	428	693	559	603	739	374	342	741	433	319	676	655	772	617	485	574	754	337	367	690	717	462	653	504	459	375	779	707	678	522	608	686	759	
354	394	711	561	674	522	563	637	364	572	771	408	331	470	541	499	341	412	531	375	425	769	748	417	519	0	614	487	484	473	403	671	736	655	385	362	324	700	315	329	668	685	483	510	370	666	535	368	384	763	665	441	542	458	633	583	713	411	494	588	345	
486	593	736	726	455	786	656	752	614	359	646	664	343	672	772	440	511	791	544	690	559	506	341	368	600	614	0	594	659	380	513	619	766	589	551	764	591	556	489	319	366	399	320	648	441	482	465	441	741	674	741	376	676	622	448	770	390	738	606	655	403	
738	622	323	411	470	325	663	625	545	640	623	617	425	754	761	481	379	762	356	414	558	748	564	709	613	487	594	0	400	681	683	505	678	454	734	585	496	778	407	551	565	550	485	777	427	550	652	606	408	351	481	640	312	590	618	362	519	590	622	796	726	
577	421	381	330	537	402	721	407	538	402	687	471	384	665	472	463	684	573	788	529	660	768	748	754	428	484	659	400	0	348	728	344	664	526	737	555	553	557	394	377	688	543	485	363	438	457	369	621	562	706	380	326	453	389	792	626	471	400	785	393	666	
435	584	431	758	720	692	603	593	690	690	610	467	475	424	407	793	595	481	364	717	656	669	317	583	693	473	380	681	348	0	327	702	540	344	500	779	607	356	538	311	794	319	513	488	794	428	551	379	745	349	782	686	355	576	343	456	506	489	408	667	437	
474	342	331	392	711	574	446	753	506	701	302	754	792	447	685	758	691	414	316	618	526	399	364	743	559	403	513	683	728	327	0	648	578	659	479	706	434	373	651	379	632	597	672	396	664	539	521	360	765	514	339	433	746	601	529	706	420	693	483	427	451	
766	346	512	784	538	519	554	543	421	730	544	562	663	408	514	316	713	428	326	632	688	308	636	398	603	671	619	505	344	702	648	0	346	725	756	575	735	655	422	795	674	754	574	738	714	592	346	603	642	345	497	737	563	484	695	652	796	639	596	380	378	
563	487	660	757	424	737	696	543	614	467	322	370	420	477	406	445	639	558	381	636	516	586	615	604	739	736	766	678	664	540	578	346	0	772	724	443	547	619	518	534	627	743	597	631	541	738	694	472	436	305	352	370	389	477	782	531	579	414	669	737	333	
361	465	659	316	444	589	560	439	709	587	309	718	485	409	775	306	713	448	586	397	325	760	382	771	374	655	589	454	526	344	659	725	772	0	331	430	436	706	731	350	342	707	393	402	683	792	532	698	655	433	781	537	602	517	389	326	342	542	513	592	305	
790	319	744	572	794	327	494	435	717	454	376	646	760	624	497	589	739	427	672	719	422	581	459	772	342	385	551	734	737	500	479	756	724	331	0	306	415	658	722	615	746	335	501	739	770	519	765	336	581	485	370	525	705	599	693	657	712	553	701	394	491	
435	779	323	629	544	570	518	567	358	694	380	682	756	736	693	582	768	722	432	493	300	592	601	677	741	362	764	585	555	779	706	575	443	430	306	0	366	455	423	797	533	731	345	760	730	373	795	588	571	321	526	674	447	631	510	478	622	447	636	321	647	
574	335	681	790	407	528	742	492	455	358	716	478	345	476	381	528	549	798	308	707	349	605	484	711	433	324	591	496	553	607	434	735	547	436	415	366	0	452	301	738	305	749	502	636	564	665	546	755	320	449	769	337	373	593	694	423	597	331	450	549	719	
739	648	381	412	652	646	458	701	795	776	733	301	547	406	465	557	646	753	651	457	429	521	765	701	319	700	556	778	557	356	373	655	619	706	658	455	452	0	700	480	351	576	766	574	762	401	469	586	670	731	783	454	775	431	698	498	465	304	445	338	635	
612	445	744	418	322	466	448	572	729	626	397	337	424	401	757	316	313	552	571	705	451	425	624	729	676	315	489	407	394	538	651	422	518	731	722	423	301	700	0	437	624	313	356	370	440	331	695	513	363	469	386	700	300	306	593	593	448	554	489	775	548	
694	555	606	694	580	332	597	555	766	733	676	787	641	673	576	346	590	784	771	712	391	664	318	332	655	329	319	551	377	311	379	795	534	350	615	797	738	480	437	0	381	767	392	653	768	526	682	732	416	657	420	444	418	624	390	353	422	701	315	601	548	
385	725	370	314	503	445	367	470	483	625	577	719	788	529	364	600	770	538	597	550	727	423	744	597	772	668	366	565	688	794	632	674	627	342	746	533	305	351	624	381	0	655	477	641	669	310	463	338	480	653	797	685	376	607	724	575	559	686	412	752	326	
327	529	603	412	527	674	516	710	550	354	798	574	350	482	451	393	516	370	460	397	586	756	597	552	617	685	399	550	543	319	597	754	743	707	335	731	749	576	313	767	655	0	715	322	387	348	582	484	573	672	672	571	570	688	732	642	555	592	698	518	322	
306	392	643	325	784	747	434	645	699	652	419	337	520	621	493	670	519	727	539	498	714	569	645	603	485	483	320	485	485	513	672	574	597	393	501	345	502	766	356	392	477	715	0	356	534	735	579	308	439	732	748	648	411	529	575	545	310	631	756	420	454	
594	483	628	433	619	411	590	698	302	796	417	587	619	632	675	591	337	429	304	681	533	683	625	693	574	510	648	777	363	488	396	738	631	402	739	760	636	574	370	653	641	322	356	0	421	376	731	722	418	752	427	569	790	501	696	425	639	356	769	533	475	
374	399	451	334	358	635	479	712	613	710	541	454	541	733	716	371	328	584	494	560	499	659	688	656	754	370	441	427	438	794	664	714	541	683	770	730	564	762	440	768	669	387	534	421	0	633	602	326	303	437	641	606	667	592	735	544	451	580	380	656	710	
619	709	420	602	740	338	716	704	655	553	492	569	432	618	333	775	447	715	640	680	575	368	428	586	337	666	482	550	457	428	539	592	738	792	519	373	665	401	331	526	310	348	735	376	633	0	715	682	671	629	572	721	563	418	329	766	490	726	766	405	784	
530	368	772	650	493	669	415	492	726	728	681	493	628	344	745	629	536	335	359	617	719	417	790	455	367	535	465	652	369	551	521	346	694	532	765	795	546	469	695	682	463	582	579	731	602	715	0	395	765	768	491	679	648	422	501	729	649	557	515	723	788	
494	398	701	676	524	311	725	354	639	329	510	715	640	609	351	326	711	769	641	517	632	622	465	544	690	368	441	606	621	379	360	603	472	698	336	588	755	586	513	732	338	484	308	722	326	682	395	0	367	670	601	793	373	479	618	646	316	611	740	403	562	
493	434	679	539	461	531	518	759	602	617	573	769	317	391	697	696	727	419	752	617	356	446	543	728	717	384	741	408	562	745	765	642	436	655	581	571	320	670	363	416	480	573	439	418	303	671	765	367	0	493	554	386	368	735	718	588	360	791	370	475	709	
346	615	717	452	754	706	519	776	537	459	426	721	688	423	660	311	674	421	348	358	732	781	792	436	462	763	674	351	706	349	514	345	305	433	485	321	449	731	469	657	653	672	732	752	437	629	768	670	493	0	391	615	785	578	363	530	627	759	500	343	343	
400	503	506	375	685	314	696	333	346	653	774	613	561	659	705	570	580	408	594	595	326	704	597	418	653	665	741	481	380	782	339	497	352	781	370	526	769	783	386	420	797	672	748	427	641	572	491	601	554	391	0	461	600	386	374	792	614	762	432	439	317	
382	483	586	433	408	690	645	721	555	597	330	380	536	456	427	705	651	385	381	696	504	706	414	469	504	441	376	640	326	686	433	737	370	537	525	674	337	454	700	444	685	571	648	569	606	721	679	793	386	615	461	0	323	445	338	629	373	521	490	325	432	
630	782	569	508	744	617	366	473	321	516	629	563	745	532	340	397	380	648	786	523	524	669	667	347	459	542	676	312	453	355	746	563	389	602	705	447	373	775	300	418	376	570	411	790	667	563	648	373	368	785	600	323	0	629	684	411	377	663	752	663	438	
594	609	656	437	775	327	669	509	651	631	566	640	592	482	503	623	450	699	517	768	671	450	401	317	375	458	622	590	389	576	601	484	477	517	599	631	593	431	306	624	607	688	529	501	592	418	422	479	735	578	386	445	629	0	396	464	523	602	744	734	441	
719	645	364	648	723	394	457	517	365	361	579	685	379	422	396	392	493	305	725	615	558	499	656	768	779	633	448	618	792	343	529	695	782	389	693	510	694	698	593	390	724	732	575	696	735	329	501	618	718	363	374	338	684	396	0	473	367	643	328	460	396	
336	502	353	745	790	661	689	679	675	312	671	381	704	610	535	798	691	786	362	588	747	521	464	556	707	583	770	362	626	456	706	652	531	326	657	478	423	498	593	353	575	642	545	425	544	766	729	646	588	530	792	629	411	464	473	0	393	677	548	403	699	
510	705	532	706	597	796	649	667	586	372	790	779	694	769	587	786	566	779	399	581	481	519	649	645	678	713	390	519	471	506	420	796	579	342	712	622	597	465	448	422	559	555	310	639	451	490	649	316	360	627	614	373	377	523	367	393	0	576	744	708	669	
763	447	405	731	776	667	486	420	374	695	664	600	547	482	546	399	357	594	325	541	774	355	359	752	522	411	738	590	400	489	693	639	414	542	553	447	331	304	554	701	686	592	631	356	580	726	557	611	791	759	762	521	663	602	643	677	576	0	612	674	516	
573	662	574	626	516	637	349	578	357	438	778	724	463	626	314	592	473	706	589	769	406	790	619	615	608	494	606	622	785	408	483	596	669	513	701	636	450	445	489	315	412	698	756	769	380	766	515	740	370	500	432	490	752	744	328	548	744	612	0	751	355	
670	666	330	622	389	579	706	359	531	577	590	525	624	701	599	697	456	431	502	755	432	319	769	355	686	588	655	796	393	667	427	380	737	592	394	321	549	338	775	601	752	518	420	533	656	405	723	403	475	343	439	325	663	734	460	403	708	674	751	0	452	
567	635	338	386	554	506	513	370	696	358	583	556	730	433	571	645	486	718	352	518	590	733	481	573	759	345	403	726	666	437	451	378	333	305	491	647	719	635	548	548	326	322	454	475	710	784	788	562	709	343	317	432	438	441	396	699	669	516	355	452	0	
etats
Id_Station	Poids W	Min (P)	WSPT	Priorité	
1	6	300	33,33	1	
2	7	301	33,44	2	
3	1	301	33,44	3	
4	6	303	33,67	4	
5	1	300	37,50	5	
6	6	305	38,13	6	
7	8	305	38,13	7	
8	5	306	38,25	8	
9	3	312	39,00	9	
10	9	318	39,75	10	
11	8	320	40,00	11	
12	8	303	43,29	12	
13	5	303	43,29	13	
14	1	304	43,43	14	
15	1	305	43,57	15	
16	2	305	43,57	16	
17	8	307	43,86	17	
18	1	307	43,86	18	
19	1	309	44,14	19	
20	4	310	44,29	20	
21	8	300	50,00	21	
22	6	300	50,00	22	
23	9	304	50,67	23	
24	5	305	50,83	24	
25	4	308	51,33	25	
26	5	313	52,17	26	
27	1	302	60,40	27	
28	2	305	61,00	28	
29	5	320	64,00	29	
30	4	300	75,00	30	
31	3	300	75,00	31	
32	4	302	75,50	32	
33	1	302	75,50	33	
34	1	303	75,75	34	
35	6	305	76,25	35	
36	6	306	76,50	36	
37	6	307	76,75	37	
38	6	309	77,25	38	
39	1	316	79,00	39	
40	3	319	79,75	40	
41	9	323	80,75	41	
42	8	300	100,00	42	
43	1	300	100,00	43	
44	9	302	100,67	44	
45	1	316	105,33	45	
46	1	316	105,33	46	
47	9	301	150,50	47	
48	1	301	150,50	48	
49	8	303	151,50	49	
50	4	304	152,00	50	
51	1	310	155,00	51	
52	4	310	155,00	52	
53	7	333	166,50	53	
54	4	303	303,00	54	
55	2	304	304,00	55	
56	7	304	304,00	56	
57	4	305	305,00	57	
58	3	306	306,00	58	
59	8	308	308,00	59	
60	4	323	323,00	60	

