distances
0	572	619	740	444	638	428	558	339	342	457	538	323	342	384	755	558	440	589	670	532	440	465	430	320	323	391	498	757	388	322	624	702	550	359	613	512	382	327	620	692	523	568	456	424	760	646	371	466	588	625	504	672	328	693	396	607	590	605	682	730	
572	0	476	567	350	469	301	379	643	387	751	597	695	304	723	464	543	739	722	779	614	644	797	721	675	356	540	733	592	672	728	400	463	401	456	421	671	519	452	397	455	381	369	456	541	705	699	511	782	632	523	577	307	710	552	439	771	373	725	416	766	
619	476	0	797	662	625	728	476	361	550	309	657	407	573	613	741	473	683	363	337	769	641	325	524	477	598	362	645	654	307	380	536	598	586	731	788	611	672	629	745	408	769	624	731	788	588	421	720	376	791	588	647	730	410	336	541	741	427	566	453	675	
740	567	797	0	377	453	742	709	363	323	642	641	739	535	503	687	353	539	692	626	447	519	614	650	389	778	766	357	572	445	659	342	534	626	750	677	441	784	538	546	456	465	624	380	377	371	736	316	537	379	438	415	794	524	392	416	705	763	538	408	432	
444	350	662	377	0	685	364	359	512	783	353	385	737	333	586	478	513	506	645	563	399	563	790	784	767	652	625	745	388	555	478	737	635	670	784	668	480	757	313	449	583	345	619	557	642	651	354	418	573	486	736	364	395	781	684	585	335	545	747	772	790	
638	469	625	453	685	0	595	473	650	637	728	762	333	399	649	672	589	369	596	681	531	635	500	537	420	405	597	426	552	509	568	602	413	418	627	448	513	771	622	645	792	628	394	686	780	703	405	561	589	745	511	459	333	765	420	654	442	403	543	559	795	
428	301	728	742	364	595	0	374	658	611	640	470	489	447	543	697	398	536	304	438	652	717	788	515	377	516	301	439	617	431	430	353	397	484	759	365	464	487	693	305	378	640	796	771	340	534	688	796	514	791	773	438	304	705	345	432	739	539	422	417	542	
558	379	476	709	359	473	374	0	516	783	510	331	735	768	623	446	452	385	328	370	345	561	379	325	325	306	448	595	583	710	615	654	400	671	411	716	751	749	475	688	393	345	779	676	525	701	461	421	568	777	356	509	575	696	594	397	346	583	738	626	693	
339	643	361	363	512	650	658	516	0	515	449	495	778	679	509	318	642	789	794	486	615	356	554	766	737	790	652	301	476	673	645	718	798	726	751	436	362	518	536	372	700	550	763	765	613	480	579	540	599	448	340	399	616	339	555	726	559	444	446	382	533	
342	387	550	323	783	637	611	783	515	0	473	542	649	507	748	316	371	756	493	750	454	481	546	405	761	605	724	371	400	696	611	680	644	348	321	310	627	353	746	615	623	648	688	380	777	687	352	525	467	737	306	405	730	757	652	371	715	668	725	425	600	
457	751	309	642	353	728	640	510	449	473	0	415	325	544	363	426	561	598	364	574	580	591	636	663	411	709	322	651	654	585	616	473	714	354	479	304	744	580	503	611	504	419	760	667	454	399	378	721	762	500	772	445	605	302	733	600	567	314	489	421	474	
538	597	657	641	385	762	470	331	495	542	415	0	734	512	341	646	743	654	415	414	361	372	721	741	477	746	796	710	618	734	300	562	556	522	537	622	714	537	597	540	372	344	633	730	370	783	575	762	710	478	484	476	360	417	423	390	714	766	514	762	720	
323	695	407	739	737	333	489	735	778	649	325	734	0	551	774	497	481	778	798	545	598	454	607	528	767	773	738	409	354	357	546	563	434	739	633	468	406	470	750	509	783	571	767	676	476	493	662	415	792	646	537	757	514	769	792	593	615	604	386	687	335	
342	304	573	535	333	399	447	768	679	507	544	512	551	0	390	495	757	795	772	505	677	534	374	666	549	777	438	657	484	402	310	636	523	318	686	433	777	597	440	455	712	650	731	506	545	304	340	577	486	368	639	339	603	390	580	466	487	616	746	517	392	
384	723	613	503	586	649	543	623	509	748	363	341	774	390	0	391	541	724	681	592	521	718	508	306	793	405	612	581	762	557	610	519	768	758	438	691	547	441	655	497	366	546	388	754	741	328	500	320	305	701	360	478	553	436	407	436	358	302	397	714	652	
755	464	741	687	478	672	697	446	318	316	426	646	497	495	391	0	354	657	605	423	585	629	342	331	777	334	694	421	530	388	668	551	484	342	460	662	326	517	425	709	643	375	466	461	584	586	589	657	687	321	420	408	464	646	348	544	697	542	648	570	415	
558	543	473	353	513	589	398	452	642	371	561	743	481	757	541	354	0	454	536	324	504	690	729	435	761	429	412	491	460	729	551	476	392	687	499	604	528	559	655	370	613	628	504	790	787	607	548	703	568	610	344	661	588	622	562	305	389	585	343	718	520	
440	739	683	539	506	369	536	385	789	756	598	654	778	795	724	657	454	0	402	745	705	528	434	692	747	533	606	469	385	636	389	462	441	372	353	567	509	585	363	632	606	322	684	372	524	608	325	327	594	637	339	480	467	553	310	483	459	624	558	608	562	
589	722	363	692	645	596	304	328	794	493	364	415	798	772	681	605	536	402	0	613	397	353	791	408	332	611	560	307	611	622	316	605	343	622	313	717	425	686	604	479	303	772	395	531	575	483	601	546	713	779	577	737	523	361	583	522	593	312	486	625	498	
670	779	337	626	563	681	438	370	486	750	574	414	545	505	592	423	324	745	613	0	736	655	633	782	653	768	655	323	580	753	324	708	629	775	626	374	562	364	523	362	526	430	641	761	516	770	453	541	648	638	460	728	341	635	730	417	379	677	527	425	713	
532	614	769	447	399	531	652	345	615	454	580	361	598	677	521	585	504	705	397	736	0	452	567	626	564	300	324	789	613	755	359	648	348	397	491	693	327	555	668	508	604	760	678	610	311	670	505	772	325	356	647	474	316	403	786	540	452	332	435	539	354	
440	644	641	519	563	635	717	561	356	481	591	372	454	534	718	629	690	528	353	655	452	0	558	659	695	769	438	729	638	303	532	633	374	452	465	378	577	790	392	689	675	434	345	663	748	377	312	462	374	698	747	691	665	476	542	726	799	657	668	536	305	
465	797	325	614	790	500	788	379	554	546	636	721	607	374	508	342	729	434	791	633	567	558	0	462	416	731	667	537	591	781	655	331	412	785	701	614	309	552	706	359	674	460	750	666	424	438	390	507	510	434	603	778	700	722	570	518	734	414	406	765	443	
430	721	524	650	784	537	515	325	766	405	663	741	528	666	306	331	435	692	408	782	626	659	462	0	698	568	589	460	446	455	507	415	306	559	561	718	327	331	773	787	436	336	779	304	677	578	523	618	573	530	774	355	795	557	669	420	408	545	587	788	729	
320	675	477	389	767	420	377	325	737	761	411	477	767	549	793	777	761	747	332	653	564	695	416	698	0	599	397	467	582	490	797	412	497	747	342	454	709	525	507	647	770	610	714	706	476	558	330	717	421	753	594	780	558	634	639	535	424	435	567	553	705	
323	356	598	778	652	405	516	306	790	605	709	746	773	777	405	334	429	533	611	768	300	769	731	568	599	0	515	482	685	672	310	700	400	347	704	607	340	353	398	485	625	550	632	628	472	432	620	334	503	636	363	668	404	757	308	745	588	656	798	360	409	
391	540	362	766	625	597	301	448	652	724	322	796	738	438	612	694	412	606	560	655	324	438	667	589	397	515	0	692	355	385	478	787	701	540	469	620	452	780	328	327	795	619	305	732	560	368	500	489	526	301	718	435	418	320	398	610	708	730	529	321	736	
498	733	645	357	745	426	439	595	301	371	651	710	409	657	581	421	491	469	307	323	789	729	537	460	467	482	692	0	631	569	544	307	401	300	396	474	548	606	694	483	630	728	556	487	764	441	684	555	455	783	428	554	679	381	420	622	456	402	774	435	671	
757	592	654	572	388	552	617	583	476	400	654	618	354	484	762	530	460	385	611	580	613	638	591	446	582	685	355	631	0	706	547	696	320	529	465	734	523	484	532	530	762	467	352	698	555	424	540	751	322	771	748	703	509	520	333	741	669	777	459	498	461	
388	672	307	445	555	509	431	710	673	696	585	734	357	402	557	388	729	636	622	753	755	303	781	455	490	672	385	569	706	0	394	442	459	718	713	633	545	308	547	422	553	528	546	366	396	593	450	767	608	405	707	398	496	343	606	372	798	568	351	503	790	
322	728	380	659	478	568	430	615	645	611	616	300	546	310	610	668	551	389	316	324	359	532	655	507	797	310	478	544	547	394	0	692	723	457	337	456	489	393	495	421	566	560	721	713	703	493	783	411	675	396	521	326	453	521	519	305	305	761	792	573	468	
624	400	536	342	737	602	353	654	718	680	473	562	563	636	519	551	476	462	605	708	648	633	331	415	412	700	787	307	696	442	692	0	656	666	407	618	757	371	429	645	434	448	558	688	580	396	453	690	763	493	476	693	787	436	372	453	697	488	308	552	737	
702	463	598	534	635	413	397	400	798	644	714	556	434	523	768	484	392	441	343	629	348	374	412	306	497	400	701	401	320	459	723	656	0	720	620	441	565	309	759	685	531	680	515	736	764	726	484	664	326	457	713	758	305	614	633	664	437	411	552	356	768	
550	401	586	626	670	418	484	671	726	348	354	522	739	318	758	342	687	372	622	775	397	452	785	559	747	347	540	300	529	718	457	666	720	0	679	327	476	517	713	766	491	515	610	324	623	347	401	731	785	606	466	709	713	531	308	685	405	572	555	434	539	
359	456	731	750	784	627	759	411	751	321	479	537	633	686	438	460	499	353	313	626	491	465	701	561	342	704	469	396	465	713	337	407	620	679	0	587	495	413	379	357	730	441	460	485	795	454	567	469	715	420	471	616	378	482	303	485	482	467	773	563	767	
613	421	788	677	668	448	365	716	436	310	304	622	468	433	691	662	604	567	717	374	693	378	614	718	454	607	620	474	734	633	456	618	441	327	587	0	740	556	610	444	387	563	667	793	326	732	583	392	582	572	724	416	615	410	409	518	740	338	453	643	358	
512	671	611	441	480	513	464	751	362	627	744	714	406	777	547	326	528	509	425	562	327	577	309	327	709	340	452	548	523	545	489	757	565	476	495	740	0	539	347	674	569	648	384	577	314	688	772	324	330	436	498	460	646	645	753	783	512	479	586	436	683	
382	519	672	784	757	771	487	749	518	353	580	537	470	597	441	517	559	585	686	364	555	790	552	331	525	353	780	606	484	308	393	371	309	517	413	556	539	0	342	635	600	318	796	314	438	797	472	755	461	504	621	776	799	588	552	346	397	648	760	319	769	
327	452	629	538	313	622	693	475	536	746	503	597	750	440	655	425	655	363	604	523	668	392	706	773	507	398	328	694	532	547	495	429	759	713	379	610	347	342	0	778	682	500	379	694	383	307	481	785	501	506	456	623	763	609	483	377	403	358	410	418	598	
620	397	745	546	449	645	305	688	372	615	611	540	509	455	497	709	370	632	479	362	508	689	359	787	647	485	327	483	530	422	421	645	685	766	357	444	674	635	778	0	653	389	768	699	643	373	762	414	532	544	678	310	775	549	745	425	731	705	408	667	437	
692	455	408	456	583	792	378	393	700	623	504	372	783	712	366	643	613	606	303	526	604	675	674	436	770	625	795	630	762	553	566	434	531	491	730	387	569	600	682	653	0	559	355	747	460	495	603	767	510	743	624	317	317	765	379	549	589	606	728	414	486	
523	381	769	465	345	628	640	345	550	648	419	344	571	650	546	375	628	322	772	430	760	434	460	336	610	550	619	728	467	528	560	448	680	515	441	563	648	318	500	389	559	0	546	737	754	507	519	676	333	597	537	478	782	379	364	492	471	550	531	666	498	
568	369	624	624	619	394	796	779	763	688	760	633	767	731	388	466	504	684	395	641	678	345	750	779	714	632	305	556	352	546	721	558	515	610	460	667	384	796	379	768	355	546	0	768	426	762	503	636	527	657	627	392	418	680	757	527	631	457	497	550	647	
456	456	731	380	557	686	771	676	765	380	667	730	676	506	754	461	790	372	531	761	610	663	666	304	706	628	732	487	698	366	713	688	736	324	485	793	577	314	694	699	747	737	768	0	310	541	394	345	497	300	327	695	513	652	624	361	496	490	593	353	787	
424	541	788	377	642	780	340	525	613	777	454	370	476	545	741	584	787	524	575	516	311	748	424	677	476	472	560	764	555	396	703	580	764	623	795	326	314	438	383	643	460	754	426	310	0	746	754	499	427	459	754	508	417	485	695	496	710	536	461	372	562	
760	705	588	371	651	703	534	701	480	687	399	783	493	304	328	586	607	608	483	770	670	377	438	578	558	432	368	441	424	593	493	396	726	347	454	732	688	797	307	373	495	507	762	541	746	0	521	410	487	698	738	627	580	758	448	362	752	707	380	436	610	
646	699	421	736	354	405	688	461	579	352	378	575	662	340	500	589	548	325	601	453	505	312	390	523	330	620	500	684	540	450	783	453	484	401	567	583	772	472	481	762	603	519	503	394	754	521	0	439	599	477	314	633	657	351	479	552	511	573	707	711	534	
371	511	720	316	418	561	796	421	540	525	721	762	415	577	320	657	703	327	546	541	772	462	507	618	717	334	489	555	751	767	411	690	664	731	469	392	324	755	785	414	767	676	636	345	499	410	439	0	679	724	697	494	387	634	510	526	697	336	523	551	494	
466	782	376	537	573	589	514	568	599	467	762	710	792	486	305	687	568	594	713	648	325	374	510	573	421	503	526	455	322	608	675	763	326	785	715	582	330	461	501	532	510	333	527	497	427	487	599	679	0	354	307	462	503	525	643	711	623	534	438	596	484	
588	632	791	379	486	745	791	777	448	737	500	478	646	368	701	321	610	637	779	638	356	698	434	530	753	636	301	783	771	405	396	493	457	606	420	572	436	504	506	544	743	597	657	300	459	698	477	724	354	0	554	366	707	349	699	747	444	498	761	700	413	
625	523	588	438	736	511	773	356	340	306	772	484	537	639	360	420	344	339	577	460	647	747	603	774	594	363	718	428	748	707	521	476	713	466	471	724	498	621	456	678	624	537	627	327	754	738	314	697	307	554	0	616	383	489	563	401	697	528	682	486	553	
504	577	647	415	364	459	438	509	399	405	445	476	757	339	478	408	661	480	737	728	474	691	778	355	780	668	435	554	703	398	326	693	758	709	616	416	460	776	623	310	317	478	392	695	508	627	633	494	462	366	616	0	654	501	536	707	601	749	662	641	646	
672	307	730	794	395	333	304	575	616	730	605	360	514	603	553	464	588	467	523	341	316	665	700	795	558	404	418	679	509	496	453	787	305	713	378	615	646	799	763	775	317	782	418	513	417	580	657	387	503	707	383	654	0	574	477	384	778	541	594	517	598	
328	710	410	524	781	765	705	696	339	757	302	417	769	390	436	646	622	553	361	635	403	476	722	557	634	757	320	381	520	343	521	436	614	531	482	410	645	588	609	549	765	379	680	652	485	758	351	634	525	349	489	501	574	0	657	654	723	753	660	437	500	
693	552	336	392	684	420	345	594	555	652	733	423	792	580	407	348	562	310	583	730	786	542	570	669	639	308	398	420	333	606	519	372	633	308	303	409	753	552	483	745	379	364	757	624	695	448	479	510	643	699	563	536	477	657	0	686	787	379	326	608	477	
396	439	541	416	585	654	432	397	726	371	600	390	593	466	436	544	305	483	522	417	540	726	518	420	535	745	610	622	741	372	305	453	664	685	485	518	783	346	377	425	549	492	527	361	496	362	552	526	711	747	401	707	384	654	686	0	589	376	694	692	785	
607	771	741	705	335	442	739	346	559	715	567	714	615	487	358	697	389	459	593	379	452	799	734	408	424	588	708	456	669	798	305	697	437	405	482	740	512	397	403	731	589	471	631	496	710	752	511	697	623	444	697	601	778	723	787	589	0	528	410	672	459	
590	373	427	763	545	403	539	583	444	668	314	766	604	616	302	542	585	624	312	677	332	657	414	545	435	656	730	402	777	568	761	488	411	572	467	338	479	648	358	705	606	550	457	490	536	707	573	336	534	498	528	749	541	753	379	376	528	0	354	790	753	
605	725	566	538	747	543	422	738	446	725	489	514	386	746	397	648	343	558	486	527	435	668	406	587	567	798	529	774	459	351	792	308	552	555	773	453	586	760	410	408	728	531	497	593	461	380	707	523	438	761	682	662	594	660	326	694	410	354	0	641	727	
682	416	453	408	772	559	417	626	382	425	421	762	687	517	714	570	718	608	625	425	539	536	765	788	553	360	321	435	498	503	573	552	356	434	563	643	436	319	418	667	414	666	550	353	372	436	711	551	596	700	486	641	517	437	608	692	672	790	641	0	335	
730	766	675	432	790	795	542	693	533	600	474	720	335	392	652	415	520	562	498	713	354	305	443	729	705	409	736	671	461	790	468	737	768	539	767	358	683	769	598	437	486	498	647	787	562	610	534	494	484	413	553	646	598	500	477	785	459	753	727	335	0	
etats
Id_Station	Poids W	Min (P)	WSPT	Priorité	
1	2	302	33,56	1	
2	7	305	33,89	2	
3	3	306	34,00	3	
4	6	307	34,11	4	
5	2	310	34,44	5	
6	2	312	34,67	6	
7	4	315	35,00	7	
8	9	325	36,11	8	
9	8	300	37,50	9	
10	5	300	37,50	10	
11	3	301	37,63	11	
12	1	303	37,88	12	
13	1	304	38,00	13	
14	3	305	38,13	14	
15	3	310	38,75	15	
16	5	300	42,86	16	
17	2	301	43,00	17	
18	7	301	43,00	18	
19	4	302	50,33	19	
20	4	303	50,50	20	
21	2	304	50,67	21	
22	4	305	50,83	22	
23	2	317	52,83	23	
24	8	300	60,00	24	
25	6	301	60,20	25	
26	9	301	60,20	26	
27	3	301	60,20	27	
28	5	302	60,40	28	
29	1	303	60,60	29	
30	8	303	60,60	30	
31	4	303	60,60	31	
32	1	306	61,20	32	
33	4	308	61,60	33	
34	4	322	64,40	34	
35	1	300	75,00	35	
36	7	303	75,75	36	
37	1	307	76,75	37	
38	7	308	77,00	38	
39	8	300	100,00	39	
40	9	303	101,00	40	
41	8	307	102,33	41	
42	7	308	102,67	42	
43	9	310	103,33	43	
44	7	300	150,00	44	
45	6	301	150,50	45	
46	8	301	150,50	46	
47	4	305	152,50	47	
48	4	305	152,50	48	
49	6	310	155,00	49	
50	1	300	300,00	50	
51	2	300	300,00	51	
52	7	302	302,00	52	
53	4	304	304,00	53	
54	7	306	306,00	54	
55	6	307	307,00	55	
56	8	307	307,00	56	
57	4	310	310,00	57	
58	6	319	319,00	58	
59	4	327	327,00	59	
60	7	337	337,00	60	

