distances
0	607	423	747	647	563	589	470	790	321	544	616	692	764	561	564	391	446	516	537	420	711	672	378	312	310	428	566	530	643	698	374	304	444	568	692	447	362	739	336	526	725	774	797	616	696	416	686	386	517	688	744	486	344	695	675	325	735	409	785	763	
607	0	384	680	488	712	648	510	349	620	334	758	445	762	425	791	343	389	605	611	642	672	339	724	653	578	511	573	432	585	346	495	460	772	414	537	598	396	626	545	343	654	539	505	324	735	784	608	455	579	657	682	322	441	767	440	562	623	688	499	419	
423	384	0	317	308	678	637	444	625	440	646	576	686	414	416	545	392	628	498	728	711	355	724	491	657	509	303	420	366	374	753	392	585	645	579	624	465	363	581	667	512	796	595	668	300	435	700	611	796	408	690	674	462	590	648	390	366	335	474	646	531	
747	680	317	0	397	389	387	472	606	369	317	745	649	644	658	650	633	435	310	473	384	459	330	728	578	364	778	618	619	356	568	341	313	435	702	605	377	489	325	771	387	793	400	758	350	546	743	709	501	500	764	651	564	587	636	394	574	715	526	756	425	
647	488	308	397	0	601	738	774	440	795	406	695	534	714	736	566	549	713	750	438	534	448	445	386	516	630	391	665	761	659	344	698	674	785	603	401	426	319	583	460	577	463	375	657	727	482	349	353	434	709	370	321	500	441	650	475	351	567	544	590	509	
563	712	678	389	601	0	490	536	469	487	769	565	587	732	726	537	463	516	704	623	561	523	715	723	796	610	463	468	628	581	646	793	575	531	612	331	504	589	335	549	667	381	697	334	502	718	528	546	623	700	567	563	379	740	561	316	694	312	754	325	624	
589	648	637	387	738	490	0	700	550	674	580	655	324	329	580	329	788	392	599	597	468	452	646	617	631	567	356	724	707	585	663	752	338	473	607	446	741	723	395	597	783	517	496	707	451	610	668	346	606	381	768	775	503	558	614	332	363	641	324	344	319	
470	510	444	472	774	536	700	0	595	549	633	422	730	550	449	659	395	649	632	529	444	508	588	614	336	543	354	503	779	536	777	328	334	440	516	551	519	586	500	723	698	500	593	645	468	319	319	780	486	339	353	477	354	622	661	753	367	303	452	668	445	
790	349	625	606	440	469	550	595	0	471	498	756	510	338	555	568	620	581	301	670	791	609	384	458	351	721	684	669	460	312	676	579	463	722	563	696	354	552	432	758	430	719	542	306	559	311	359	567	716	614	436	324	625	383	596	409	745	791	309	608	613	
321	620	440	369	795	487	674	549	471	0	517	348	360	758	462	735	377	420	615	682	512	460	431	561	710	539	602	735	370	643	569	727	552	572	715	579	376	481	511	317	356	738	594	457	615	787	598	782	526	473	317	776	774	659	376	797	375	582	651	542	782	
544	334	646	317	406	769	580	633	498	517	0	760	497	614	365	464	591	772	523	682	307	772	659	477	618	567	772	728	519	365	789	347	625	589	701	460	323	432	473	473	340	669	710	648	375	549	382	402	767	581	312	665	736	596	580	738	642	684	627	415	600	
616	758	576	745	695	565	655	422	756	348	760	0	768	379	722	459	737	632	717	664	412	568	588	463	310	641	722	543	685	385	671	614	705	718	306	552	428	524	506	456	305	549	483	643	393	365	472	763	516	452	336	482	668	487	396	627	489	307	338	317	382	
692	445	686	649	534	587	324	730	510	360	497	768	0	664	580	537	571	600	328	491	433	612	739	605	396	688	793	538	600	602	452	365	582	704	636	520	735	503	463	480	398	385	717	646	774	529	509	648	383	678	699	388	623	450	300	632	779	634	417	482	678	
764	762	414	644	714	732	329	550	338	758	614	379	664	0	615	387	640	722	463	416	397	649	617	471	424	780	466	579	722	498	410	343	573	305	658	527	453	553	691	621	609	519	614	330	332	577	345	703	509	796	392	509	459	427	653	616	470	499	441	352	689	
561	425	416	658	736	726	580	449	555	462	365	722	580	615	0	691	756	352	681	723	755	586	521	359	413	562	757	643	601	733	597	471	639	511	666	726	726	752	787	634	459	723	503	347	620	735	501	655	741	407	483	407	416	591	304	480	364	402	363	422	617	
564	791	545	650	566	537	329	659	568	735	464	459	537	387	691	0	381	367	600	339	381	714	622	315	713	708	693	593	762	630	500	432	779	652	488	467	667	776	317	321	712	452	623	699	797	544	339	779	770	425	774	366	509	377	588	439	436	639	676	492	620	
391	343	392	633	549	463	788	395	620	377	591	737	571	640	756	381	0	441	438	610	327	536	539	442	407	383	511	544	528	785	796	764	488	748	640	469	471	540	709	339	672	610	484	689	538	465	736	711	343	507	510	571	479	415	761	418	621	728	503	504	555	
446	389	628	435	713	516	392	649	581	420	772	632	600	722	352	367	441	0	391	718	479	668	350	590	332	525	736	651	543	641	605	687	429	412	654	798	622	479	764	666	704	312	437	472	458	524	616	736	366	473	495	715	574	602	517	763	329	508	306	522	593	
516	605	498	310	750	704	599	632	301	615	523	717	328	463	681	600	438	391	0	620	622	538	620	792	489	648	468	611	424	440	451	523	450	320	644	660	656	617	671	325	752	632	660	560	711	627	474	403	418	516	667	438	458	696	794	722	469	613	603	659	607	
537	611	728	473	438	623	597	529	670	682	682	664	491	416	723	339	610	718	620	0	355	349	323	382	520	494	343	550	310	495	460	419	464	666	414	414	421	646	446	418	528	712	592	335	630	313	658	335	605	546	699	533	506	750	534	684	787	459	633	538	625	
420	642	711	384	534	561	468	444	791	512	307	412	433	397	755	381	327	479	622	355	0	627	496	483	671	407	762	731	621	369	535	454	507	533	301	790	482	443	692	688	656	652	640	329	471	774	538	787	463	673	764	757	508	452	469	667	609	382	399	718	430	
711	672	355	459	448	523	452	508	609	460	772	568	612	649	586	714	536	668	538	349	627	0	710	789	712	566	671	362	506	319	385	404	511	631	590	588	738	669	537	376	688	597	354	742	774	541	474	553	399	763	508	480	314	757	303	414	320	484	364	593	736	
672	339	724	330	445	715	646	588	384	431	659	588	739	617	521	622	539	350	620	323	496	710	0	367	666	393	360	481	323	573	535	416	334	592	573	314	502	760	627	301	499	551	696	467	381	699	550	579	377	455	581	418	488	553	362	613	725	542	315	677	386	
378	724	491	728	386	723	617	614	458	561	477	463	605	471	359	315	442	590	792	382	483	789	367	0	490	464	379	699	554	483	363	309	307	375	389	674	435	382	472	762	336	729	481	631	512	440	500	606	315	533	663	701	667	308	441	346	358	378	617	797	535	
312	653	657	578	516	796	631	336	351	710	618	310	396	424	413	713	407	332	489	520	671	712	666	490	0	600	551	458	471	469	759	696	550	435	732	522	795	733	340	325	497	511	689	708	472	303	629	489	326	536	610	682	704	466	799	735	431	657	634	461	316	
310	578	509	364	630	610	567	543	721	539	567	641	688	780	562	708	383	525	648	494	407	566	393	464	600	0	507	549	695	519	501	710	406	742	416	360	621	471	735	657	787	474	307	354	369	585	612	574	361	521	343	777	701	791	549	616	546	540	337	550	359	
428	511	303	778	391	463	356	354	684	602	772	722	793	466	757	693	511	736	468	343	762	671	360	379	551	507	0	512	731	548	639	642	764	682	783	537	644	384	355	559	649	632	582	799	513	308	364	463	623	533	350	479	444	625	542	510	766	577	546	703	341	
566	573	420	618	665	468	724	503	669	735	728	543	538	579	643	593	544	651	611	550	731	362	481	699	458	549	512	0	586	686	692	412	605	648	598	438	645	741	337	643	419	340	466	345	775	446	487	452	367	373	462	673	371	400	507	547	428	769	513	549	410	
530	432	366	619	761	628	707	779	460	370	519	685	600	722	601	762	528	543	424	310	621	506	323	554	471	695	731	586	0	794	550	696	711	607	389	767	647	351	338	791	584	464	454	753	706	532	608	621	440	762	696	734	479	589	767	474	366	363	612	506	600	
643	585	374	356	659	581	585	536	312	643	365	385	602	498	733	630	785	641	440	495	369	319	573	483	469	519	548	686	794	0	326	784	475	432	510	369	471	488	748	588	379	382	706	549	712	342	578	573	641	428	303	320	323	499	462	506	363	707	410	717	659	
698	346	753	568	344	646	663	777	676	569	789	671	452	410	597	500	796	605	451	460	535	385	535	363	759	501	639	692	550	326	0	671	651	787	649	765	722	307	469	629	391	712	682	406	790	704	638	467	705	307	369	427	386	468	412	381	548	604	506	656	390	
374	495	392	341	698	793	752	328	579	727	347	614	365	343	471	432	764	687	523	419	454	404	416	309	696	710	642	412	696	784	671	0	320	566	628	439	719	322	464	779	593	765	321	536	336	737	413	473	342	359	517	607	305	674	462	773	413	613	520	798	311	
304	460	585	313	674	575	338	334	463	552	625	705	582	573	639	779	488	429	450	464	507	511	334	307	550	406	764	605	711	475	651	320	0	626	460	653	668	568	504	480	665	413	492	595	728	775	704	474	540	681	727	541	403	592	473	765	335	486	522	655	708	
444	772	645	435	785	531	473	440	722	572	589	718	704	305	511	652	748	412	320	666	533	631	592	375	435	742	682	648	607	432	787	566	626	0	580	737	701	456	736	497	358	331	503	314	320	529	603	488	591	761	454	424	746	467	337	553	792	344	460	331	644	
568	414	579	702	603	612	607	516	563	715	701	306	636	658	666	488	640	654	644	414	301	590	573	389	732	416	783	598	389	510	649	628	460	580	0	472	321	711	529	740	325	318	424	503	432	571	554	433	769	797	630	671	695	575	319	713	797	594	568	397	793	
692	537	624	605	401	331	446	551	696	579	460	552	520	527	726	467	469	798	660	414	790	588	314	674	522	360	537	438	767	369	765	439	653	737	472	0	754	508	575	778	393	671	695	530	367	597	300	626	782	300	701	771	518	329	761	380	308	670	746	439	751	
447	598	465	377	426	504	741	519	354	376	323	428	735	453	726	667	471	622	656	421	482	738	502	435	795	621	644	645	647	471	722	719	668	701	321	754	0	789	398	669	553	467	750	716	652	790	717	764	744	612	744	358	495	356	797	623	743	544	482	304	684	
362	396	363	489	319	589	723	586	552	481	432	524	503	553	752	776	540	479	617	646	443	669	760	382	733	471	384	741	351	488	307	322	568	456	711	508	789	0	314	510	323	640	624	798	349	329	384	543	729	613	604	325	332	599	793	590	425	584	437	484	725	
739	626	581	325	583	335	395	500	432	511	473	506	463	691	787	317	709	764	671	446	692	537	627	472	340	735	355	337	338	748	469	464	504	736	529	575	398	314	0	305	782	302	685	406	633	585	699	782	650	322	324	740	790	473	484	370	698	708	480	758	352	
336	545	667	771	460	549	597	723	758	317	473	456	480	621	634	321	339	666	325	418	688	376	301	762	325	657	559	643	791	588	629	779	480	497	740	778	669	510	305	0	633	664	515	675	713	372	392	752	348	734	593	312	669	320	417	506	729	328	501	619	461	
526	343	512	387	577	667	783	698	430	356	340	305	398	609	459	712	672	704	752	528	656	688	499	336	497	787	649	419	584	379	391	593	665	358	325	393	553	323	782	633	0	385	312	440	481	791	728	586	719	601	534	687	732	525	465	379	595	331	701	526	335	
725	654	796	793	463	381	517	500	719	738	669	549	385	519	723	452	610	312	632	712	652	597	551	729	511	474	632	340	464	382	712	765	413	331	318	671	467	640	302	664	385	0	481	326	626	429	799	402	736	372	460	564	482	416	745	777	456	392	735	460	312	
774	539	595	400	375	697	496	593	542	594	710	483	717	614	503	623	484	437	660	592	640	354	696	481	689	307	582	466	454	706	682	321	492	503	424	695	750	624	685	515	312	481	0	610	497	517	557	501	340	509	710	461	300	545	621	541	662	600	719	637	715	
797	505	668	758	657	334	707	645	306	457	648	643	646	330	347	699	689	472	560	335	329	742	467	631	708	354	799	345	753	549	406	536	595	314	503	530	716	798	406	675	440	326	610	0	356	417	306	348	511	513	665	622	599	319	371	723	605	767	635	770	560	
616	324	300	350	727	502	451	468	559	615	375	393	774	332	620	797	538	458	711	630	471	774	381	512	472	369	513	775	706	712	790	336	728	320	432	367	652	349	633	713	481	626	497	356	0	557	317	738	519	763	769	312	523	608	308	775	548	743	595	601	725	
696	735	435	546	482	718	610	319	311	787	549	365	529	577	735	544	465	524	627	313	774	541	699	440	303	585	308	446	532	342	704	737	775	529	571	597	790	329	585	372	791	429	517	417	557	0	597	379	610	699	491	552	694	769	696	466	489	775	718	793	471	
416	784	700	743	349	528	668	319	359	598	382	472	509	345	501	339	736	616	474	658	538	474	550	500	629	612	364	487	608	578	638	413	704	603	554	300	717	384	699	392	728	799	557	306	317	597	0	468	336	404	633	362	409	752	590	392	658	418	673	600	363	
686	608	611	709	353	546	346	780	567	782	402	763	648	703	655	779	711	736	403	335	787	553	579	606	489	574	463	452	621	573	467	473	474	488	433	626	764	543	782	752	586	402	501	348	738	379	468	0	751	436	325	771	675	352	595	593	686	487	654	372	431	
386	455	796	501	434	623	606	486	716	526	767	516	383	509	741	770	343	366	418	605	463	399	377	315	326	361	623	367	440	641	705	342	540	591	769	782	744	729	650	348	719	736	340	511	519	610	336	751	0	609	409	741	326	417	776	336	597	625	537	302	795	
517	579	408	500	709	700	381	339	614	473	581	452	678	796	407	425	507	473	516	546	673	763	455	533	536	521	533	373	762	428	307	359	681	761	797	300	612	613	322	734	601	372	509	513	763	699	404	436	609	0	553	705	710	606	674	325	663	594	708	785	500	
688	657	690	764	370	567	768	353	436	317	312	336	699	392	483	774	510	495	667	699	764	508	581	663	610	343	350	462	696	303	369	517	727	454	630	701	744	604	324	593	534	460	710	665	769	491	633	325	409	553	0	466	321	673	784	323	704	687	520	736	703	
744	682	674	651	321	563	775	477	324	776	665	482	388	509	407	366	571	715	438	533	757	480	418	701	682	777	479	673	734	320	427	607	541	424	671	771	358	325	740	312	687	564	461	622	312	552	362	771	741	705	466	0	634	619	396	667	792	310	486	446	349	
486	322	462	564	500	379	503	354	625	774	736	668	623	459	416	509	479	574	458	506	508	314	488	667	704	701	444	371	479	323	386	305	403	746	695	518	495	332	790	669	732	482	300	599	523	694	409	675	326	710	321	634	0	392	329	438	772	460	494	659	310	
344	441	590	587	441	740	558	622	383	659	596	487	450	427	591	377	415	602	696	750	452	757	553	308	466	791	625	400	589	499	468	674	592	467	575	329	356	599	473	320	525	416	545	319	608	769	752	352	417	606	673	619	392	0	482	625	641	685	719	377	736	
695	767	648	636	650	561	614	661	596	376	580	396	300	653	304	588	761	517	794	534	469	303	362	441	799	549	542	507	767	462	412	462	473	337	319	761	797	793	484	417	465	745	621	371	308	696	590	595	776	674	784	396	329	482	0	473	310	565	423	799	565	
675	440	390	394	475	316	332	753	409	797	738	627	632	616	480	439	418	763	722	684	667	414	613	346	735	616	510	547	474	506	381	773	765	553	713	380	623	590	370	506	379	777	541	723	775	466	392	593	336	325	323	667	438	625	473	0	712	301	669	747	472	
325	562	366	574	351	694	363	367	745	375	642	489	779	470	364	436	621	329	469	787	609	320	725	358	431	546	766	428	366	363	548	413	335	792	797	308	743	425	698	729	595	456	662	605	548	489	658	686	597	663	704	792	772	641	310	712	0	544	388	523	673	
735	623	335	715	567	312	641	303	791	582	684	307	634	499	402	639	728	508	613	459	382	484	542	378	657	540	577	769	363	707	604	613	486	344	594	670	544	584	708	328	331	392	600	767	743	775	418	487	625	594	687	310	460	685	565	301	544	0	449	520	789	
409	688	474	526	544	754	324	452	309	651	627	338	417	441	363	676	503	306	603	633	399	364	315	617	634	337	546	513	612	410	506	520	522	460	568	746	482	437	480	501	701	735	719	635	595	718	673	654	537	708	520	486	494	719	423	669	388	449	0	730	384	
785	499	646	756	590	325	344	668	608	542	415	317	482	352	422	492	504	522	659	538	718	593	677	797	461	550	703	549	506	717	656	798	655	331	397	439	304	484	758	619	526	460	637	770	601	793	600	372	302	785	736	446	659	377	799	747	523	520	730	0	485	
763	419	531	425	509	624	319	445	613	782	600	382	678	689	617	620	555	593	607	625	430	736	386	535	316	359	341	410	600	659	390	311	708	644	793	751	684	725	352	461	335	312	715	560	725	471	363	431	795	500	703	349	310	736	565	472	673	789	384	485	0	
etats
Id_Station	Poids W	Min (P)	WSPT	Priorité	
48	9	302	33,56	1	
31	9	305	33,89	2	
17	9	306	34,00	3	
37	9	307	34,11	4	
51	9	310	34,44	5	
5	9	312	34,67	6	
15	9	315	35,00	7	
47	9	325	36,11	8	
12	8	300	37,50	9	
46	8	300	37,50	10	
18	8	301	37,63	11	
45	8	303	37,88	12	
36	8	304	38,00	13	
11	8	305	38,13	14	
60	8	310	38,75	15	
54	7	300	42,86	16	
20	7	301	43,00	17	
57	7	301	43,00	18	
59	6	302	50,33	19	
7	6	303	50,50	20	
32	6	304	50,67	21	
13	6	305	50,83	22	
9	6	317	52,83	23	
44	5	300	60,00	24	
8	5	301	60,20	25	
22	5	301	60,20	26	
34	5	301	60,20	27	
38	5	302	60,40	28	
24	5	303	60,60	29	
29	5	303	60,60	30	
50	5	303	60,60	31	
58	5	306	61,20	32	
53	5	308	61,60	33	
1	5	322	64,40	34	
52	4	300	75,00	35	
26	4	303	75,75	36	
30	4	307	76,75	37	
4	4	308	77,00	38	
35	3	300	100,00	39	
21	3	303	101,00	40	
25	3	307	102,33	41	
56	3	308	102,67	42	
3	3	310	103,33	43	
2	2	300	150,00	44	
39	2	301	150,50	45	
55	2	301	150,50	46	
33	2	305	152,50	47	
40	2	305	152,50	48	
19	2	310	155,00	49	
42	1	300	300,00	50	
49	1	300	300,00	51	
41	1	302	302,00	52	
14	1	304	304,00	53	
43	1	306	306,00	54	
10	1	307	307,00	55	
23	1	307	307,00	56	
28	1	310	310,00	57	
6	1	319	319,00	58	
16	1	327	327,00	59	
27	1	337	337,00	60	

