distances
0	536	729	675	485	399	446	312	391	785	783	427	492	402	391	330	525	327	355	384	380	311	411	440	460	411	385	640	792	709	760	689	465	321	591	571	513	474	393	653	408	625	689	704	386	400	509	479	755	585	727	673	331	436	627	499	311	584	414	385	785	
536	0	581	317	734	393	780	552	680	791	634	561	482	366	751	559	594	723	798	782	394	550	510	400	390	499	795	406	595	583	448	524	593	468	340	470	653	471	375	353	584	761	437	602	697	360	444	760	602	378	714	428	515	589	696	498	470	700	577	562	538	
729	581	0	712	778	406	479	489	505	360	744	377	518	328	631	534	489	669	795	772	704	481	502	672	529	653	505	569	512	763	637	313	765	757	639	490	743	428	537	634	556	545	325	596	722	666	695	542	589	543	331	644	441	562	742	500	310	661	775	345	521	
675	317	712	0	714	737	688	308	464	480	793	481	716	459	519	441	582	664	465	345	749	736	375	567	313	379	745	712	330	328	534	406	546	361	628	708	454	592	634	584	447	604	360	577	320	413	651	521	428	585	586	316	409	334	738	705	780	365	633	530	771	
485	734	778	714	0	324	464	471	342	600	332	570	580	539	737	750	343	353	530	784	613	758	329	762	334	671	556	366	320	628	407	561	526	689	521	332	747	674	408	554	451	462	648	467	406	524	462	449	524	721	632	536	791	781	777	778	550	683	536	546	465	
399	393	406	737	324	0	670	368	618	315	301	797	610	328	623	598	351	412	521	549	727	350	367	406	770	773	462	602	367	630	360	758	564	671	336	688	405	664	462	546	779	618	650	683	794	546	620	402	464	425	324	676	334	426	322	389	652	791	396	657	638	
446	780	479	688	464	670	0	329	762	434	749	517	313	422	755	528	483	754	764	556	567	608	669	772	639	404	657	621	774	606	524	779	522	487	453	347	409	643	490	787	698	595	580	578	523	355	372	679	450	503	453	373	390	709	668	681	526	483	312	527	445	
312	552	489	308	471	368	329	0	340	609	532	736	405	698	341	577	349	464	339	572	525	798	737	675	680	517	707	566	593	515	378	371	545	352	439	442	483	535	659	510	493	558	554	729	435	459	775	374	756	633	788	316	543	519	396	723	560	717	593	422	726	
391	680	505	464	342	618	762	340	0	738	392	720	303	313	447	565	789	501	585	772	734	423	306	319	422	691	584	491	743	357	541	669	606	394	642	528	449	390	596	305	435	503	664	705	696	561	389	572	696	518	499	725	319	618	527	695	766	496	698	786	452	
785	791	360	480	600	315	434	609	738	0	439	751	672	564	611	736	696	724	713	417	766	785	521	330	769	657	493	587	340	379	381	610	691	400	474	772	551	426	454	481	351	354	578	554	633	678	425	645	494	309	664	678	482	471	570	572	424	649	559	348	533	
783	634	744	793	332	301	749	532	392	439	0	689	783	725	714	761	796	698	698	792	427	318	499	417	352	330	363	727	725	385	670	759	478	721	411	743	348	509	360	657	568	646	510	437	675	648	472	643	488	427	644	518	344	761	767	716	472	347	364	597	307	
427	561	377	481	570	797	517	736	720	751	689	0	353	392	665	559	657	531	714	719	355	515	648	422	677	523	480	473	656	602	381	434	524	723	309	493	365	454	375	416	551	366	455	322	798	762	364	439	306	728	411	329	446	733	357	765	573	577	440	469	480	
492	482	518	716	580	610	313	405	303	672	783	353	0	777	784	319	653	640	344	686	757	383	635	663	791	318	727	453	444	465	717	349	471	530	703	781	464	469	434	463	525	797	581	752	380	353	733	558	492	342	340	783	610	312	576	637	497	691	648	689	381	
402	366	328	459	539	328	422	698	313	564	725	392	777	0	709	421	675	364	646	311	502	558	565	392	311	604	356	543	360	665	472	510	667	413	708	521	768	681	559	480	703	372	370	348	457	444	777	408	599	303	457	628	534	624	502	572	668	574	577	542	515	
391	751	631	519	737	623	755	341	447	611	714	665	784	709	0	703	360	497	748	390	397	495	747	644	595	322	466	510	533	727	541	405	657	538	473	426	796	466	495	485	649	756	318	504	450	694	375	589	411	534	589	760	356	565	551	735	321	629	488	661	437	
330	559	534	441	750	598	528	577	565	736	761	559	319	421	703	0	484	363	306	523	366	357	636	327	612	591	776	709	566	644	304	586	382	393	562	312	447	396	531	393	348	325	765	763	682	409	439	588	313	531	445	694	602	525	542	380	707	555	498	786	498	
525	594	489	582	343	351	483	349	789	696	796	657	653	675	360	484	0	533	335	541	694	684	761	724	592	364	392	783	416	403	509	755	438	524	304	673	576	496	678	423	705	658	752	799	779	708	735	611	494	498	685	489	649	782	653	434	300	408	698	707	687	
327	723	669	664	353	412	754	464	501	724	698	531	640	364	497	363	533	0	404	750	665	527	305	576	620	680	761	684	686	367	461	334	663	469	742	398	360	799	451	646	514	676	456	557	566	423	592	324	793	650	779	559	446	415	428	564	709	338	670	509	680	
355	798	795	465	530	521	764	339	585	713	698	714	344	646	748	306	335	404	0	753	523	687	436	648	369	640	743	706	372	494	345	441	762	688	653	499	718	539	437	690	350	320	501	441	789	631	785	328	362	458	502	411	300	720	599	473	477	394	769	607	447	
384	782	772	345	784	549	556	572	772	417	792	719	686	311	390	523	541	750	753	0	783	791	379	525	795	489	409	383	689	393	590	716	568	792	317	743	476	391	682	480	690	539	634	752	765	650	592	501	636	782	313	601	506	381	412	430	307	446	305	627	414	
380	394	704	749	613	727	567	525	734	766	427	355	757	502	397	366	694	665	523	783	0	343	309	334	707	736	679	552	736	616	588	536	390	735	503	609	397	560	641	734	441	605	549	441	369	726	390	599	348	737	623	785	479	687	533	537	482	458	372	763	466	
311	550	481	736	758	350	608	798	423	785	318	515	383	558	495	357	684	527	687	791	343	0	731	426	552	703	454	654	453	628	551	624	798	782	724	434	454	686	420	788	314	495	382	302	467	782	435	671	692	369	368	568	787	327	650	742	563	799	629	457	366	
411	510	502	375	329	367	669	737	306	521	499	648	635	565	747	636	761	305	436	379	309	731	0	664	753	482	762	585	313	449	718	419	685	547	573	604	764	377	423	735	763	524	552	423	501	372	775	759	419	552	637	679	499	441	516	626	553	724	492	745	734	
440	400	672	567	762	406	772	675	319	330	417	422	663	392	644	327	724	576	648	525	334	426	664	0	559	347	639	342	730	590	398	757	505	307	594	741	398	377	703	543	710	669	687	378	493	414	577	612	438	471	322	751	768	581	378	537	315	428	402	744	445	
460	390	529	313	334	770	639	680	422	769	352	677	791	311	595	612	592	620	369	795	707	552	753	559	0	534	632	400	327	317	497	653	545	365	371	455	400	536	742	385	791	627	452	749	749	441	678	790	790	467	332	381	363	425	610	434	713	312	615	306	534	
411	499	653	379	671	773	404	517	691	657	330	523	318	604	322	591	364	680	640	489	736	703	482	347	534	0	389	662	564	566	512	613	540	765	549	479	357	627	522	401	552	504	524	581	711	393	313	408	607	736	741	538	492	305	599	436	547	319	738	485	457	
385	795	505	745	556	462	657	707	584	493	363	480	727	356	466	776	392	761	743	409	679	454	762	639	632	389	0	312	373	464	600	772	588	302	592	679	618	651	672	377	455	329	721	795	454	645	724	407	367	332	320	462	753	783	553	784	556	671	456	684	473	
640	406	569	712	366	602	621	566	491	587	727	473	453	543	510	709	783	684	706	383	552	654	585	342	400	662	312	0	611	628	754	621	346	321	402	445	316	675	590	341	794	469	437	763	722	674	605	482	317	346	498	393	401	594	459	485	345	497	734	797	421	
792	595	512	330	320	367	774	593	743	340	725	656	444	360	533	566	416	686	372	689	736	453	313	730	327	564	373	611	0	795	790	376	526	312	506	478	434	530	589	578	669	484	735	618	522	325	438	650	303	585	359	577	734	666	460	748	440	420	568	628	612	
709	583	763	328	628	630	606	515	357	379	385	602	465	665	727	644	403	367	494	393	616	628	449	590	317	566	464	628	795	0	546	799	363	447	533	754	571	325	716	330	675	543	697	727	740	393	450	420	491	431	449	572	352	614	596	367	705	331	331	748	620	
760	448	637	534	407	360	524	378	541	381	670	381	717	472	541	304	509	461	345	590	588	551	718	398	497	512	600	754	790	546	0	499	550	685	605	524	376	568	497	665	345	704	515	789	783	726	326	622	365	351	417	598	383	371	601	739	372	402	707	690	440	
689	524	313	406	561	758	779	371	669	610	759	434	349	510	405	586	755	334	441	716	536	624	419	757	653	613	772	621	376	799	499	0	780	669	391	706	623	404	796	546	594	565	660	673	355	747	465	636	758	470	441	338	573	490	688	455	418	795	544	370	478	
465	593	765	546	526	564	522	545	606	691	478	524	471	667	657	382	438	663	762	568	390	798	685	505	545	540	588	346	526	363	550	780	0	642	560	567	315	499	599	351	332	370	344	459	595	660	595	351	605	635	619	480	521	534	738	559	675	376	581	615	425	
321	468	757	361	689	671	487	352	394	400	721	723	530	413	538	393	524	469	688	792	735	782	547	307	365	765	302	321	312	447	685	669	642	0	782	700	363	488	370	511	620	492	617	421	664	375	658	695	326	497	576	640	789	453	670	612	483	504	400	635	345	
591	340	639	628	521	336	453	439	642	474	411	309	703	708	473	562	304	742	653	317	503	724	573	594	371	549	592	402	506	533	605	391	560	782	0	434	335	666	673	792	463	638	685	616	401	346	752	476	366	329	664	669	383	502	423	726	520	780	543	757	698	
571	470	490	708	332	688	347	442	528	772	743	493	781	521	426	312	673	398	499	743	609	434	604	741	455	479	679	445	478	754	524	706	567	700	434	0	552	705	422	632	496	453	781	662	515	492	527	543	523	636	471	400	737	556	650	455	473	656	424	480	763	
513	653	743	454	747	405	409	483	449	551	348	365	464	768	796	447	576	360	718	476	397	454	764	398	400	357	618	316	434	571	376	623	315	363	335	552	0	765	529	596	738	456	766	694	726	556	374	600	364	419	566	486	753	797	485	707	462	722	351	718	576	
474	471	428	592	674	664	643	535	390	426	509	454	469	681	466	396	496	799	539	391	560	686	377	377	536	627	651	675	530	325	568	404	499	488	666	705	765	0	682	471	469	404	689	369	540	611	682	787	778	319	646	612	694	679	763	456	594	504	716	404	748	
393	375	537	634	408	462	490	659	596	454	360	375	434	559	495	531	678	451	437	682	641	420	423	703	742	522	672	590	589	716	497	796	599	370	673	422	529	682	0	524	349	313	744	351	483	607	648	732	711	505	456	680	730	750	623	768	391	630	401	607	785	
653	353	634	584	554	546	787	510	305	481	657	416	463	480	485	393	423	646	690	480	734	788	735	543	385	401	377	341	578	330	665	546	351	511	792	632	596	471	524	0	790	556	412	496	437	380	746	476	690	760	308	718	796	422	660	677	710	338	751	655	712	
408	584	556	447	451	779	698	493	435	351	568	551	525	703	649	348	705	514	350	690	441	314	763	710	791	552	455	794	669	675	345	594	332	620	463	496	738	469	349	790	0	556	585	328	730	567	576	454	613	799	743	680	372	682	477	634	604	764	569	679	776	
625	761	545	604	462	618	595	558	503	354	646	366	797	372	756	325	658	676	320	539	605	495	524	669	627	504	329	469	484	543	704	565	370	492	638	453	456	404	313	556	556	0	341	435	432	447	375	620	714	780	597	458	447	530	454	795	317	328	338	362	426	
689	437	325	360	648	650	580	554	664	578	510	455	581	370	318	765	752	456	501	634	549	382	552	687	452	524	721	437	735	697	515	660	344	617	685	781	766	689	744	412	585	341	0	465	777	612	681	451	391	777	791	681	567	705	756	384	471	608	597	425	650	
704	602	596	577	467	683	578	729	705	554	437	322	752	348	504	763	799	557	441	752	441	302	423	378	749	581	795	763	618	727	789	673	459	421	616	662	694	369	351	496	328	435	465	0	584	662	471	716	305	611	479	396	667	555	578	700	585	726	632	370	359	
386	697	722	320	406	794	523	435	696	633	675	798	380	457	450	682	779	566	789	765	369	467	501	493	749	711	454	722	522	740	783	355	595	664	401	515	726	540	483	437	730	432	777	584	0	352	370	647	674	667	627	493	508	479	390	425	460	744	624	591	723	
400	360	666	413	524	546	355	459	561	678	648	762	353	444	694	409	708	423	631	650	726	782	372	414	441	393	645	674	325	393	726	747	660	375	346	492	556	611	607	380	567	447	612	662	352	0	707	646	416	795	518	304	595	700	739	451	771	682	309	376	615	
509	444	695	651	462	620	372	775	389	425	472	364	733	777	375	439	735	592	785	592	390	435	775	577	678	313	724	605	438	450	326	465	595	658	752	527	374	682	648	746	576	375	681	471	370	707	0	465	334	785	390	605	720	309	489	658	412	616	655	467	350	
479	760	542	521	449	402	679	374	572	645	643	439	558	408	589	588	611	324	328	501	599	671	759	612	790	408	407	482	650	420	622	636	351	695	476	543	600	787	732	476	454	620	451	716	647	646	465	0	776	661	337	699	717	627	432	353	464	633	508	311	444	
755	602	589	428	524	464	450	756	696	494	488	306	492	599	411	313	494	793	362	636	348	692	419	438	790	607	367	317	303	491	365	758	605	326	366	523	364	778	711	690	613	714	391	305	674	416	334	776	0	544	557	366	398	471	387	720	638	378	385	334	526	
585	378	543	585	721	425	503	633	518	309	427	728	342	303	534	531	498	650	458	782	737	369	552	471	467	736	332	346	585	431	351	470	635	497	329	636	419	319	505	760	799	780	777	611	667	795	785	661	544	0	765	377	355	583	598	493	327	458	703	453	335	
727	714	331	586	632	324	453	788	499	664	644	411	340	457	589	445	685	779	502	313	623	368	637	322	332	741	320	498	359	449	417	441	619	576	664	471	566	646	456	308	743	597	791	479	627	518	390	337	557	765	0	659	353	417	667	754	672	746	703	675	316	
673	428	644	316	536	676	373	316	725	678	518	329	783	628	760	694	489	559	411	601	785	568	679	751	381	538	462	393	577	572	598	338	480	640	669	400	486	612	680	718	680	458	681	396	493	304	605	699	366	377	659	0	773	464	738	641	669	616	653	678	478	
331	515	441	409	791	334	390	543	319	482	344	446	610	534	356	602	649	446	300	506	479	787	499	768	363	492	753	401	734	352	383	573	521	789	383	737	753	694	730	796	372	447	567	667	508	595	720	717	398	355	353	773	0	573	457	447	726	401	638	652	478	
436	589	562	334	781	426	709	519	618	471	761	733	312	624	565	525	782	415	720	381	687	327	441	581	425	305	783	594	666	614	371	490	534	453	502	556	797	679	750	422	682	530	705	555	479	700	309	627	471	583	417	464	573	0	675	628	470	356	320	386	476	
627	696	742	738	777	322	668	396	527	570	767	357	576	502	551	542	653	428	599	412	533	650	516	378	610	599	553	459	460	596	601	688	738	670	423	650	485	763	623	660	477	454	756	578	390	739	489	432	387	598	667	738	457	675	0	688	536	563	314	598	334	
499	498	500	705	778	389	681	723	695	572	716	765	637	572	735	380	434	564	473	430	537	742	626	537	434	436	784	485	748	367	739	455	559	612	726	455	707	456	768	677	634	795	384	700	425	451	658	353	720	493	754	641	447	628	688	0	798	392	517	456	541	
311	470	310	780	550	652	526	560	766	424	472	573	497	668	321	707	300	709	477	307	482	563	553	315	713	547	556	345	440	705	372	418	675	483	520	473	462	594	391	710	604	317	471	585	460	771	412	464	638	327	672	669	726	470	536	798	0	495	495	670	764	
584	700	661	365	683	791	483	717	496	649	347	577	691	574	629	555	408	338	394	446	458	799	724	428	312	319	671	497	420	331	402	795	376	504	780	656	722	504	630	338	764	328	608	726	744	682	616	633	378	458	746	616	401	356	563	392	495	0	744	795	455	
414	577	775	633	536	396	312	593	698	559	364	440	648	577	488	498	698	670	769	305	372	629	492	402	615	738	456	734	568	331	707	544	581	400	543	424	351	716	401	751	569	338	597	632	624	309	655	508	385	703	703	653	638	320	314	517	495	744	0	400	714	
385	562	345	530	546	657	527	422	786	348	597	469	689	542	661	786	707	509	607	627	763	457	745	744	306	485	684	797	628	748	690	370	615	635	757	480	718	404	607	655	679	362	425	370	591	376	467	311	334	453	675	678	652	386	598	456	670	795	400	0	780	
785	538	521	771	465	638	445	726	452	533	307	480	381	515	437	498	687	680	447	414	466	366	734	445	534	457	473	421	612	620	440	478	425	345	698	763	576	748	785	712	776	426	650	359	723	615	350	444	526	335	316	478	478	476	334	541	764	455	714	780	0	
etats
Id_Station	Poids W	Min (P)	WSPT	Priorité	
1	5	300	33,33	1	
2	9	303	33,67	2	
3	8	303	33,67	3	
4	7	303	33,67	4	
5	5	328	36,44	5	
6	1	303	37,88	6	
7	7	308	38,50	7	
8	8	316	39,50	8	
9	4	321	40,13	9	
10	1	301	43,00	10	
11	1	304	43,43	11	
12	8	306	43,71	12	
13	9	308	44,00	13	
14	9	309	44,14	14	
15	1	316	45,14	15	
16	4	316	45,14	16	
17	5	325	46,43	17	
18	8	302	50,33	18	
19	1	303	50,50	19	
20	9	310	51,67	20	
21	9	315	52,50	21	
22	5	316	52,67	22	
23	8	318	53,00	23	
24	3	334	55,67	24	
25	1	300	60,00	25	
26	6	303	60,60	26	
27	6	303	60,60	27	
28	2	308	61,60	28	
29	3	309	61,80	29	
30	4	314	62,80	30	
31	5	316	63,20	31	
32	5	300	75,00	32	
33	2	300	75,00	33	
34	9	301	75,25	34	
35	8	304	76,00	35	
36	1	305	76,25	36	
37	5	306	76,50	37	
38	1	306	76,50	38	
39	3	307	76,75	39	
40	4	308	77,00	40	
41	5	312	78,00	41	
42	1	317	79,25	42	
43	1	339	84,75	43	
44	1	300	150,00	44	
45	3	308	154,00	45	
46	7	317	158,50	46	
47	6	322	161,00	47	
48	3	300	300,00	48	
49	1	301	301,00	49	
50	1	301	301,00	50	
51	4	302	302,00	51	
52	3	302	302,00	52	
53	1	305	305,00	53	
54	4	305	305,00	54	
55	6	306	306,00	55	
56	6	308	308,00	56	
57	2	315	315,00	57	
58	7	318	318,00	58	
59	1	320	320,00	59	
60	4	329	329,00	60	

