distances
0	567	755	573	601	729	351	546	306	594	361	330	421	581	301	779	603	683	784	717	394	386	648	744	660	613	585	449	585	669	615	732	404	666	626	710	631	678	701	632	634	461	563	739	333	523	411	718	618	751	544	560	496	500	661	665	527	764	519	685	582	
567	0	783	397	659	781	621	628	517	474	699	552	603	431	537	422	675	381	559	733	337	556	451	719	428	409	733	785	656	515	489	384	323	433	793	561	586	371	452	726	781	601	551	373	478	565	627	460	772	637	688	414	703	519	316	528	620	680	729	677	477	
755	783	0	744	426	324	756	695	444	624	449	744	431	678	484	796	468	323	531	497	508	337	532	725	489	400	600	448	794	537	513	685	520	504	529	524	488	799	435	639	491	424	519	322	751	449	486	383	647	768	603	558	568	419	300	591	358	534	466	727	463	
573	397	744	0	333	466	339	337	334	735	401	769	650	675	331	677	465	730	678	642	653	668	343	788	671	666	542	695	522	513	306	349	429	327	459	400	441	472	704	373	352	605	482	545	687	316	365	359	690	327	762	518	401	746	629	653	338	602	778	533	443	
601	659	426	333	0	478	501	565	716	753	347	384	548	544	461	565	348	766	558	593	728	524	760	511	520	787	554	689	610	564	538	370	446	799	794	429	756	692	422	712	316	612	553	787	734	581	792	462	626	566	317	452	395	577	735	331	411	731	567	746	418	
729	781	324	466	478	0	416	553	331	457	748	394	300	510	738	339	320	371	799	653	689	765	718	304	550	404	365	606	399	665	424	531	574	609	578	330	585	743	513	434	748	641	362	687	499	681	329	467	542	535	529	568	665	716	544	772	673	683	778	619	495	
351	621	756	339	501	416	0	521	343	483	453	700	360	705	686	488	381	540	421	413	581	391	429	543	695	450	624	586	366	691	396	550	466	366	567	431	723	443	674	409	589	796	529	364	492	701	597	388	545	703	554	325	518	586	706	505	468	402	503	626	670	
546	628	695	337	565	553	521	0	351	409	645	799	630	427	396	755	517	649	551	430	489	428	661	584	414	676	777	545	781	319	398	393	642	437	516	612	537	735	624	675	559	303	733	728	331	590	754	325	541	620	366	310	507	507	600	566	615	472	751	793	546	
306	517	444	334	716	331	343	351	0	301	367	402	454	597	731	338	429	490	477	765	785	744	474	734	469	664	395	457	341	451	370	330	768	648	303	725	632	382	469	507	331	642	641	549	688	375	637	463	724	787	300	575	408	367	369	616	667	789	707	439	395	
594	474	624	735	753	457	483	409	301	0	428	401	378	623	732	377	543	637	596	369	763	748	743	626	330	763	538	322	675	321	565	762	532	746	330	599	686	603	755	510	643	796	591	562	593	391	435	767	551	316	421	677	468	589	551	493	515	526	771	597	656	
361	699	449	401	347	748	453	645	367	428	0	679	640	671	386	651	794	474	627	778	328	336	380	730	777	452	548	681	769	550	317	376	744	499	570	667	511	462	569	440	680	741	647	418	758	790	351	646	572	716	447	727	543	584	639	639	710	366	394	323	587	
330	552	744	769	384	394	700	799	402	401	679	0	508	658	557	517	616	306	475	657	791	587	389	349	602	364	533	569	508	762	563	500	347	529	336	364	674	555	452	557	374	665	337	604	553	403	595	751	301	775	545	781	314	694	797	469	557	748	439	369	339	
421	603	431	650	548	300	360	630	454	378	640	508	0	360	374	592	560	546	420	629	354	361	409	639	623	400	687	657	314	514	785	347	698	595	473	747	658	738	665	519	716	753	515	725	355	434	337	514	362	775	778	319	778	428	479	585	771	601	344	779	421	
581	431	678	675	544	510	705	427	597	623	671	658	360	0	757	423	414	671	320	757	412	500	334	438	604	419	603	645	667	493	521	593	537	364	767	453	568	394	528	341	443	556	319	314	505	435	309	598	700	400	436	678	760	722	703	675	450	705	796	765	448	
301	537	484	331	461	738	686	396	731	732	386	557	374	757	0	600	314	602	609	761	738	680	504	792	597	468	606	742	690	534	764	751	397	644	661	722	451	378	380	517	370	745	620	450	679	410	551	302	472	502	525	518	521	605	419	471	439	334	578	609	682	
779	422	796	677	565	339	488	755	338	377	651	517	592	423	600	0	398	580	532	335	379	780	590	483	695	361	591	317	685	500	686	719	778	370	396	584	539	703	702	645	328	510	362	481	765	673	330	308	526	512	541	427	318	640	619	639	482	721	481	675	419	
603	675	468	465	348	320	381	517	429	543	794	616	560	414	314	398	0	338	479	701	638	377	444	794	358	509	688	605	466	521	608	621	339	587	572	651	353	388	753	548	511	634	339	790	405	699	344	367	379	379	488	468	440	670	487	328	605	792	773	525	598	
683	381	323	730	766	371	540	649	490	637	474	306	546	671	602	580	338	0	575	457	743	302	418	685	775	330	476	676	782	541	749	529	357	568	607	730	604	720	683	575	557	733	561	346	531	340	312	407	632	735	759	494	372	332	631	743	473	469	629	565	770	
784	559	531	678	558	799	421	551	477	596	627	475	420	320	609	532	479	575	0	460	381	786	336	564	773	717	607	356	666	711	470	538	470	415	503	507	507	539	629	449	540	699	499	713	458	648	324	636	537	607	530	350	306	757	457	738	636	568	730	329	773	
717	733	497	642	593	653	413	430	765	369	778	657	629	757	761	335	701	457	460	0	461	490	571	732	546	773	345	539	743	721	491	492	797	765	334	553	445	542	423	458	421	623	305	341	744	464	516	677	478	493	581	721	782	718	515	693	719	603	606	522	700	
394	337	508	653	728	689	581	489	785	763	328	791	354	412	738	379	638	743	381	461	0	673	483	757	680	498	679	635	793	765	457	738	377	553	494	379	740	657	520	599	504	749	477	669	375	492	468	422	497	597	634	661	692	411	684	503	572	635	651	685	574	
386	556	337	668	524	765	391	428	744	748	336	587	361	500	680	780	377	302	786	490	673	0	353	434	724	386	677	341	418	557	347	595	520	708	453	340	611	542	520	786	679	345	623	382	391	303	316	483	394	533	403	618	523	346	723	493	521	410	723	503	503	
648	451	532	343	760	718	429	661	474	743	380	389	409	334	504	590	444	418	336	571	483	353	0	595	780	396	768	556	625	640	577	364	673	374	362	673	734	638	644	535	317	766	308	717	515	325	563	515	737	726	336	423	535	388	350	396	447	422	543	362	540	
744	719	725	788	511	304	543	584	734	626	730	349	639	438	792	483	794	685	564	732	757	434	595	0	552	768	372	388	341	350	563	696	677	320	495	440	480	551	777	386	461	799	660	765	637	438	471	672	726	570	486	597	313	311	770	743	453	376	315	553	481	
660	428	489	671	520	550	695	414	469	330	777	602	623	604	597	695	358	775	773	546	680	724	780	552	0	346	547	404	350	721	635	444	642	702	654	503	449	565	547	493	318	425	752	679	409	685	594	798	422	708	431	797	456	749	328	718	450	641	611	529	315	
613	409	400	666	787	404	450	676	664	763	452	364	400	419	468	361	509	330	717	773	498	386	396	768	346	0	644	761	463	409	307	381	556	612	340	587	468	640	685	612	720	688	528	706	336	669	636	552	506	679	648	408	605	712	503	340	507	441	486	592	586	
585	733	600	542	554	365	624	777	395	538	548	533	687	603	606	591	688	476	607	345	679	677	768	372	547	644	0	664	344	794	775	644	713	736	493	519	730	368	339	578	695	535	372	736	358	490	395	414	676	617	488	521	576	711	471	545	376	513	782	398	774	
449	785	448	695	689	606	586	545	457	322	681	569	657	645	742	317	605	676	356	539	635	341	556	388	404	761	664	0	763	374	737	367	768	480	481	451	465	766	667	679	654	725	342	562	426	378	396	699	448	325	627	551	763	333	461	646	317	583	497	728	641	
585	656	794	522	610	399	366	781	341	675	769	508	314	667	690	685	466	782	666	743	793	418	625	341	350	463	344	763	0	726	628	690	734	584	648	372	683	512	657	798	656	514	641	308	484	320	446	339	608	325	727	550	403	463	538	305	503	499	467	587	711	
669	515	537	513	564	665	691	319	451	321	550	762	514	493	534	500	521	541	711	721	765	557	640	350	721	409	794	374	726	0	352	326	318	532	787	327	501	788	328	767	416	702	781	350	627	338	383	381	721	685	711	708	329	481	504	701	323	557	376	329	694	
615	489	513	306	538	424	396	398	370	565	317	563	785	521	764	686	608	749	470	491	457	347	577	563	635	307	775	737	628	352	0	476	357	567	333	563	374	381	746	732	617	661	560	724	554	743	735	476	542	637	548	657	549	643	352	482	785	637	393	712	565	
732	384	685	349	370	531	550	393	330	762	376	500	347	593	751	719	621	529	538	492	738	595	364	696	444	381	644	367	690	326	476	0	660	504	319	630	390	374	513	448	701	557	760	403	308	384	391	337	374	634	412	356	610	406	650	355	715	416	309	600	543	
404	323	520	429	446	574	466	642	768	532	744	347	698	537	397	778	339	357	470	797	377	520	673	677	642	556	713	768	734	318	357	660	0	633	656	402	382	516	450	787	510	502	538	707	632	406	367	605	324	588	622	591	742	577	760	594	519	436	405	648	500	
666	433	504	327	799	609	366	437	648	746	499	529	595	364	644	370	587	568	415	765	553	708	374	320	702	612	736	480	584	532	567	504	633	0	435	322	469	404	334	465	792	601	576	405	656	717	743	796	584	429	736	612	509	757	513	692	316	720	720	645	704	
626	793	529	459	794	578	567	516	303	330	570	336	473	767	661	396	572	607	503	334	494	453	362	495	654	340	493	481	648	787	333	319	656	435	0	383	414	401	333	469	512	531	783	491	620	605	465	517	601	639	604	411	726	774	745	327	426	376	632	304	342	
710	561	524	400	429	330	431	612	725	599	667	364	747	453	722	584	651	730	507	553	379	340	673	440	503	587	519	451	372	327	563	630	402	322	383	0	705	353	787	697	410	765	470	535	534	328	791	601	788	600	634	363	466	576	586	782	445	701	488	364	412	
631	586	488	441	756	585	723	537	632	686	511	674	658	568	451	539	353	604	507	445	740	611	734	480	449	468	730	465	683	501	374	390	382	469	414	705	0	759	529	692	519	337	791	317	742	405	522	485	619	332	751	330	575	610	586	507	422	718	303	342	551	
678	371	799	472	692	743	443	735	382	603	462	555	738	394	378	703	388	720	539	542	657	542	638	551	565	640	368	766	512	788	381	374	516	404	401	353	759	0	759	713	497	641	681	768	748	571	720	490	686	329	510	450	657	494	351	728	759	631	404	355	460	
701	452	435	704	422	513	674	624	469	755	569	452	665	528	380	702	753	683	629	423	520	520	644	777	547	685	339	667	657	328	746	513	450	334	333	787	529	759	0	722	686	442	757	555	591	690	622	786	726	464	461	451	741	451	648	679	355	519	595	320	615	
632	726	639	373	712	434	409	675	507	510	440	557	519	341	517	645	548	575	449	458	599	786	535	386	493	612	578	679	798	767	732	448	787	465	469	697	692	713	722	0	694	747	417	467	679	321	363	564	713	717	358	636	527	646	554	468	609	539	583	708	691	
634	781	491	352	316	748	589	559	331	643	680	374	716	443	370	328	511	557	540	421	504	679	317	461	318	720	695	654	656	416	617	701	510	792	512	410	519	497	686	694	0	341	645	631	738	428	694	330	407	578	389	413	616	421	332	764	750	497	438	350	599	
461	601	424	605	612	641	796	303	642	796	741	665	753	556	745	510	634	733	699	623	749	345	766	799	425	688	535	725	514	702	661	557	502	601	531	765	337	641	442	747	341	0	323	345	568	528	667	698	439	615	732	446	768	799	537	303	565	481	325	606	782	
563	551	519	482	553	362	529	733	641	591	647	337	515	319	620	362	339	561	499	305	477	623	308	660	752	528	372	342	641	781	560	760	538	576	783	470	791	681	757	417	645	323	0	588	493	574	532	563	601	673	429	796	642	533	776	750	590	363	310	459	771	
739	373	322	545	787	687	364	728	549	562	418	604	725	314	450	481	790	346	713	341	669	382	717	765	679	706	736	562	308	350	724	403	707	405	491	535	317	768	555	467	631	345	588	0	563	391	529	409	745	748	327	685	724	798	763	313	560	471	777	773	451	
333	478	751	687	734	499	492	331	688	593	758	553	355	505	679	765	405	531	458	744	375	391	515	637	409	336	358	426	484	627	554	308	632	656	620	534	742	748	591	679	738	568	493	563	0	558	746	370	793	312	568	487	685	695	444	669	492	784	764	690	389	
523	565	449	316	581	681	701	590	375	391	790	403	434	435	410	673	699	340	648	464	492	303	325	438	685	669	490	378	320	338	743	384	406	717	605	328	405	571	690	321	428	528	574	391	558	0	341	324	555	439	731	742	395	796	317	497	706	605	337	312	578	
411	627	486	365	792	329	597	754	637	435	351	595	337	309	551	330	344	312	324	516	468	316	563	471	594	636	395	396	446	383	735	391	367	743	465	791	522	720	622	363	694	667	532	529	746	341	0	747	523	525	585	478	323	467	346	397	430	794	753	739	477	
718	460	383	359	462	467	388	325	463	767	646	751	514	598	302	308	367	407	636	677	422	483	515	672	798	552	414	699	339	381	476	337	605	796	517	601	485	490	786	564	330	698	563	409	370	324	747	0	516	562	589	652	543	695	471	563	434	535	351	552	523	
618	772	647	690	626	542	545	541	724	551	572	301	362	700	472	526	379	632	537	478	497	394	737	726	422	506	676	448	608	721	542	374	324	584	601	788	619	686	726	713	407	439	601	745	793	555	523	516	0	584	506	488	573	409	503	367	700	459	337	334	580	
751	637	768	327	566	535	703	620	787	316	716	775	775	400	502	512	379	735	607	493	597	533	726	570	708	679	617	325	325	685	637	634	588	429	639	600	332	329	464	717	578	615	673	748	312	439	525	562	584	0	431	372	736	523	646	648	734	713	334	382	727	
544	688	603	762	317	529	554	366	300	421	447	545	778	436	525	541	488	759	530	581	634	403	336	486	431	648	488	627	727	711	548	412	622	736	604	634	751	510	461	358	389	732	429	327	568	731	585	589	506	431	0	421	783	617	309	447	545	418	466	682	436	
560	414	558	518	452	568	325	310	575	677	727	781	319	678	518	427	468	494	350	721	661	618	423	597	797	408	521	551	550	708	657	356	591	612	411	363	330	450	451	636	413	446	796	685	487	742	478	652	488	372	421	0	477	490	797	454	424	614	501	551	510	
496	703	568	401	395	665	518	507	408	468	543	314	778	760	521	318	440	372	306	782	692	523	535	313	456	605	576	763	403	329	549	610	742	509	726	466	575	657	741	527	616	768	642	724	685	395	323	543	573	736	783	477	0	550	654	706	565	377	602	565	377	
500	519	419	746	577	716	586	507	367	589	584	694	428	722	605	640	670	332	757	718	411	346	388	311	749	712	711	333	463	481	643	406	577	757	774	576	610	494	451	646	421	799	533	798	695	796	467	695	409	523	617	490	550	0	636	397	591	610	749	308	497	
661	316	300	629	735	544	706	600	369	551	639	797	479	703	419	619	487	631	457	515	684	723	350	770	328	503	471	461	538	504	352	650	760	513	745	586	586	351	648	554	332	537	776	763	444	317	346	471	503	646	309	797	654	636	0	796	615	426	553	724	601	
665	528	591	653	331	772	505	566	616	493	639	469	585	675	471	639	328	743	738	693	503	493	396	743	718	340	545	646	305	701	482	355	594	692	327	782	507	728	679	468	764	303	750	313	669	497	397	563	367	648	447	454	706	397	796	0	510	751	392	692	513	
527	620	358	338	411	673	468	615	667	515	710	557	771	450	439	482	605	473	636	719	572	521	447	453	450	507	376	317	503	323	785	715	519	316	426	445	422	759	355	609	750	565	590	560	492	706	430	434	700	734	545	424	565	591	615	510	0	706	508	495	723	
764	680	534	602	731	683	402	472	789	526	366	748	601	705	334	721	792	469	568	603	635	410	422	376	641	441	513	583	499	557	637	416	436	720	376	701	718	631	519	539	497	481	363	471	784	605	794	535	459	713	418	614	377	610	426	751	706	0	731	562	493	
519	729	466	778	567	778	503	751	707	771	394	439	344	796	578	481	773	629	730	606	651	723	543	315	611	486	782	497	467	376	393	309	405	720	632	488	303	404	595	583	438	325	310	777	764	337	753	351	337	334	466	501	602	749	553	392	508	731	0	799	343	
685	677	727	533	746	619	626	793	439	597	323	369	779	765	609	675	525	565	329	522	685	503	362	553	529	592	398	728	587	329	712	600	648	645	304	364	342	355	320	708	350	606	459	773	690	312	739	552	334	382	682	551	565	308	724	692	495	562	799	0	670	
582	477	463	443	418	495	670	546	395	656	587	339	421	448	682	419	598	770	773	700	574	503	540	481	315	586	774	641	711	694	565	543	500	704	342	412	551	460	615	691	599	782	771	451	389	578	477	523	580	727	436	510	377	497	601	513	723	493	343	670	0	
etats
Id_Station	Poids W	Min (P)	WSPT	Priorité	
1	7	300	33,33	1	
2	4	301	33,44	2	
3	4	304	33,78	3	
4	6	302	37,75	4	
5	1	304	38,00	5	
6	7	304	38,00	6	
7	5	323	40,38	7	
8	9	330	41,25	8	
9	1	302	43,14	9	
10	2	303	43,29	10	
11	1	303	43,29	11	
12	4	303	43,29	12	
13	5	323	46,14	13	
14	4	302	50,33	14	
15	1	302	50,33	15	
16	5	302	50,33	16	
17	1	306	51,00	17	
18	4	308	51,33	18	
19	1	308	51,33	19	
20	9	309	51,50	20	
21	1	318	53,00	21	
22	5	328	54,67	22	
23	7	300	60,00	23	
24	1	303	60,60	24	
25	4	303	60,60	25	
26	4	305	61,00	26	
27	4	320	64,00	27	
28	1	324	64,80	28	
29	1	327	65,40	29	
30	1	301	75,25	30	
31	4	302	75,50	31	
32	6	316	79,00	32	
33	5	324	81,00	33	
34	9	301	100,33	34	
35	2	302	100,67	35	
36	8	303	101,00	36	
37	1	304	101,33	37	
38	1	304	101,33	38	
39	8	306	102,00	39	
40	7	302	151,00	40	
41	6	304	152,00	41	
42	4	304	152,00	42	
43	8	306	153,00	43	
44	2	306	153,00	44	
45	9	307	153,50	45	
46	7	308	154,00	46	
47	6	312	156,00	47	
48	7	300	300,00	48	
49	4	300	300,00	49	
50	2	301	301,00	50	
51	6	302	302,00	51	
52	7	303	303,00	52	
53	7	303	303,00	53	
54	5	305	305,00	54	
55	5	306	306,00	55	
56	8	306	306,00	56	
57	6	306	306,00	57	
58	9	311	311,00	58	
59	4	316	316,00	59	
60	6	328	328,00	60	

