distances
0	618	584	457	584	473	404	611	656	777	774	442	693	773	726	770	492	331	766	541	736	690	509	306	595	413	665	355	562	506	562	414	635	469	515	492	674	729	619	581	629	603	367	543	726	629	500	792	456	520	535	553	374	332	669	349	380	593	565	539	403	
618	0	440	504	578	340	786	676	356	403	363	766	520	642	668	608	307	681	646	370	647	651	432	374	492	410	548	727	644	347	457	354	336	549	497	755	449	655	440	478	737	697	451	455	467	470	791	534	604	629	582	777	704	310	759	662	351	536	398	549	684	
584	440	0	743	765	591	564	636	592	441	558	449	437	466	503	506	339	749	796	734	694	485	600	517	372	638	646	542	766	515	539	761	790	548	656	780	350	465	304	491	404	390	475	403	751	713	661	610	591	545	750	350	406	464	777	632	664	523	570	524	564	
457	504	743	0	368	590	633	661	711	618	675	476	355	535	626	789	611	549	767	666	440	386	389	703	649	730	477	601	433	695	655	762	487	744	653	600	749	393	712	630	780	347	785	367	311	438	721	471	779	468	395	566	675	743	537	415	551	490	577	602	337	
584	578	765	368	0	570	541	405	789	623	342	620	350	412	589	548	612	394	439	683	736	721	782	358	725	627	707	555	696	393	682	716	398	418	572	576	598	670	404	650	609	620	574	655	439	519	662	563	528	682	593	474	473	390	654	646	689	723	435	724	515	
473	340	591	590	570	0	446	514	474	462	522	333	610	678	421	310	745	554	430	362	343	488	384	634	558	420	348	535	713	774	671	602	721	604	573	674	447	763	689	538	398	410	471	449	423	546	656	319	454	714	341	352	663	477	326	369	378	491	525	609	342	
404	786	564	633	541	446	0	606	729	459	442	529	463	443	567	398	687	657	445	765	413	671	560	571	568	402	483	454	680	448	666	672	421	325	347	320	606	715	401	633	563	488	460	473	524	586	604	688	479	677	783	798	552	389	624	445	787	342	770	664	720	
611	676	636	661	405	514	606	0	343	410	535	572	661	510	586	556	776	543	580	492	731	514	374	634	443	576	502	681	754	597	620	416	752	486	451	343	626	400	383	549	385	523	482	398	577	693	553	476	786	563	660	772	496	595	501	720	569	710	525	384	313	
656	356	592	711	789	474	729	343	0	459	372	630	629	751	353	732	319	486	360	320	748	479	406	608	364	580	533	312	539	455	540	349	518	502	537	742	758	769	328	326	334	691	689	370	422	336	670	760	789	478	548	394	565	484	516	480	431	736	726	469	489	
777	403	441	618	623	462	459	410	459	0	726	462	796	349	659	579	501	734	479	751	496	747	663	395	680	545	380	515	366	661	458	339	509	608	428	416	369	487	330	398	497	545	773	707	349	417	785	463	690	659	355	643	386	424	454	705	539	443	757	478	517	
774	363	558	675	342	522	442	535	372	726	0	430	497	783	609	390	365	556	339	496	350	397	528	333	789	645	431	371	316	780	794	648	765	788	478	437	585	521	540	423	674	580	642	477	526	751	503	482	598	736	730	619	563	709	551	676	673	678	760	754	433	
442	766	449	476	620	333	529	572	630	462	430	0	415	634	487	642	702	366	654	584	389	482	590	773	672	680	521	515	515	350	347	391	501	455	380	750	751	626	586	446	410	414	425	459	536	553	756	463	442	544	325	729	774	638	357	337	358	735	355	562	354	
693	520	437	355	350	610	463	661	629	796	497	415	0	778	308	680	311	585	738	633	732	438	644	477	712	660	571	362	352	747	429	594	617	768	582	397	411	432	789	418	491	789	424	559	453	456	426	643	572	367	765	502	611	429	528	414	369	575	341	550	676	
773	642	466	535	412	678	443	510	751	349	783	634	778	0	422	610	562	538	428	579	468	386	412	695	383	720	526	783	786	597	309	564	502	404	386	308	596	495	693	493	482	537	649	694	409	445	490	649	467	693	563	445	788	696	776	471	555	536	670	603	362	
726	668	503	626	589	421	567	586	353	659	609	487	308	422	0	607	777	442	572	593	517	628	570	608	763	451	677	752	582	318	547	397	628	347	313	567	448	378	446	579	738	407	761	329	327	380	740	587	504	460	474	606	613	440	789	708	365	613	444	622	331	
770	608	506	789	548	310	398	556	732	579	390	642	680	610	607	0	353	341	538	478	483	657	417	639	346	616	500	506	516	737	537	791	338	719	666	445	705	517	500	394	616	447	679	738	702	320	458	418	512	590	696	631	630	511	610	766	620	340	406	541	577	
492	307	339	611	612	745	687	776	319	501	365	702	311	562	777	353	0	624	502	312	305	632	552	675	553	369	691	744	759	732	791	425	738	588	705	465	522	624	369	604	570	381	504	576	396	741	792	581	585	730	765	415	623	637	752	306	787	592	352	332	352	
331	681	749	549	394	554	657	543	486	734	556	366	585	538	442	341	624	0	433	432	758	455	527	375	601	587	481	735	630	573	661	364	544	697	691	584	417	569	522	695	781	331	572	364	465	463	572	618	645	329	420	498	334	570	682	724	555	567	554	314	712	
766	646	796	767	439	430	445	580	360	479	339	654	738	428	572	538	502	433	0	600	557	751	764	318	313	678	788	790	610	614	575	333	327	715	473	713	567	440	718	350	709	396	590	714	625	481	420	668	317	427	422	719	447	591	474	470	529	484	380	585	753	
541	370	734	666	683	362	765	492	320	751	496	584	633	579	593	478	312	432	600	0	365	576	722	730	721	585	684	451	545	707	633	317	668	586	597	363	611	425	651	770	629	791	348	380	713	429	501	461	603	441	576	597	348	452	623	577	650	428	698	454	768	
736	647	694	440	736	343	413	731	748	496	350	389	732	468	517	483	305	758	557	365	0	709	589	358	705	675	796	712	470	453	521	459	566	465	692	606	758	363	611	589	614	561	765	649	531	740	437	657	693	499	474	742	493	718	761	489	520	317	674	583	639	
690	651	485	386	721	488	671	514	479	747	397	482	438	386	628	657	632	455	751	576	709	0	677	664	683	585	619	788	402	477	547	657	657	775	441	578	799	629	780	786	680	350	746	703	572	520	523	376	334	514	327	577	656	785	738	459	402	686	476	778	551	
509	432	600	389	782	384	560	374	406	663	528	590	644	412	570	417	552	527	764	722	589	677	0	796	563	613	720	396	747	756	602	384	566	517	444	518	709	547	380	423	312	738	328	529	674	651	724	475	499	778	606	369	398	416	473	435	357	522	649	551	685	
306	374	517	703	358	634	571	634	608	395	333	773	477	695	608	639	675	375	318	730	358	664	796	0	584	669	568	680	405	311	579	456	502	686	637	380	532	616	498	496	482	537	347	444	694	556	547	633	306	351	454	519	314	349	744	673	388	794	339	458	516	
595	492	372	649	725	558	568	443	364	680	789	672	712	383	763	346	553	601	313	721	705	683	563	584	0	757	640	734	764	514	745	333	763	424	354	487	457	628	379	588	608	768	553	664	313	333	350	617	706	450	581	413	516	636	692	363	596	633	620	790	393	
413	410	638	730	627	420	402	576	580	545	645	680	660	720	451	616	369	587	678	585	675	585	613	669	757	0	457	503	775	678	447	601	515	579	715	525	733	564	794	475	768	585	727	430	694	663	667	733	591	404	619	336	313	418	599	593	733	797	358	732	544	
665	548	646	477	707	348	483	502	533	380	431	521	571	526	677	500	691	481	788	684	796	619	720	568	640	457	0	542	650	728	675	763	608	714	340	377	454	389	456	741	674	458	422	738	701	491	438	619	379	367	480	471	342	613	672	610	795	620	473	593	651	
355	727	542	601	555	535	454	681	312	515	371	515	362	783	752	506	744	735	790	451	712	788	396	680	734	503	542	0	443	318	758	631	686	598	713	420	659	749	489	608	744	549	745	763	399	374	321	490	778	544	532	410	481	492	510	450	356	769	329	645	721	
562	644	766	433	696	713	680	754	539	366	316	515	352	786	582	516	759	630	610	545	470	402	747	405	764	775	650	443	0	418	564	746	731	414	526	326	412	415	613	517	348	545	724	454	453	738	747	464	399	641	605	641	742	415	708	717	492	649	455	646	561	
506	347	515	695	393	774	448	597	455	661	780	350	747	597	318	737	732	573	614	707	453	477	756	311	514	678	728	318	418	0	621	609	746	496	512	606	560	505	609	583	407	549	524	613	622	673	428	690	758	511	611	634	351	634	345	513	301	675	431	525	315	
562	457	539	655	682	671	666	620	540	458	794	347	429	309	547	537	791	661	575	633	521	547	602	579	745	447	675	758	564	621	0	300	714	530	399	604	517	630	653	771	609	326	413	630	725	565	638	575	574	710	637	369	511	373	473	579	710	685	640	546	706	
414	354	761	762	716	602	672	416	349	339	648	391	594	564	397	791	425	364	333	317	459	657	384	456	333	601	763	631	746	609	300	0	676	574	419	732	564	369	503	702	560	652	535	449	431	436	301	532	627	581	558	424	490	654	696	639	401	359	502	511	733	
635	336	790	487	398	721	421	752	518	509	765	501	617	502	628	338	738	544	327	668	566	657	566	502	763	515	608	686	731	746	714	676	0	561	706	708	475	581	516	747	386	566	306	351	447	341	487	437	308	615	348	668	381	458	449	762	555	410	612	748	596	
469	549	548	744	418	604	325	486	502	608	788	455	768	404	347	719	588	697	715	586	465	775	517	686	424	579	714	598	414	496	530	574	561	0	322	687	631	736	748	637	544	435	376	744	391	387	686	518	470	536	403	781	488	719	636	480	775	678	418	333	626	
515	497	656	653	572	573	347	451	537	428	478	380	582	386	313	666	705	691	473	597	692	441	444	637	354	715	340	713	526	512	399	419	706	322	0	325	317	758	732	519	345	402	760	628	593	577	767	759	576	704	669	453	565	606	721	327	768	373	374	457	787	
492	755	780	600	576	674	320	343	742	416	437	750	397	308	567	445	465	584	713	363	606	578	518	380	487	525	377	420	326	606	604	732	708	687	325	0	582	724	701	756	500	662	340	694	345	723	570	658	582	574	637	740	672	400	737	721	605	737	368	626	681	
674	449	350	749	598	447	606	626	758	369	585	751	411	596	448	705	522	417	567	611	758	799	709	532	457	733	454	659	412	560	517	564	475	631	317	582	0	566	689	422	746	530	699	310	699	741	720	546	463	547	702	629	461	785	369	535	314	372	387	500	697	
729	655	465	393	670	763	715	400	769	487	521	626	432	495	378	517	624	569	440	425	363	629	547	616	628	564	389	749	415	505	630	369	581	736	758	724	566	0	528	479	722	546	699	651	787	452	565	373	389	368	711	410	575	414	350	614	573	385	341	577	406	
619	440	304	712	404	689	401	383	328	330	540	586	789	693	446	500	369	522	718	651	611	780	380	498	379	794	456	489	613	609	653	503	516	748	732	701	689	528	0	755	444	365	336	499	447	526	421	675	557	793	611	418	474	378	639	718	593	403	380	540	305	
581	478	491	630	650	538	633	549	326	398	423	446	418	493	579	394	604	695	350	770	589	786	423	496	588	475	741	608	517	583	771	702	747	637	519	756	422	479	755	0	679	405	561	402	547	398	677	520	392	566	714	659	402	533	592	545	568	414	305	654	412	
629	737	404	780	609	398	563	385	334	497	674	410	491	482	738	616	570	781	709	629	614	680	312	482	608	768	674	744	348	407	609	560	386	544	345	500	746	722	444	679	0	645	673	558	471	747	487	537	682	333	305	634	371	658	533	533	733	326	667	469	588	
603	697	390	347	620	410	488	523	691	545	580	414	789	537	407	447	381	331	396	791	561	350	738	537	768	585	458	549	545	549	326	652	566	435	402	662	530	546	365	405	645	0	634	358	602	640	428	626	454	754	650	524	666	708	452	306	451	590	449	544	352	
367	451	475	785	574	471	460	482	689	773	642	425	424	649	761	679	504	572	590	348	765	746	328	347	553	727	422	745	724	524	413	535	306	376	760	340	699	699	336	561	673	634	0	428	437	459	303	435	410	610	367	308	552	437	531	372	564	695	359	502	452	
543	455	403	367	655	449	473	398	370	707	477	459	559	694	329	738	576	364	714	380	649	703	529	444	664	430	738	763	454	613	630	449	351	744	628	694	310	651	499	402	558	358	428	0	694	703	577	583	410	533	445	615	319	797	406	393	668	497	495	557	777	
726	467	751	311	439	423	524	577	422	349	526	536	453	409	327	702	396	465	625	713	531	572	674	694	313	694	701	399	453	622	725	431	447	391	593	345	699	787	447	547	471	602	437	694	0	485	549	376	661	310	657	347	565	377	577	667	738	535	418	489	610	
629	470	713	438	519	546	586	693	336	417	751	553	456	445	380	320	741	463	481	429	740	520	651	556	333	663	491	374	738	673	565	436	341	387	577	723	741	452	526	398	747	640	459	703	485	0	389	796	676	510	370	447	605	613	340	588	363	595	464	582	798	
500	791	661	721	662	656	604	553	670	785	503	756	426	490	740	458	792	572	420	501	437	523	724	547	350	667	438	321	747	428	638	301	487	686	767	570	720	565	421	677	487	428	303	577	549	389	0	531	666	557	390	329	546	799	581	324	713	598	632	684	646	
792	534	610	471	563	319	688	476	760	463	482	463	643	649	587	418	581	618	668	461	657	376	475	633	617	733	619	490	464	690	575	532	437	518	759	658	546	373	675	520	537	626	435	583	376	796	531	0	726	719	551	603	345	735	452	743	658	394	740	793	543	
456	604	591	779	528	454	479	786	789	690	598	442	572	467	504	512	585	645	317	603	693	334	499	306	706	591	379	778	399	758	574	627	308	470	576	582	463	389	557	392	682	454	410	410	661	676	666	726	0	456	409	619	621	347	467	420	562	516	708	641	513	
520	629	545	468	682	714	677	563	478	659	736	544	367	693	460	590	730	329	427	441	499	514	778	351	450	404	367	544	641	511	710	581	615	536	704	574	547	368	793	566	333	754	610	533	310	510	557	719	456	0	728	581	402	408	453	738	423	486	744	349	372	
535	582	750	395	593	341	783	660	548	355	730	325	765	563	474	696	765	420	422	576	474	327	606	454	581	619	480	532	605	611	637	558	348	403	669	637	702	711	611	714	305	650	367	445	657	370	390	551	409	728	0	662	535	783	408	604	752	522	341	495	574	
553	777	350	566	474	352	798	772	394	643	619	729	502	445	606	631	415	498	719	597	742	577	369	519	413	336	471	410	641	634	369	424	668	781	453	740	629	410	418	659	634	524	308	615	347	447	329	603	619	581	662	0	351	778	708	370	554	602	720	789	566	
374	704	406	675	473	663	552	496	565	386	563	774	611	788	613	630	623	334	447	348	493	656	398	314	516	313	342	481	742	351	511	490	381	488	565	672	461	575	474	402	371	666	552	319	565	605	546	345	621	402	535	351	0	433	509	678	655	568	418	412	563	
332	310	464	743	390	477	389	595	484	424	709	638	429	696	440	511	637	570	591	452	718	785	416	349	636	418	613	492	415	634	373	654	458	719	606	400	785	414	378	533	658	708	437	797	377	613	799	735	347	408	783	778	433	0	587	698	512	460	341	684	526	
669	759	777	537	654	326	624	501	516	454	551	357	528	776	789	610	752	682	474	623	761	738	473	744	692	599	672	510	708	345	473	696	449	636	721	737	369	350	639	592	533	452	531	406	577	340	581	452	467	453	408	708	509	587	0	586	329	492	574	326	474	
349	662	632	415	646	369	445	720	480	705	676	337	414	471	708	766	306	724	470	577	489	459	435	673	363	593	610	450	717	513	579	639	762	480	327	721	535	614	718	545	533	306	372	393	667	588	324	743	420	738	604	370	678	698	586	0	353	567	785	618	604	
380	351	664	551	689	378	787	569	431	539	673	358	369	555	365	620	787	555	529	650	520	402	357	388	596	733	795	356	492	301	710	401	555	775	768	605	314	573	593	568	733	451	564	668	738	363	713	658	562	423	752	554	655	512	329	353	0	783	733	340	317	
593	536	523	490	723	491	342	710	736	443	678	735	575	536	613	340	592	567	484	428	317	686	522	794	633	797	620	769	649	675	685	359	410	678	373	737	372	385	403	414	326	590	695	497	535	595	598	394	516	486	522	602	568	460	492	567	783	0	318	679	396	
565	398	570	577	435	525	770	525	726	757	760	355	341	670	444	406	352	554	380	698	674	476	649	339	620	358	473	329	455	431	640	502	612	418	374	368	387	341	380	305	667	449	359	495	418	464	632	740	708	744	341	720	418	341	574	785	733	318	0	670	737	
539	549	524	602	724	609	664	384	469	478	754	562	550	603	622	541	332	314	585	454	583	778	551	458	790	732	593	645	646	525	546	511	748	333	457	626	500	577	540	654	469	544	502	557	489	582	684	793	641	349	495	789	412	684	326	618	340	679	670	0	585	
403	684	564	337	515	342	720	313	489	517	433	354	676	362	331	577	352	712	753	768	639	551	685	516	393	544	651	721	561	315	706	733	596	626	787	681	697	406	305	412	588	352	452	777	610	798	646	543	513	372	574	566	563	526	474	604	317	396	737	585	0	
etats
Id_Station	Poids W	Min (P)	WSPT	Priorité	
1	8	300	33,33	1	
2	5	300	33,33	2	
3	8	300	33,33	3	
4	1	304	33,78	4	
5	1	305	33,89	5	
6	8	306	34,00	6	
7	7	307	34,11	7	
8	8	308	34,22	8	
9	1	308	34,22	9	
10	6	308	34,22	10	
11	1	308	34,22	11	
12	1	309	34,33	12	
13	3	311	34,56	13	
14	1	304	38,00	14	
15	1	306	38,25	15	
16	7	307	38,38	16	
17	3	308	38,50	17	
18	7	311	38,88	18	
19	6	300	42,86	19	
20	5	300	42,86	20	
21	1	302	43,14	21	
22	1	304	43,43	22	
23	6	304	43,43	23	
24	8	307	43,86	24	
25	6	311	44,43	25	
26	9	300	50,00	26	
27	9	303	50,50	27	
28	8	303	50,50	28	
29	3	311	51,83	29	
30	1	317	52,83	30	
31	9	300	60,00	31	
32	9	301	60,20	32	
33	9	302	60,40	33	
34	8	307	61,40	34	
35	1	310	62,00	35	
36	4	312	62,40	36	
37	7	301	75,25	37	
38	6	303	75,75	38	
39	4	303	75,75	39	
40	3	305	76,25	40	
41	2	307	76,75	41	
42	9	307	76,75	42	
43	6	313	78,25	43	
44	1	301	100,33	44	
45	1	303	101,00	45	
46	3	305	101,67	46	
47	1	308	102,67	47	
48	4	308	102,67	48	
49	1	310	103,33	49	
50	7	317	105,67	50	
51	1	301	150,50	51	
52	8	303	151,50	52	
53	9	303	151,50	53	
54	5	314	157,00	54	
55	5	300	300,00	55	
56	5	306	306,00	56	
57	2	308	308,00	57	
58	5	308	308,00	58	
59	1	316	316,00	59	
60	1	326	326,00	60	

