distances
0	709	405	756	536	707	314	712	432	728	368	357	371	716	490	552	319	751	634	652	362	754	441	321	519	601	487	543	791	350	446	412	354	344	661	433	732	761	715	726	502	623	521	538	615	362	577	420	362	519	647	410	755	604	638	325	423	620	562	762	401	
709	0	544	460	611	458	754	361	492	683	301	340	743	556	590	409	685	725	751	749	644	514	332	773	473	689	333	308	431	663	616	728	633	571	455	727	329	362	316	581	443	468	463	558	308	418	345	429	784	752	708	646	442	522	623	359	509	523	627	660	356	
405	544	0	509	384	568	486	309	466	407	576	739	496	444	341	634	411	658	396	522	701	611	354	547	430	607	494	773	754	611	357	555	621	501	539	767	438	731	549	414	418	529	497	488	464	521	636	337	506	454	544	619	729	609	772	318	627	309	319	446	494	
756	460	509	0	437	671	605	726	608	641	601	558	451	331	740	733	716	572	381	573	495	714	781	331	547	376	622	650	736	405	692	585	352	355	599	754	533	394	688	607	300	594	708	587	351	772	611	423	685	767	695	604	532	447	382	770	331	551	637	655	743	
536	611	384	437	0	464	351	435	789	459	723	710	499	502	788	685	374	392	486	724	699	668	546	778	330	651	777	723	695	401	317	335	421	418	778	390	671	437	610	729	310	700	422	386	397	442	767	686	765	712	345	422	480	750	466	618	755	753	617	461	797	
707	458	568	671	464	0	401	791	626	624	764	747	467	381	343	373	626	697	376	407	433	373	319	477	487	583	413	716	570	422	407	656	508	735	520	729	481	663	365	354	703	393	598	365	563	719	644	714	591	727	732	500	713	597	358	347	408	406	338	349	382	
314	754	486	605	351	401	0	638	670	429	477	572	743	522	449	656	478	749	526	525	472	610	746	568	531	601	319	711	622	751	687	401	632	462	427	449	779	590	700	720	482	649	599	454	687	681	431	322	489	706	355	693	616	662	347	669	437	533	515	484	486	
712	361	309	726	435	791	638	0	681	494	749	489	357	372	779	563	692	376	493	762	490	692	713	744	498	501	417	532	434	762	348	377	544	710	351	447	488	518	374	517	361	435	583	752	684	420	754	668	625	374	479	478	305	782	552	366	739	316	388	707	416	
432	492	466	608	789	626	670	681	0	743	603	706	501	493	716	769	476	462	398	663	743	402	755	516	441	490	315	769	789	612	573	675	688	574	790	512	701	732	731	412	708	332	667	600	734	358	352	464	345	741	570	316	538	745	751	656	528	571	628	606	393	
728	683	407	641	459	624	429	494	743	0	583	624	723	444	394	510	701	769	439	327	385	330	795	444	459	783	663	388	499	360	636	336	332	577	614	463	436	640	560	638	566	478	514	580	421	580	763	359	464	329	644	519	750	708	777	759	707	449	486	326	368	
368	301	576	601	723	764	477	749	603	583	0	683	752	539	620	409	405	698	756	678	508	462	599	767	685	703	785	753	303	371	681	478	786	507	550	385	524	699	602	617	611	671	772	508	670	472	334	559	403	684	678	413	576	719	754	485	776	705	631	787	310	
357	340	739	558	710	747	572	489	706	624	683	0	793	334	668	758	599	617	431	381	788	440	625	534	503	403	458	712	324	618	607	481	695	551	358	484	341	553	337	461	363	662	363	368	477	430	333	335	559	382	716	474	447	469	610	483	561	720	799	552	473	
371	743	496	451	499	467	743	357	501	723	752	793	0	753	416	780	600	502	561	758	604	608	357	601	391	477	644	344	312	512	517	406	718	512	313	750	557	594	487	570	431	758	570	337	504	355	589	421	575	415	741	655	540	678	326	413	699	760	397	742	325	
716	556	444	331	502	381	522	372	493	444	539	334	753	0	365	760	554	339	328	533	508	743	555	677	478	700	386	309	588	484	445	440	632	467	607	588	672	509	393	506	624	679	674	504	302	369	434	412	709	585	565	537	494	787	529	663	472	313	539	384	590	
490	590	341	740	788	343	449	779	716	394	620	668	416	365	0	786	435	698	620	519	653	366	790	730	470	393	651	774	513	621	599	701	432	455	671	755	647	642	709	557	429	313	409	386	356	474	745	761	641	331	388	798	398	318	451	511	629	658	673	607	750	
552	409	634	733	685	373	656	563	769	510	409	758	780	760	786	0	622	500	749	611	553	301	603	464	318	486	623	329	799	333	339	732	775	653	611	634	646	524	739	462	578	674	486	593	593	702	611	679	350	443	609	302	487	635	369	591	517	340	472	738	312	
319	685	411	716	374	626	478	692	476	701	405	599	600	554	435	622	0	416	548	356	301	655	596	694	596	311	550	528	482	398	736	571	543	664	757	542	378	435	300	761	407	688	449	573	398	520	529	785	301	653	351	795	622	692	758	689	479	351	712	529	461	
751	725	658	572	392	697	749	376	462	769	698	617	502	339	698	500	416	0	470	795	351	650	500	753	348	624	628	365	657	705	553	560	696	404	527	423	508	764	345	492	353	799	543	786	405	450	357	564	770	645	317	757	466	788	683	694	673	597	647	379	500	
634	751	396	381	486	376	526	493	398	439	756	431	561	328	620	749	548	470	0	381	533	707	423	732	763	602	454	710	363	428	488	422	685	368	709	375	473	462	722	609	479	611	640	775	452	792	363	516	799	574	435	734	595	640	406	799	743	656	788	411	614	
652	749	522	573	724	407	525	762	663	327	678	381	758	533	519	611	356	795	381	0	644	446	320	688	576	414	590	726	646	737	374	370	657	746	438	443	603	366	693	440	797	511	474	438	466	735	441	794	647	573	678	552	475	608	404	621	397	323	402	559	561	
362	644	701	495	699	433	472	490	743	385	508	788	604	508	653	553	301	351	533	644	0	778	517	675	789	736	478	562	348	572	361	523	759	630	315	734	395	339	693	655	491	404	342	419	470	659	456	528	459	698	600	547	406	440	327	725	449	623	482	579	432	
754	514	611	714	668	373	610	692	402	330	462	440	608	743	366	301	655	650	707	446	778	0	503	576	443	483	413	582	655	472	665	519	635	499	789	469	640	706	611	508	616	766	715	354	317	322	488	325	444	385	483	333	448	727	602	422	529	456	328	614	582	
441	332	354	781	546	319	746	713	755	795	599	625	357	555	790	603	596	500	423	320	517	503	0	490	678	597	540	796	348	627	716	591	474	367	503	641	312	755	525	731	304	317	589	689	370	349	759	685	563	413	367	727	313	390	393	674	361	441	741	456	324	
321	773	547	331	778	477	568	744	516	444	767	534	601	677	730	464	694	753	732	688	675	576	490	0	607	523	632	482	467	444	598	640	768	367	785	417	778	494	782	709	484	584	605	458	706	617	623	711	718	559	547	463	594	483	717	306	616	373	787	388	403	
519	473	430	547	330	487	531	498	441	459	685	503	391	478	470	318	596	348	763	576	789	443	678	607	0	690	561	655	318	535	797	694	650	339	616	568	319	425	357	706	651	430	522	735	419	429	426	794	679	427	423	543	515	734	645	647	363	601	511	793	360	
601	689	607	376	651	583	601	501	490	783	703	403	477	700	393	486	311	624	602	414	736	483	597	523	690	0	642	334	695	376	458	380	490	583	674	531	309	388	776	626	568	730	707	514	657	735	395	561	401	531	571	605	486	603	399	452	619	754	489	688	643	
487	333	494	622	777	413	319	417	315	663	785	458	644	386	651	623	550	628	454	590	478	413	540	632	561	642	0	436	711	758	339	695	594	463	445	570	405	487	331	591	436	524	509	677	636	454	459	417	315	775	789	678	727	720	521	434	420	554	715	346	718	
543	308	773	650	723	716	711	532	769	388	753	712	344	309	774	329	528	365	710	726	562	582	796	482	655	334	436	0	634	461	572	393	582	481	694	779	775	519	423	754	666	421	442	522	305	518	694	731	483	428	582	637	440	685	664	759	443	673	744	360	541	
791	431	754	736	695	570	622	434	789	499	303	324	312	588	513	799	482	657	363	646	348	655	348	467	318	695	711	634	0	703	520	446	386	632	744	594	601	746	784	500	572	743	638	608	530	418	434	415	448	437	460	420	494	585	437	459	588	751	492	722	493	
350	663	611	405	401	422	751	762	612	360	371	618	512	484	621	333	398	705	428	737	572	472	627	444	535	376	758	461	703	0	535	536	686	543	442	724	403	402	760	616	702	414	534	373	501	681	724	746	727	464	329	616	354	375	410	598	668	672	410	747	696	
446	616	357	692	317	407	687	348	573	636	681	607	517	445	599	339	736	553	488	374	361	665	716	598	797	458	339	572	520	535	0	427	675	509	768	561	763	670	669	608	777	799	672	678	723	597	485	324	500	357	788	446	654	699	719	470	377	641	578	494	687	
412	728	555	585	335	656	401	377	675	336	478	481	406	440	701	732	571	560	422	370	523	519	591	640	694	380	695	393	446	536	427	0	703	389	788	729	744	478	532	713	738	419	335	490	343	791	650	604	785	609	573	719	404	744	757	423	689	477	416	537	649	
354	633	621	352	421	508	632	544	688	332	786	695	718	632	432	775	543	696	685	657	759	635	474	768	650	490	594	582	386	686	675	703	0	662	376	742	447	303	408	446	620	641	788	613	498	704	655	723	331	722	787	611	710	343	644	710	422	386	777	767	670	
344	571	501	355	418	735	462	710	574	577	507	551	512	467	455	653	664	404	368	746	630	499	367	367	339	583	463	481	632	543	509	389	662	0	426	793	593	676	780	564	708	386	760	328	412	705	745	324	349	717	678	441	318	359	782	435	603	694	630	737	603	
661	455	539	599	778	520	427	351	790	614	550	358	313	607	671	611	757	527	709	438	315	789	503	785	616	674	445	694	744	442	768	788	376	426	0	740	387	663	374	649	518	429	534	693	409	663	738	572	504	353	476	569	747	516	660	306	355	308	773	422	330	
433	727	767	754	390	729	449	447	512	463	385	484	750	588	755	634	542	423	375	443	734	469	641	417	568	531	570	779	594	724	561	729	742	793	740	0	612	564	442	484	645	550	381	641	347	654	642	516	445	502	450	746	689	390	414	644	436	763	638	518	600	
732	329	438	533	671	481	779	488	701	436	524	341	557	672	647	646	378	508	473	603	395	640	312	778	319	309	405	775	601	403	763	744	447	593	387	612	0	582	785	610	574	711	566	397	560	698	689	651	649	714	321	538	551	653	728	650	393	315	481	571	467	
761	362	731	394	437	663	590	518	732	640	699	553	594	509	642	524	435	764	462	366	339	706	755	494	425	388	487	519	746	402	670	478	303	676	663	564	582	0	735	616	551	640	593	572	690	634	536	771	447	736	765	556	729	718	501	721	426	551	761	404	619	
715	316	549	688	610	365	700	374	731	560	602	337	487	393	709	739	300	345	722	693	693	611	525	782	357	776	331	423	784	760	669	532	408	780	374	442	785	735	0	446	734	754	354	404	765	380	454	580	538	767	709	493	766	689	410	525	498	668	543	740	377	
726	581	414	607	729	354	720	517	412	638	617	461	570	506	557	462	761	492	609	440	655	508	731	709	706	626	591	754	500	616	608	713	446	564	649	484	610	616	446	0	382	737	453	347	447	345	621	767	537	595	345	685	666	777	702	702	355	716	384	597	756	
502	443	418	300	310	703	482	361	708	566	611	363	431	624	429	578	407	353	479	797	491	616	304	484	651	568	436	666	572	702	777	738	620	708	518	645	574	551	734	382	0	782	624	690	482	358	653	313	509	386	326	439	305	728	348	546	650	523	663	545	310	
623	468	529	594	700	393	649	435	332	478	671	662	758	679	313	674	688	799	611	511	404	766	317	584	430	730	524	421	743	414	799	419	641	386	429	550	711	640	754	737	782	0	607	571	699	405	414	383	646	754	618	505	577	722	414	317	468	342	677	677	698	
521	463	497	708	422	598	599	583	667	514	772	363	570	674	409	486	449	543	640	474	342	715	589	605	522	707	509	442	638	534	672	335	788	760	534	381	566	593	354	453	624	607	0	653	468	412	609	387	575	541	718	328	421	543	388	371	643	743	647	756	397	
538	558	488	587	386	365	454	752	600	580	508	368	337	504	386	593	573	786	775	438	419	354	689	458	735	514	677	522	608	373	678	490	613	328	693	641	397	572	404	347	690	571	653	0	645	412	664	748	464	620	598	767	624	502	716	473	771	768	686	402	596	
615	308	464	351	397	563	687	684	734	421	670	477	504	302	356	593	398	405	452	466	470	317	370	706	419	657	636	305	530	501	723	343	498	412	409	347	560	690	765	447	482	699	468	645	0	499	728	524	786	376	617	562	581	322	694	513	656	775	327	470	457	
362	418	521	772	442	719	681	420	358	580	472	430	355	369	474	702	520	450	792	735	659	322	349	617	429	735	454	518	418	681	597	791	704	705	663	654	698	634	380	345	358	405	412	412	499	0	798	603	475	429	634	496	754	634	738	444	647	758	599	546	574	
577	345	636	611	767	644	431	754	352	763	334	333	589	434	745	611	529	357	363	441	456	488	759	623	426	395	459	694	434	724	485	650	655	745	738	642	689	536	454	621	653	414	609	664	728	798	0	469	782	784	695	429	325	731	755	315	499	460	442	538	478	
420	429	337	423	686	714	322	668	464	359	559	335	421	412	761	679	785	564	516	794	528	325	685	711	794	561	417	731	415	746	324	604	723	324	572	516	651	771	580	767	313	383	387	748	524	603	469	0	671	398	605	592	483	304	636	644	766	526	713	669	316	
362	784	506	685	765	591	489	625	345	464	403	559	575	709	641	350	301	770	799	647	459	444	563	718	679	401	315	483	448	727	500	785	331	349	504	445	649	447	538	537	509	646	575	464	786	475	782	671	0	599	309	531	508	410	681	416	581	532	745	328	757	
519	752	454	767	712	727	706	374	741	329	684	382	415	585	331	443	653	645	574	573	698	385	413	559	427	531	775	428	437	464	357	609	722	717	353	502	714	736	767	595	386	754	541	620	376	429	784	398	599	0	322	719	371	770	513	661	743	542	513	433	710	
647	708	544	695	345	732	355	479	570	644	678	716	741	565	388	609	351	317	435	678	600	483	367	547	423	571	789	582	460	329	788	573	787	678	476	450	321	765	709	345	326	618	718	598	617	634	695	605	309	322	0	301	315	443	466	793	402	693	510	650	717	
410	646	619	604	422	500	693	478	316	519	413	474	655	537	798	302	795	757	734	552	547	333	727	463	543	605	678	637	420	616	446	719	611	441	569	746	538	556	493	685	439	505	328	767	562	496	429	592	531	719	301	0	381	485	337	550	496	412	745	373	616	
755	442	729	532	480	713	616	305	538	750	576	447	540	494	398	487	622	466	595	475	406	448	313	594	515	486	727	440	494	354	654	404	710	318	747	689	551	729	766	666	305	577	421	624	581	754	325	483	508	371	315	381	0	675	753	646	404	561	787	757	417	
604	522	609	447	750	597	662	782	745	708	719	469	678	787	318	635	692	788	640	608	440	727	390	483	734	603	720	685	585	375	699	744	343	359	516	390	653	718	689	777	728	722	543	502	322	634	731	304	410	770	443	485	675	0	569	707	628	741	799	386	585	
638	623	772	382	466	358	347	552	751	777	754	610	326	529	451	369	758	683	406	404	327	602	393	717	645	399	521	664	437	410	719	757	644	782	660	414	728	501	410	702	348	414	388	716	694	738	755	636	681	513	466	337	753	569	0	540	404	740	309	695	313	
325	359	318	770	618	347	669	366	656	759	485	483	413	663	511	591	689	694	799	621	725	422	674	306	647	452	434	759	459	598	470	423	710	435	306	644	650	721	525	702	546	317	371	473	513	444	315	644	416	661	793	550	646	707	540	0	684	342	386	584	513	
423	509	627	331	755	408	437	739	528	707	776	561	699	472	629	517	479	673	743	397	449	529	361	616	363	619	420	443	588	668	377	689	422	603	355	436	393	426	498	355	650	468	643	771	656	647	499	766	581	743	402	496	404	628	404	684	0	780	509	735	312	
620	523	309	551	753	406	533	316	571	449	705	720	760	313	658	340	351	597	656	323	623	456	441	373	601	754	554	673	751	672	641	477	386	694	308	763	315	551	668	716	523	342	743	768	775	758	460	526	532	542	693	412	561	741	740	342	780	0	791	687	704	
562	627	319	637	617	338	515	388	628	486	631	799	397	539	673	472	712	647	788	402	482	328	741	787	511	489	715	744	492	410	578	416	777	630	773	638	481	761	543	384	663	677	647	686	327	599	442	713	745	513	510	745	787	799	309	386	509	791	0	595	723	
762	660	446	655	461	349	484	707	606	326	787	552	742	384	607	738	529	379	411	559	579	614	456	388	793	688	346	360	722	747	494	537	767	737	422	518	571	404	740	597	545	677	756	402	470	546	538	669	328	433	650	373	757	386	695	584	735	687	595	0	432	
401	356	494	743	797	382	486	416	393	368	310	473	325	590	750	312	461	500	614	561	432	582	324	403	360	643	718	541	493	696	687	649	670	603	330	600	467	619	377	756	310	698	397	596	457	574	478	316	757	710	717	616	417	585	313	513	312	704	723	432	0	
etats
Id_Station	Poids W	Min (P)	WSPT	Priorité	
1	1	302	33,56	1	
2	1	303	33,67	2	
3	3	304	33,78	3	
4	3	309	34,33	4	
5	9	310	34,44	5	
6	3	318	35,33	6	
7	4	300	37,50	7	
8	3	303	37,88	8	
9	8	303	37,88	9	
10	1	307	38,38	10	
11	5	308	38,50	11	
12	8	312	39,00	12	
13	6	305	43,57	13	
14	6	308	44,00	14	
15	2	309	44,14	15	
16	4	320	45,71	16	
17	8	300	50,00	17	
18	3	302	50,33	18	
19	6	311	51,83	19	
20	5	312	52,00	20	
21	4	353	58,83	21	
22	1	301	60,20	22	
23	9	305	61,00	23	
24	5	305	61,00	24	
25	4	313	62,60	25	
26	2	313	62,60	26	
27	6	315	63,00	27	
28	8	317	63,40	28	
29	8	319	63,80	29	
30	1	300	75,00	30	
31	3	304	76,00	31	
32	1	304	76,00	32	
33	1	307	76,75	33	
34	5	309	77,25	34	
35	7	314	78,50	35	
36	6	314	78,50	36	
37	1	300	100,00	37	
38	9	303	101,00	38	
39	3	304	101,33	39	
40	7	305	101,67	40	
41	4	306	102,00	41	
42	2	317	105,67	42	
43	5	302	151,00	43	
44	1	303	151,50	44	
45	1	312	156,00	45	
46	4	301	301,00	46	
47	5	302	302,00	47	
48	5	303	303,00	48	
49	1	304	304,00	49	
50	7	305	305,00	50	
51	1	305	305,00	51	
52	2	305	305,00	52	
53	6	306	306,00	53	
54	4	306	306,00	54	
55	7	308	308,00	55	
56	9	312	312,00	56	
57	6	313	313,00	57	
58	2	315	315,00	58	
59	7	318	318,00	59	
60	8	320	320,00	60	

