distances
0	595	518	773	337	437	653	393	436	568	549	499	435	608	764	516	552	456	504	470	537	585	616	446	687	421	576	550	615	509	669	350	397	601	705	635	471	625	789	438	629	526	714	381	340	318	421	426	760	650	431	712	694	497	717	472	607	641	602	445	454	
595	0	452	378	734	733	602	584	757	503	405	374	446	583	496	702	732	322	517	618	580	710	690	667	539	481	406	411	664	603	708	653	611	416	771	496	593	491	551	792	320	733	467	493	697	743	313	792	651	452	453	615	428	781	607	345	573	695	612	636	433	
518	452	0	439	393	636	655	692	670	481	642	459	488	503	344	331	705	791	562	774	696	378	564	368	676	372	488	402	692	769	500	567	352	665	393	481	352	513	522	344	702	375	548	658	757	541	447	461	678	788	376	606	697	441	407	447	466	324	317	592	366	
773	378	439	0	331	735	376	306	651	673	520	768	782	633	720	657	389	497	318	340	540	440	578	403	486	350	307	655	571	628	487	729	331	395	333	745	434	408	581	381	676	507	611	516	373	491	485	418	561	443	602	606	481	587	511	622	472	733	358	623	341	
337	734	393	331	0	318	607	521	683	320	370	742	576	707	704	302	786	663	535	322	699	538	380	703	706	465	747	696	451	750	629	746	691	551	471	558	765	565	461	383	346	358	751	395	583	528	497	358	461	619	616	526	566	506	419	319	590	761	633	755	499	
437	733	636	735	318	0	378	422	540	413	476	702	646	708	541	692	446	582	678	322	357	607	668	464	601	527	625	441	350	689	376	503	561	639	439	739	433	338	727	416	784	605	715	738	695	512	711	504	597	632	592	431	334	406	351	336	475	637	511	700	343	
653	602	655	376	607	378	0	740	361	797	390	609	712	604	473	559	568	684	614	317	445	395	509	371	440	328	499	639	513	722	526	753	550	543	692	652	430	742	439	577	472	452	623	399	406	494	541	373	376	404	410	545	460	505	632	666	726	611	460	736	781	
393	584	692	306	521	422	740	0	403	627	339	621	762	653	721	565	765	499	575	658	490	697	368	728	494	553	656	719	430	608	792	473	305	624	482	333	413	412	346	475	471	704	572	422	394	380	695	724	608	761	517	572	699	414	529	504	405	786	674	382	723	
436	757	670	651	683	540	361	403	0	754	392	799	550	500	673	405	640	439	508	334	423	497	688	500	553	592	749	713	457	574	591	333	768	389	746	312	762	521	459	755	650	502	405	365	492	421	566	560	542	493	680	427	325	799	489	670	381	732	448	771	615	
568	503	481	673	320	413	797	627	754	0	743	537	706	497	580	455	648	650	703	644	422	665	573	432	625	597	424	326	339	385	437	481	339	428	636	509	711	438	344	381	434	742	311	650	484	362	681	586	507	607	795	777	527	677	542	356	416	571	705	518	699	
549	405	642	520	370	476	390	339	392	743	0	517	615	481	728	352	744	662	523	776	407	785	571	649	615	551	460	778	470	366	735	529	499	316	733	499	518	461	712	451	666	461	513	679	468	425	414	427	571	680	445	559	478	610	606	569	759	409	630	583	418	
499	374	459	768	742	702	609	621	799	537	517	0	664	345	552	735	301	441	373	570	764	699	704	722	311	749	427	769	579	623	398	644	466	349	575	662	375	370	518	328	372	645	316	353	383	650	565	728	338	454	645	367	567	502	791	523	516	626	779	553	661	
435	446	488	782	576	646	712	762	550	706	615	664	0	624	382	671	405	490	611	413	695	499	790	612	396	448	432	598	551	667	611	479	302	499	753	770	304	676	572	581	575	428	531	507	537	540	573	526	373	590	593	429	376	762	305	431	640	556	511	555	598	
608	583	503	633	707	708	604	653	500	497	481	345	624	0	711	503	517	464	579	473	682	543	377	561	402	608	388	684	738	398	398	484	425	701	579	727	619	761	415	395	638	398	535	392	700	442	324	614	552	513	691	757	556	399	593	490	701	735	350	519	320	
764	496	344	720	704	541	473	721	673	580	728	552	382	711	0	353	585	364	706	444	584	661	564	334	369	760	383	529	353	398	326	756	343	739	531	661	686	305	592	653	403	621	770	430	433	713	497	774	781	302	755	434	776	564	726	397	386	692	570	769	632	
516	702	331	657	302	692	559	565	405	455	352	735	671	503	353	0	437	582	674	575	497	597	631	539	451	309	403	498	404	550	535	534	770	710	581	513	578	728	728	666	321	537	673	379	469	497	570	693	783	407	576	449	741	329	788	494	622	308	561	357	340	
552	732	705	389	786	446	568	765	640	648	744	301	405	517	585	437	0	533	518	371	799	327	782	361	462	314	510	715	715	746	547	312	683	673	345	557	506	321	609	426	531	626	730	639	369	491	302	320	770	633	424	380	504	731	557	621	660	728	331	329	754	
456	322	791	497	663	582	684	499	439	650	662	441	490	464	364	582	533	0	471	597	546	753	352	363	403	358	506	352	397	580	792	761	593	732	343	375	370	406	541	399	590	333	771	530	484	561	762	415	349	736	350	799	740	747	557	429	716	737	600	615	593	
504	517	562	318	535	678	614	575	508	703	523	373	611	579	706	674	518	471	0	404	615	645	683	304	507	583	535	799	555	609	508	413	313	603	440	364	549	643	465	783	699	554	342	460	565	796	430	632	720	673	761	511	743	341	796	614	555	522	762	679	712	
470	618	774	340	322	322	317	658	334	644	776	570	413	473	444	575	371	597	404	0	370	528	403	357	677	323	694	368	592	384	409	620	530	563	720	411	663	588	507	351	484	583	719	706	636	687	620	488	583	529	419	440	737	361	756	424	335	658	590	358	361	
537	580	696	540	699	357	445	490	423	422	407	764	695	682	584	497	799	546	615	370	0	559	644	395	731	775	406	449	332	656	395	676	535	778	439	761	709	775	437	592	490	618	497	465	361	620	767	402	757	527	704	573	689	662	492	557	771	432	456	451	665	
585	710	378	440	538	607	395	697	497	665	785	699	499	543	661	597	327	753	645	528	559	0	744	658	642	766	383	748	487	523	740	671	357	364	541	470	397	339	756	481	516	640	635	559	383	357	522	543	562	566	433	744	776	433	404	338	579	547	323	486	456	
616	690	564	578	380	668	509	368	688	573	571	704	790	377	564	631	782	352	683	403	644	744	0	588	426	340	657	636	497	734	479	542	594	651	624	316	348	425	657	624	418	551	318	642	747	770	511	390	336	506	422	557	339	683	503	460	353	784	645	569	771	
446	667	368	403	703	464	371	728	500	432	649	722	612	561	334	539	361	363	304	357	395	658	588	0	732	710	638	532	635	661	411	536	436	758	744	752	555	588	770	482	370	740	605	665	374	622	719	403	540	791	665	546	367	756	531	436	496	779	329	740	631	
687	539	676	486	706	601	440	494	553	625	615	311	396	402	369	451	462	403	507	677	731	642	426	732	0	696	488	675	725	350	575	726	354	407	632	639	448	438	629	329	752	630	407	489	717	751	672	759	386	656	675	520	773	432	465	390	586	381	635	463	322	
421	481	372	350	465	527	328	553	592	597	551	749	448	608	760	309	314	358	583	323	775	766	340	710	696	0	724	392	474	664	722	659	411	320	792	795	702	304	593	742	326	512	569	450	657	557	476	390	335	607	300	634	452	775	539	471	330	732	327	692	792	
576	406	488	307	747	625	499	656	749	424	460	427	432	388	383	403	510	506	535	694	406	383	657	638	488	724	0	727	612	681	403	770	418	429	503	419	531	364	626	764	375	442	410	520	673	508	763	482	585	752	697	608	670	382	393	795	312	580	429	771	301	
550	411	402	655	696	441	639	719	713	326	778	769	598	684	529	498	715	352	799	368	449	748	636	532	675	392	727	0	646	394	489	402	541	711	685	572	338	386	521	503	626	776	733	620	364	703	304	339	685	405	462	468	386	709	682	338	467	398	666	649	492	
615	664	692	571	451	350	513	430	457	339	470	579	551	738	353	404	715	397	555	592	332	487	497	635	725	474	612	646	0	625	372	717	490	569	404	541	318	565	532	357	676	555	681	755	696	342	507	660	630	736	541	740	549	731	568	716	697	604	434	431	674	
509	603	769	628	750	689	722	608	574	385	366	623	667	398	398	550	746	580	609	384	656	523	734	661	350	664	681	394	625	0	355	317	381	769	462	560	569	699	713	740	689	646	371	338	317	642	320	709	520	338	319	316	763	663	670	796	795	552	531	679	719	
669	708	500	487	629	376	526	792	591	437	735	398	611	398	326	535	547	792	508	409	395	740	479	411	575	722	403	489	372	355	0	471	762	465	569	666	482	543	437	342	635	566	513	537	762	331	457	662	324	738	799	712	433	621	394	486	536	766	339	613	423	
350	653	567	729	746	503	753	473	333	481	529	644	479	484	756	534	312	761	413	620	676	671	542	536	726	659	770	402	717	317	471	0	505	591	479	747	500	441	665	750	769	689	621	729	544	473	464	393	394	436	632	534	762	549	714	783	428	756	500	630	503	
397	611	352	331	691	561	550	305	768	339	499	466	302	425	343	770	683	593	313	530	535	357	594	436	354	411	418	541	490	381	762	505	0	654	719	397	694	418	496	456	539	796	573	548	579	412	349	501	493	742	611	512	584	540	616	332	665	437	528	434	759	
601	416	665	395	551	639	543	624	389	428	316	349	499	701	739	710	673	732	603	563	778	364	651	758	407	320	429	711	569	769	465	591	654	0	488	518	414	530	615	580	583	692	351	434	752	753	517	770	326	316	470	491	446	470	611	356	714	697	780	717	794	
705	771	393	333	471	439	692	482	746	636	733	575	753	579	531	581	345	343	440	720	439	541	624	744	632	792	503	685	404	462	569	479	719	488	0	349	572	594	739	412	359	559	653	731	712	325	552	409	713	321	650	304	621	507	751	314	677	405	677	757	431	
635	496	481	745	558	739	652	333	312	509	499	662	770	727	661	513	557	375	364	411	761	470	316	752	639	795	419	572	541	560	666	747	397	518	349	0	401	732	664	396	768	681	758	369	706	569	467	369	752	335	583	625	316	511	537	497	786	512	394	761	703	
471	593	352	434	765	433	430	413	762	711	518	375	304	619	686	578	506	370	549	663	709	397	348	555	448	702	531	338	318	569	482	500	694	414	572	401	0	424	302	386	393	758	367	430	693	312	322	673	532	462	669	647	432	597	313	675	510	364	623	614	332	
625	491	513	408	565	338	742	412	521	438	461	370	676	761	305	728	321	406	643	588	775	339	425	588	438	304	364	386	565	699	543	441	418	530	594	732	424	0	669	697	501	379	689	477	400	437	493	520	452	431	634	661	638	734	534	329	515	401	720	358	617	
789	551	522	581	461	727	439	346	459	344	712	518	572	415	592	728	609	541	465	507	437	756	657	770	629	593	626	521	532	713	437	665	496	615	739	664	302	669	0	531	671	396	686	623	556	435	648	766	628	460	644	517	439	486	672	321	670	478	374	511	465	
438	792	344	381	383	416	577	475	755	381	451	328	581	395	653	666	426	399	783	351	592	481	624	482	329	742	764	503	357	740	342	750	456	580	412	396	386	697	531	0	327	384	618	453	684	387	503	789	476	547	496	585	467	613	765	366	417	715	565	338	616	
629	320	702	676	346	784	472	471	650	434	666	372	575	638	403	321	531	590	699	484	490	516	418	370	752	326	375	626	676	689	635	769	539	583	359	768	393	501	671	327	0	672	596	333	456	454	312	421	694	764	323	389	301	787	714	734	405	580	695	446	583	
526	733	375	507	358	605	452	704	502	742	461	645	428	398	621	537	626	333	554	583	618	640	551	740	630	512	442	776	555	646	566	689	796	692	559	681	758	379	396	384	672	0	483	699	598	367	605	470	416	319	548	508	359	759	571	475	787	401	662	446	545	
714	467	548	611	751	715	623	572	405	311	513	316	531	535	770	673	730	771	342	719	497	635	318	605	407	569	410	733	681	371	513	621	573	351	653	758	367	689	686	618	596	483	0	366	368	550	461	681	550	725	671	774	680	304	703	661	430	550	439	768	594	
381	493	658	516	395	738	399	422	365	650	679	353	507	392	430	379	639	530	460	706	465	559	642	665	489	450	520	620	755	338	537	729	548	434	731	369	430	477	623	453	333	699	366	0	561	726	562	618	510	521	580	569	418	305	318	744	799	646	473	554	474	
340	697	757	373	583	695	406	394	492	484	468	383	537	700	433	469	369	484	565	636	361	383	747	374	717	657	673	364	696	317	762	544	579	752	712	706	693	400	556	684	456	598	368	561	0	665	726	398	704	330	791	397	646	663	456	570	732	310	550	773	604	
318	743	541	491	528	512	494	380	421	362	425	650	540	442	713	497	491	561	796	687	620	357	770	622	751	557	508	703	342	642	331	473	412	753	325	569	312	437	435	387	454	367	550	726	665	0	634	612	666	654	774	768	763	668	729	342	650	535	581	568	415	
421	313	447	485	497	711	541	695	566	681	414	565	573	324	497	570	302	762	430	620	767	522	511	719	672	476	763	304	507	320	457	464	349	517	552	467	322	493	648	503	312	605	461	562	726	634	0	666	690	415	533	383	444	575	470	451	349	782	685	564	434	
426	792	461	418	358	504	373	724	560	586	427	728	526	614	774	693	320	415	632	488	402	543	390	403	759	390	482	339	660	709	662	393	501	770	409	369	673	520	766	789	421	470	681	618	398	612	666	0	542	635	551	684	759	311	370	596	335	799	349	542	544	
760	651	678	561	461	597	376	608	542	507	571	338	373	552	781	783	770	349	720	583	757	562	336	540	386	335	585	685	630	520	324	394	493	326	713	752	532	452	628	476	694	416	550	510	704	666	690	542	0	609	487	632	608	353	304	639	708	669	556	305	455	
650	452	788	443	619	632	404	761	493	607	680	454	590	513	302	407	633	736	673	529	527	566	506	791	656	607	752	405	736	338	738	436	742	316	321	335	462	431	460	547	764	319	725	521	330	654	415	635	609	0	552	614	621	744	612	536	683	320	694	575	328	
431	453	376	602	616	592	410	517	680	795	445	645	593	691	755	576	424	350	761	419	704	433	422	665	675	300	697	462	541	319	799	632	611	470	650	583	669	634	644	496	323	548	671	580	791	774	533	551	487	552	0	633	414	470	323	497	441	627	631	368	381	
712	615	606	606	526	431	545	572	427	777	559	367	429	757	434	449	380	799	511	440	573	744	557	546	520	634	608	468	740	316	712	534	512	491	304	625	647	661	517	585	389	508	774	569	397	768	383	684	632	614	633	0	619	317	488	738	631	341	309	715	651	
694	428	697	481	566	334	460	699	325	527	478	567	376	556	776	741	504	740	743	737	689	776	339	367	773	452	670	386	549	763	433	762	584	446	621	316	432	638	439	467	301	359	680	418	646	763	444	759	608	621	414	619	0	762	674	410	371	619	698	356	317	
497	781	441	587	506	406	505	414	799	677	610	502	762	399	564	329	731	747	341	361	662	433	683	756	432	775	382	709	731	663	621	549	540	470	507	511	597	734	486	613	787	759	304	305	663	668	575	311	353	744	470	317	762	0	716	657	670	475	397	549	382	
717	607	407	511	419	351	632	529	489	542	606	791	305	593	726	788	557	557	796	756	492	404	503	531	465	539	393	682	568	670	394	714	616	611	751	537	313	534	672	765	714	571	703	318	456	729	470	370	304	612	323	488	674	716	0	435	547	333	531	541	758	
472	345	447	622	319	336	666	504	670	356	569	523	431	490	397	494	621	429	614	424	557	338	460	436	390	471	795	338	716	796	486	783	332	356	314	497	675	329	321	366	734	475	661	744	570	342	451	596	639	536	497	738	410	657	435	0	585	729	553	781	678	
607	573	466	472	590	475	726	405	381	416	759	516	640	701	386	622	660	716	555	335	771	579	353	496	586	330	312	467	697	795	536	428	665	714	677	786	510	515	670	417	405	787	430	799	732	650	349	335	708	683	441	631	371	670	547	585	0	417	473	439	374	
641	695	324	733	761	637	611	786	732	571	409	626	556	735	692	308	728	737	522	658	432	547	784	779	381	732	580	398	604	552	766	756	437	697	405	512	364	401	478	715	580	401	550	646	310	535	782	799	669	320	627	341	619	475	333	729	417	0	725	793	646	
602	612	317	358	633	511	460	674	448	705	630	779	511	350	570	561	331	600	762	590	456	323	645	329	635	327	429	666	434	531	339	500	528	780	677	394	623	720	374	565	695	662	439	473	550	581	685	349	556	694	631	309	698	397	531	553	473	725	0	398	381	
445	636	592	623	755	700	736	382	771	518	583	553	555	519	769	357	329	615	679	358	451	486	569	740	463	692	771	649	431	679	613	630	434	717	757	761	614	358	511	338	446	446	768	554	773	568	564	542	305	575	368	715	356	549	541	781	439	793	398	0	798	
454	433	366	341	499	343	781	723	615	699	418	661	598	320	632	340	754	593	712	361	665	456	771	631	322	792	301	492	674	719	423	503	759	794	431	703	332	617	465	616	583	545	594	474	604	415	434	544	455	328	381	651	317	382	758	678	374	646	381	798	0	
etats
Id_Station	Poids W	Min (P)	WSPT	Priorité	
1	9	300	33,33	1	
2	7	303	33,67	2	
3	9	306	34,00	3	
4	7	310	34,44	4	
5	8	312	34,67	5	
6	4	322	35,78	6	
7	6	340	37,78	7	
8	9	307	38,38	8	
9	1	311	38,88	9	
10	8	312	39,00	10	
11	1	313	39,13	11	
12	1	313	39,13	12	
13	8	313	39,13	13	
14	8	316	39,50	14	
15	3	320	40,00	15	
16	5	305	43,57	16	
17	6	305	43,57	17	
18	1	313	44,71	18	
19	8	313	44,71	19	
20	6	341	48,71	20	
21	2	304	50,67	21	
22	3	306	51,00	22	
23	4	310	51,67	23	
24	9	312	52,00	24	
25	5	313	52,17	25	
26	4	316	52,67	26	
27	1	301	60,20	27	
28	4	304	60,80	28	
29	6	305	61,00	29	
30	9	305	61,00	30	
31	9	306	61,20	31	
32	9	326	65,20	32	
33	4	305	76,25	33	
34	5	306	76,50	34	
35	2	310	77,50	35	
36	1	301	100,33	36	
37	3	301	100,33	37	
38	3	305	101,67	38	
39	1	308	102,67	39	
40	9	314	104,67	40	
41	3	306	153,00	41	
42	6	317	158,50	42	
43	2	300	300,00	43	
44	5	305	305,00	44	
45	5	308	308,00	45	
46	8	308	308,00	46	
47	3	308	308,00	47	
48	7	308	308,00	48	
49	1	310	310,00	49	
50	8	310	310,00	50	
51	8	310	310,00	51	
52	1	310	310,00	52	
53	6	312	312,00	53	
54	8	314	314,00	54	
55	1	319	319,00	55	
56	2	320	320,00	56	
57	4	325	325,00	57	
58	4	327	327,00	58	
59	8	330	330,00	59	
60	4	342	342,00	60	

