distances
0	540	560	516	763	312	518	719	473	786	368	568	693	308	659	768	671	745	788	766	799	585	723	571	664	722	724	576	439	373	464	729	746	751	353	567	377	720	459	746	477	632	410	714	485	398	558	325	632	532	799	592	483	573	511	655	697	593	723	339	382	
540	0	465	718	765	652	746	627	336	379	483	423	743	628	764	685	698	481	699	667	742	643	304	622	582	453	744	654	342	798	450	421	326	647	378	372	380	747	301	594	394	549	323	515	464	418	607	711	576	398	751	452	306	352	503	433	568	563	692	702	534	
560	465	0	757	416	583	581	686	459	314	300	637	387	578	496	337	750	732	482	731	669	453	422	581	302	579	766	383	656	307	761	798	613	375	398	591	671	552	539	631	582	395	401	508	514	775	374	783	722	421	782	592	656	549	506	359	377	501	466	695	430	
516	718	757	0	551	358	690	530	634	653	771	522	500	718	384	512	447	464	479	545	393	617	496	457	771	748	372	670	623	507	523	503	565	331	409	583	654	691	465	528	401	615	710	414	770	525	546	554	772	783	558	421	449	482	455	635	681	435	729	730	329	
763	765	416	551	0	312	635	370	516	540	343	528	541	618	714	501	689	321	564	391	672	706	763	726	377	362	731	625	454	695	586	756	378	351	667	480	430	329	356	318	529	586	447	723	773	621	405	580	362	534	437	658	634	310	546	548	696	443	465	731	387	
312	652	583	358	312	0	793	328	514	731	504	544	729	679	367	486	380	466	604	613	392	615	531	602	564	336	694	783	658	376	595	332	409	301	414	602	572	344	682	641	397	577	690	342	700	407	667	737	437	653	794	559	387	753	770	755	612	329	791	350	716	
518	746	581	690	635	793	0	482	374	387	574	743	439	447	336	667	637	562	686	575	404	401	526	373	436	716	537	362	451	489	722	691	640	729	661	624	688	511	420	447	758	711	329	774	694	453	679	518	776	628	717	365	791	377	524	795	754	662	471	322	681	
719	627	686	530	370	328	482	0	504	428	591	734	653	310	325	555	489	643	722	563	405	440	468	403	336	322	631	624	376	598	446	446	693	478	606	572	568	644	761	778	387	384	597	571	573	783	384	478	371	553	712	406	675	580	449	434	719	412	482	757	590	
473	336	459	634	516	514	374	504	0	476	333	529	760	746	461	452	363	695	683	553	527	698	349	775	424	473	521	460	705	404	659	343	642	304	619	745	665	693	770	406	679	792	693	423	749	701	710	741	447	430	645	378	653	672	500	759	414	735	727	710	631	
786	379	314	653	540	731	387	428	476	0	716	430	708	651	424	385	774	325	466	515	776	657	313	451	571	311	410	377	477	769	768	719	648	371	579	371	534	332	605	678	494	546	764	355	682	357	799	329	605	569	783	530	628	712	753	531	675	394	639	442	790	
368	483	300	771	343	504	574	591	333	716	0	352	727	594	443	588	303	558	425	487	315	484	365	309	433	609	352	736	578	707	735	529	458	503	556	453	408	701	478	700	712	691	790	747	732	728	570	317	314	648	731	781	465	356	736	655	514	464	322	650	771	
568	423	637	522	528	544	743	734	529	430	352	0	435	746	370	433	692	498	385	704	547	560	675	324	460	481	411	351	626	614	470	361	794	385	334	777	483	533	487	411	752	606	465	593	727	660	379	568	333	362	534	478	535	402	452	752	654	695	623	446	610	
693	743	387	500	541	729	439	653	760	708	727	435	0	304	631	589	704	758	361	364	315	533	437	350	647	349	478	491	680	791	405	554	701	631	779	330	521	643	571	664	639	753	519	390	569	676	526	667	555	414	350	321	339	532	337	496	600	359	468	336	538	
308	628	578	718	618	679	447	310	746	651	594	746	304	0	728	644	610	455	581	377	328	589	761	645	710	704	525	754	718	580	386	744	700	429	733	430	749	532	652	799	578	490	737	495	644	708	588	747	690	347	781	716	497	506	709	733	539	606	390	758	450	
659	764	496	384	714	367	336	325	461	424	443	370	631	728	0	510	678	457	418	673	340	529	415	686	428	719	362	789	381	742	790	790	496	746	411	626	492	309	674	344	339	392	499	327	302	658	643	346	480	607	417	664	311	313	775	792	767	513	749	555	547	
768	685	337	512	501	486	667	555	452	385	588	433	589	644	510	0	445	626	572	535	323	791	572	650	521	522	336	712	375	642	342	738	575	305	479	309	530	429	667	492	747	771	392	686	310	622	515	363	637	660	471	768	792	646	727	451	310	346	549	522	573	
671	698	750	447	689	380	637	489	363	774	303	692	704	610	678	445	0	574	301	673	345	461	426	751	546	363	594	724	503	565	385	330	367	509	342	308	333	612	693	597	681	467	609	474	510	774	661	330	441	616	770	552	761	534	370	436	613	391	361	539	496	
745	481	732	464	321	466	562	643	695	325	558	498	758	455	457	626	574	0	313	699	663	515	391	675	367	645	426	307	307	693	329	624	708	713	663	765	525	724	430	753	466	760	321	338	510	641	433	770	403	417	476	625	604	333	731	706	636	422	437	319	302	
788	699	482	479	564	604	686	722	683	466	425	385	361	581	418	572	301	313	0	657	617	641	509	483	727	578	528	325	498	451	535	315	300	671	687	405	580	374	331	669	560	692	401	769	327	782	702	571	525	591	714	393	623	530	634	741	338	725	532	564	397	
766	667	731	545	391	613	575	563	553	515	487	704	364	377	673	535	673	699	657	0	710	312	789	754	751	302	776	564	705	683	508	307	305	793	584	397	420	538	545	417	789	645	576	568	627	727	684	580	480	317	797	725	442	604	516	483	570	433	496	377	534	
799	742	669	393	672	392	404	405	527	776	315	547	315	328	340	323	345	663	617	710	0	714	300	512	690	536	784	799	341	539	420	694	489	608	344	349	757	642	372	359	685	305	706	362	312	603	451	766	444	359	450	731	719	559	564	781	554	539	460	445	560	
585	643	453	617	706	615	401	440	698	657	484	560	533	589	529	791	461	515	641	312	714	0	506	327	736	389	410	468	562	796	513	392	596	685	498	430	374	604	449	711	686	522	535	466	769	419	713	388	331	783	461	492	715	632	539	515	687	411	657	726	388	
723	304	422	496	763	531	526	468	349	313	365	675	437	761	415	572	426	391	509	789	300	506	0	351	774	581	376	714	717	509	615	555	797	348	674	363	530	386	712	582	349	367	711	698	375	373	535	647	312	497	327	510	376	734	468	699	519	596	636	490	310	
571	622	581	457	726	602	373	403	775	451	309	324	350	645	686	650	751	675	483	754	512	327	351	0	549	332	772	427	476	518	527	557	439	552	416	791	725	484	545	575	421	328	550	791	342	631	528	512	358	591	604	391	365	366	708	482	439	639	653	578	556	
664	582	302	771	377	564	436	336	424	571	433	460	647	710	428	521	546	367	727	751	690	736	774	549	0	702	767	652	706	511	410	720	590	654	507	794	691	664	337	756	664	307	588	575	711	710	735	423	352	382	566	543	753	771	369	630	768	598	429	630	367	
722	453	579	748	362	336	716	322	473	311	609	481	349	704	719	522	363	645	578	302	536	389	581	332	702	0	781	330	493	579	765	315	651	739	601	530	611	636	749	722	600	736	536	729	617	377	538	521	683	514	788	635	429	487	610	666	789	526	664	514	309	
724	744	766	372	731	694	537	631	521	410	352	411	478	525	362	336	594	426	528	776	784	410	376	772	767	781	0	458	632	400	324	392	687	762	431	508	501	761	682	668	426	638	585	368	760	688	378	628	517	516	787	663	596	482	512	680	768	325	752	311	799	
576	654	383	670	625	783	362	624	460	377	736	351	491	754	789	712	724	307	325	564	799	468	714	427	652	330	458	0	526	619	377	731	358	585	544	543	426	475	407	388	344	441	419	710	474	641	796	747	652	438	481	493	568	762	662	319	381	440	753	543	517	
439	342	656	623	454	658	451	376	705	477	578	626	680	718	381	375	503	307	498	705	341	562	717	476	706	493	632	526	0	446	372	702	635	476	398	415	399	390	517	436	336	617	683	326	443	538	324	791	351	333	769	597	611	761	472	414	448	457	642	725	513	
373	798	307	507	695	376	489	598	404	769	707	614	791	580	742	642	565	693	451	683	539	796	509	518	511	579	400	619	446	0	405	303	382	732	369	522	663	323	762	322	340	505	417	427	644	640	355	453	549	609	626	608	728	436	533	695	793	447	744	409	704	
464	450	761	523	586	595	722	446	659	768	735	470	405	386	790	342	385	329	535	508	420	513	615	527	410	765	324	377	372	405	0	562	549	421	712	576	420	500	486	352	482	373	735	728	711	494	577	385	727	611	395	325	342	405	713	307	438	637	362	706	381	
729	421	798	503	756	332	691	446	343	719	529	361	554	744	790	738	330	624	315	307	694	392	555	557	720	315	392	731	702	303	562	0	517	357	736	770	482	780	386	447	332	560	538	330	321	746	443	720	771	361	551	338	374	354	506	792	558	646	386	612	307	
746	326	613	565	378	409	640	693	642	648	458	794	701	700	496	575	367	708	300	305	489	596	797	439	590	651	687	358	635	382	549	517	0	760	586	721	649	526	495	353	687	404	301	718	450	705	459	415	620	674	732	361	615	450	484	451	766	685	331	788	346	
751	647	375	331	351	301	729	478	304	371	503	385	631	429	746	305	509	713	671	793	608	685	348	552	654	739	762	585	476	732	421	357	760	0	455	645	580	357	496	365	428	534	655	518	406	416	732	667	615	539	555	458	701	695	735	306	355	529	617	591	790	
353	378	398	409	667	414	661	606	619	579	556	334	779	733	411	479	342	663	687	584	344	498	674	416	507	601	431	544	398	369	712	736	586	455	0	492	368	361	724	661	727	779	514	435	656	399	680	515	616	759	780	599	401	795	450	390	633	566	483	563	558	
567	372	591	583	480	602	624	572	745	371	453	777	330	430	626	309	308	765	405	397	349	430	363	791	794	530	508	543	415	522	576	770	721	645	492	0	777	711	526	402	496	529	741	460	357	328	714	318	590	516	637	488	423	788	442	491	697	414	673	359	300	
377	380	671	654	430	572	688	568	665	534	408	483	521	749	492	530	333	525	580	420	757	374	530	725	691	611	501	426	399	663	420	482	649	580	368	777	0	397	370	616	713	677	733	466	522	497	647	425	732	403	488	657	693	450	401	436	470	387	502	601	599	
720	747	552	691	329	344	511	644	693	332	701	533	643	532	309	429	612	724	374	538	642	604	386	484	664	636	761	475	390	323	500	780	526	357	361	711	397	0	730	678	552	716	756	644	303	570	349	666	727	507	775	435	796	469	509	325	471	663	377	734	635	
459	301	539	465	356	682	420	761	770	605	478	487	571	652	674	667	693	430	331	545	372	449	712	545	337	749	682	407	517	762	486	386	495	496	724	526	370	730	0	747	515	623	441	556	425	343	470	391	383	310	523	661	554	784	433	336	304	730	519	483	553	
746	594	631	528	318	641	447	778	406	678	700	411	664	799	344	492	597	753	669	417	359	711	582	575	756	722	668	388	436	322	352	447	353	365	661	402	616	678	747	0	637	697	371	385	415	507	528	749	670	485	310	390	352	776	406	515	700	520	371	620	714	
477	394	582	401	529	397	758	387	679	494	712	752	639	578	339	747	681	466	560	789	685	686	349	421	664	600	426	344	336	340	482	332	687	428	727	496	713	552	515	637	0	310	761	504	627	514	397	653	588	764	658	580	585	743	329	716	362	465	721	587	512	
632	549	395	615	586	577	711	384	792	546	691	606	753	490	392	771	467	760	692	645	305	522	367	328	307	736	638	441	617	505	373	560	404	534	779	529	677	716	623	697	310	0	569	588	434	459	433	577	715	448	319	378	785	302	349	742	665	698	756	465	374	
410	323	401	710	447	690	329	597	693	764	790	465	519	737	499	392	609	321	401	576	706	535	711	550	588	536	585	419	683	417	735	538	301	655	514	741	733	756	441	371	761	569	0	690	750	687	470	787	732	603	505	578	381	538	350	605	329	733	613	729	326	
714	515	508	414	723	342	774	571	423	355	747	593	390	495	327	686	474	338	769	568	362	466	698	791	575	729	368	710	326	427	728	330	718	518	435	460	466	644	556	385	504	588	690	0	445	433	575	551	630	307	554	508	325	422	715	691	446	566	391	337	645	
485	464	514	770	773	700	694	573	749	682	732	727	569	644	302	310	510	510	327	627	312	769	375	342	711	617	760	474	443	644	711	321	450	406	656	357	522	303	425	415	627	434	750	445	0	338	386	693	672	719	533	583	745	474	564	491	621	616	665	707	630	
398	418	775	525	621	407	453	783	701	357	728	660	676	708	658	622	774	641	782	727	603	419	373	631	710	377	688	641	538	640	494	746	705	416	399	328	497	570	343	507	514	459	687	433	338	0	665	796	337	650	753	602	637	772	534	599	538	474	422	601	691	
558	607	374	546	405	667	679	384	710	799	570	379	526	588	643	515	661	433	702	684	451	713	535	528	735	538	378	796	324	355	577	443	459	732	680	714	647	349	470	528	397	433	470	575	386	665	0	343	490	612	625	669	324	590	713	513	453	343	477	376	757	
325	711	783	554	580	737	518	478	741	329	317	568	667	747	346	363	330	770	571	580	766	388	647	512	423	521	628	747	791	453	385	720	415	667	515	318	425	666	391	749	653	577	787	551	693	796	343	0	575	431	681	700	437	748	567	590	714	419	695	301	730	
632	576	722	772	362	437	776	371	447	605	314	333	555	690	480	637	441	403	525	480	444	331	312	358	352	683	517	652	351	549	727	771	620	615	616	590	732	727	383	670	588	715	732	630	672	337	490	575	0	306	478	512	615	744	731	434	691	445	547	772	319	
532	398	421	783	534	653	628	553	430	569	648	362	414	347	607	660	616	417	591	317	359	783	497	591	382	514	516	438	333	609	611	361	674	539	759	516	403	507	310	485	764	448	603	307	719	650	612	431	306	0	320	649	583	356	415	615	672	468	764	645	746	
799	751	782	558	437	794	717	712	645	783	731	534	350	781	417	471	770	476	714	797	450	461	327	604	566	788	787	481	769	626	395	551	732	555	780	637	488	775	523	310	658	319	505	554	533	753	625	681	478	320	0	362	390	596	747	789	391	567	381	552	756	
592	452	592	421	658	559	365	406	378	530	781	478	321	716	664	768	552	625	393	725	731	492	510	391	543	635	663	493	597	608	325	338	361	458	599	488	657	435	661	390	580	378	578	508	583	602	669	700	512	649	362	0	687	704	740	359	355	618	724	648	628	
483	306	656	449	634	387	791	675	653	628	465	535	339	497	311	792	761	604	623	442	719	715	376	365	753	429	596	568	611	728	342	374	615	701	401	423	693	796	554	352	585	785	381	325	745	637	324	437	615	583	390	687	0	670	740	715	739	703	744	658	372	
573	352	549	482	310	753	377	580	672	712	356	402	532	506	313	646	534	333	530	604	559	632	734	366	771	487	482	762	761	436	405	354	450	695	795	788	450	469	784	776	743	302	538	422	474	772	590	748	744	356	596	704	670	0	379	509	666	638	754	687	601	
511	503	506	455	546	770	524	449	500	753	736	452	337	709	775	727	370	731	634	516	564	539	468	708	369	610	512	662	472	533	713	506	484	735	450	442	401	509	433	406	329	349	350	715	564	534	713	567	731	415	747	740	740	379	0	734	612	580	526	695	747	
655	433	359	635	548	755	795	434	759	531	655	752	496	733	792	451	436	706	741	483	781	515	699	482	630	666	680	319	414	695	307	792	451	306	390	491	436	325	336	515	716	742	605	691	491	599	513	590	434	615	789	359	715	509	734	0	693	378	466	742	709	
697	568	377	681	696	612	754	719	414	675	514	654	600	539	767	310	613	636	338	570	554	687	519	439	768	789	768	381	448	793	438	558	766	355	633	697	470	471	304	700	362	665	329	446	621	538	453	714	691	672	391	355	739	666	612	693	0	457	401	377	428	
593	563	501	435	443	329	662	412	735	394	464	695	359	606	513	346	391	422	725	433	539	411	596	639	598	526	325	440	457	447	637	646	685	529	566	414	387	663	730	520	465	698	733	566	616	474	343	419	445	468	567	618	703	638	580	378	457	0	618	485	585	
723	692	466	729	465	791	471	482	727	639	322	623	468	390	749	549	361	437	532	496	460	657	636	653	429	664	752	753	642	744	362	386	331	617	483	673	502	377	519	371	721	756	613	391	665	422	477	695	547	764	381	724	744	754	526	466	401	618	0	343	490	
339	702	695	730	731	350	322	757	710	442	650	446	336	758	555	522	539	319	564	377	445	726	490	578	630	514	311	543	725	409	706	612	788	591	563	359	601	734	483	620	587	465	729	337	707	601	376	301	772	645	552	648	658	687	695	742	377	485	343	0	344	
382	534	430	329	387	716	681	590	631	790	771	610	538	450	547	573	496	302	397	534	560	388	310	556	367	309	799	517	513	704	381	307	346	790	558	300	599	635	553	714	512	374	326	645	630	691	757	730	319	746	756	628	372	601	747	709	428	585	490	344	0	
etats
Id_Station	Poids W	Min (P)	WSPT	Priorité	
1	7	303	33,67	1	
2	4	304	33,78	2	
3	7	307	34,11	3	
4	1	301	37,63	4	
5	9	304	38,00	5	
6	6	307	38,38	6	
7	8	309	38,63	7	
8	4	311	38,88	8	
9	6	301	43,00	9	
10	1	304	43,43	10	
11	4	305	43,57	11	
12	1	306	43,71	12	
13	9	308	44,00	13	
14	3	308	44,00	14	
15	6	308	44,00	15	
16	8	321	45,86	16	
17	7	302	50,33	17	
18	6	306	51,00	18	
19	3	309	51,50	19	
20	5	316	52,67	20	
21	4	322	53,67	21	
22	8	340	56,67	22	
23	9	300	60,00	23	
24	1	301	60,20	24	
25	1	302	60,40	25	
26	1	306	61,20	26	
27	4	306	61,20	27	
28	1	306	61,20	28	
29	6	308	61,60	29	
30	9	308	61,60	30	
31	1	316	63,20	31	
32	4	319	63,80	32	
33	1	303	75,75	33	
34	2	304	76,00	34	
35	7	307	76,75	35	
36	7	314	78,50	36	
37	7	302	100,67	37	
38	9	309	103,00	38	
39	3	310	103,33	39	
40	1	310	103,33	40	
41	1	321	107,00	41	
42	7	322	107,33	42	
43	1	333	111,00	43	
44	3	301	150,50	44	
45	2	302	151,00	45	
46	3	304	152,00	46	
47	9	307	153,50	47	
48	5	310	155,00	48	
49	6	330	165,00	49	
50	1	300	300,00	50	
51	3	301	301,00	51	
52	7	301	301,00	52	
53	1	301	301,00	53	
54	9	306	306,00	54	
55	4	306	306,00	55	
56	8	306	306,00	56	
57	1	307	307,00	57	
58	1	308	308,00	58	
59	8	314	314,00	59	
60	4	326	326,00	60	

