distances
0	358	640	552	389	378	410	520	397	758	432	575	769	491	764	432	413	557	342	789	504	698	622	318	778	449	489	414	763	684	324	712	742	696	792	751	774	330	678	538	546	394	585	567	579	788	325	652	689	352	460	484	602	334	496	584	683	701	707	787	518	
358	0	667	794	466	556	695	342	657	368	795	476	668	578	681	693	355	557	610	467	597	567	316	529	712	354	467	638	730	690	456	490	508	705	334	645	403	588	777	324	593	496	594	447	756	716	605	403	434	537	553	424	417	392	499	489	670	382	775	610	770	
640	667	0	608	673	683	383	581	620	424	339	341	476	432	430	655	629	782	655	699	421	478	515	527	748	344	403	376	337	460	659	554	318	727	673	360	684	537	368	649	574	302	704	401	514	794	327	773	307	782	452	518	602	626	410	522	380	541	503	346	684	
552	794	608	0	695	425	314	680	735	779	629	617	494	742	513	590	632	731	445	742	580	703	588	653	397	681	458	550	713	591	315	723	534	474	520	316	448	416	453	769	469	525	394	307	313	545	525	659	689	428	671	549	619	790	541	444	611	366	732	494	337	
389	466	673	695	0	402	573	532	323	744	373	758	312	771	572	318	404	780	366	700	593	668	717	385	530	600	532	656	456	729	619	531	725	556	322	440	596	428	390	316	485	360	437	322	417	691	525	631	322	657	520	324	469	532	324	418	412	624	624	408	322	
378	556	683	425	402	0	438	375	714	694	366	637	419	697	437	466	648	617	375	351	401	319	785	615	594	451	304	432	740	411	540	405	600	354	792	362	523	501	754	681	635	372	687	578	720	474	606	638	607	618	546	484	571	688	435	556	635	696	790	567	314	
410	695	383	314	573	438	0	641	590	330	477	735	572	793	472	454	764	420	371	774	715	336	513	400	415	306	698	579	756	660	328	342	494	537	675	624	740	745	358	795	603	673	693	767	665	384	740	455	461	772	460	793	670	557	658	504	797	444	798	776	633	
520	342	581	680	532	375	641	0	352	758	338	704	380	625	306	470	577	421	657	329	454	499	536	492	461	458	404	433	745	540	433	573	694	397	414	328	309	550	709	536	493	353	486	355	543	770	577	628	778	773	630	466	796	375	569	496	678	463	487	664	382	
397	657	620	735	323	714	590	352	0	736	326	643	521	447	543	454	701	616	468	630	711	364	409	776	520	684	513	746	719	324	796	325	648	376	709	329	413	793	736	331	531	597	733	358	349	680	596	335	793	500	657	525	377	683	626	328	479	484	476	668	457	
758	368	424	779	744	694	330	758	736	0	346	716	320	435	740	700	532	672	392	664	448	757	415	706	614	499	699	605	598	650	640	316	303	757	462	367	325	357	642	605	524	763	407	677	660	729	601	665	307	365	634	736	650	331	654	370	602	322	758	761	370	
432	795	339	629	373	366	477	338	326	346	0	623	400	680	455	795	419	367	589	398	503	364	463	394	763	450	734	338	387	380	629	565	331	774	359	385	346	771	688	772	625	696	740	664	305	357	786	661	766	388	391	772	637	519	410	711	504	791	754	743	546	
575	476	341	617	758	637	735	704	643	716	623	0	455	393	470	364	544	593	701	621	350	358	696	387	308	710	631	416	461	582	718	783	613	708	335	496	312	482	767	592	592	426	649	610	780	757	713	323	583	490	663	368	409	432	632	796	562	543	463	316	519	
769	668	476	494	312	419	572	380	521	320	400	455	0	771	599	587	670	766	647	620	333	384	772	761	498	567	615	662	458	752	608	788	361	386	723	493	308	663	716	641	316	353	705	463	513	401	550	318	708	325	584	722	631	419	644	606	472	535	409	746	364	
491	578	432	742	771	697	793	625	447	435	680	393	771	0	501	395	698	550	522	644	660	796	533	359	705	668	406	338	795	799	797	414	635	379	462	716	664	537	704	409	714	719	761	728	327	414	591	352	782	674	360	744	549	676	536	547	548	517	674	779	439	
764	681	430	513	572	437	472	306	543	740	455	470	599	501	0	613	638	568	646	455	759	616	352	456	348	403	580	306	461	589	555	600	620	592	495	430	726	374	630	692	486	475	317	454	563	782	461	503	507	328	799	735	560	666	482	716	619	580	413	477	334	
432	693	655	590	318	466	454	470	454	700	795	364	587	395	613	0	730	584	698	649	438	734	468	368	660	571	769	386	733	619	303	636	562	344	496	792	568	411	315	472	710	386	367	797	496	671	680	633	555	606	369	348	564	329	317	609	625	569	707	589	371	
413	355	629	632	404	648	764	577	701	532	419	544	670	698	638	730	0	430	792	618	653	415	558	686	721	412	714	677	710	324	453	598	363	379	335	749	365	659	408	616	667	640	562	503	624	553	658	697	423	457	696	664	761	662	610	742	362	694	646	697	397	
557	557	782	731	780	617	420	421	616	672	367	593	766	550	568	584	430	0	424	354	435	724	340	680	347	646	514	302	671	684	365	662	434	552	576	697	308	651	376	597	713	451	403	639	422	410	514	490	757	674	706	639	386	310	483	442	539	335	336	586	609	
342	610	655	445	366	375	371	657	468	392	589	701	647	522	646	698	792	424	0	771	568	515	739	468	787	501	399	428	355	395	766	333	606	395	634	566	354	385	564	524	606	418	328	661	458	644	740	507	438	737	423	750	417	611	446	377	553	410	431	651	781	
789	467	699	742	700	351	774	329	630	664	398	621	620	644	455	649	618	354	771	0	530	612	504	795	748	598	661	702	469	675	785	311	450	389	590	745	782	725	303	424	796	360	724	320	307	370	707	769	386	624	528	683	450	351	715	309	750	640	697	722	778	
504	597	421	580	593	401	715	454	711	448	503	350	333	660	759	438	653	435	568	530	0	483	622	726	578	499	671	453	549	300	545	392	412	778	746	673	386	703	762	445	612	411	577	418	377	577	717	653	709	496	749	387	770	630	551	344	635	788	345	530	395	
698	567	478	703	668	319	336	499	364	757	364	358	384	796	616	734	415	724	515	612	483	0	352	616	618	365	538	486	512	741	302	515	755	707	468	720	440	644	464	388	316	541	479	743	635	762	636	458	424	555	536	684	370	315	741	646	573	483	570	680	447	
622	316	515	588	717	785	513	536	409	415	463	696	772	533	352	468	558	340	739	504	622	352	0	349	349	342	330	623	726	743	630	770	435	686	446	746	703	425	580	625	625	615	410	614	477	588	453	743	304	541	536	683	561	499	711	708	534	411	607	782	358	
318	529	527	653	385	615	400	492	776	706	394	387	761	359	456	368	686	680	468	795	726	616	349	0	401	618	576	426	514	515	537	621	323	478	334	523	683	770	452	631	584	596	499	531	647	487	496	352	706	337	756	334	327	705	460	627	433	608	455	532	318	
778	712	748	397	530	594	415	461	520	614	763	308	498	705	348	660	721	347	787	748	578	618	349	401	0	362	300	560	745	305	622	634	330	399	349	723	392	648	718	535	532	717	425	358	736	440	672	528	324	743	583	513	608	548	455	338	594	310	337	583	645	
449	354	344	681	600	451	306	458	684	499	450	710	567	668	403	571	412	646	501	598	499	365	342	618	362	0	767	639	460	723	711	387	731	747	320	496	497	593	544	604	676	504	610	673	714	454	341	337	516	656	511	463	318	334	477	360	311	576	511	394	779	
489	467	403	458	532	304	698	404	513	699	734	631	615	406	580	769	714	514	399	661	671	538	330	576	300	767	0	399	388	345	476	704	699	639	776	348	386	768	496	355	718	576	387	651	624	750	690	645	593	725	662	559	654	741	359	467	435	455	590	547	401	
414	638	376	550	656	432	579	433	746	605	338	416	662	338	306	386	677	302	428	702	453	486	623	426	560	639	399	0	454	459	467	414	705	634	785	785	785	390	566	616	411	767	622	438	353	420	630	360	422	569	448	419	498	357	342	590	766	548	559	410	543	
763	730	337	713	456	740	756	745	719	598	387	461	458	795	461	733	710	671	355	469	549	512	726	514	745	460	388	454	0	404	484	304	425	697	553	391	747	769	426	586	571	448	731	465	338	598	752	467	419	734	382	546	641	518	573	615	538	741	564	694	328	
684	690	460	591	729	411	660	540	324	650	380	582	752	799	589	619	324	684	395	675	300	741	743	515	305	723	345	459	404	0	786	455	562	380	714	580	420	538	644	433	627	638	320	540	421	489	623	516	350	503	486	726	651	466	367	531	673	388	530	685	618	
324	456	659	315	619	540	328	433	796	640	629	718	608	797	555	303	453	365	766	785	545	302	630	537	622	711	476	467	484	786	0	587	710	413	630	498	785	693	637	672	784	344	499	509	659	334	578	799	507	462	632	637	552	455	384	314	565	635	440	755	384	
712	490	554	723	531	405	342	573	325	316	565	783	788	414	600	636	598	662	333	311	392	515	770	621	634	387	704	414	304	455	587	0	626	417	562	732	794	741	382	711	790	738	702	521	533	556	756	675	478	687	521	499	753	755	660	536	378	402	558	788	780	
742	508	318	534	725	600	494	694	648	303	331	613	361	635	620	562	363	434	606	450	412	755	435	323	330	731	699	705	425	562	710	626	0	365	349	704	512	500	526	687	746	525	781	729	622	438	603	608	372	366	397	761	315	618	427	786	480	527	710	508	766	
696	705	727	474	556	354	537	397	376	757	774	708	386	379	592	344	379	552	395	389	778	707	686	478	399	747	639	634	697	380	413	417	365	0	441	337	355	725	590	746	381	506	793	380	455	325	776	406	351	301	581	790	750	344	529	680	749	756	624	787	584	
792	334	673	520	322	792	675	414	709	462	359	335	723	462	495	496	335	576	634	590	746	468	446	334	349	320	776	785	553	714	630	562	349	441	0	755	659	351	475	582	648	708	507	664	792	771	393	458	359	423	484	713	491	301	597	549	306	569	704	783	341	
751	645	360	316	440	362	624	328	329	367	385	496	493	716	430	792	749	697	566	745	673	720	746	523	723	496	348	785	391	580	498	732	704	337	755	0	529	459	792	767	604	334	304	705	755	548	550	541	638	577	601	540	549	379	479	738	496	657	526	424	305	
774	403	684	448	596	523	740	309	413	325	346	312	308	664	726	568	365	308	354	782	386	440	703	683	392	497	386	785	747	420	785	794	512	355	659	529	0	503	396	639	694	568	501	310	748	638	613	562	357	758	701	634	369	483	362	417	470	518	363	668	321	
330	588	537	416	428	501	745	550	793	357	771	482	663	537	374	411	659	651	385	725	703	644	425	770	648	593	768	390	769	538	693	741	500	725	351	459	503	0	767	360	459	438	374	440	421	647	528	366	701	342	562	533	638	547	637	711	760	498	661	469	727	
678	777	368	453	390	754	358	709	736	642	688	767	716	704	630	315	408	376	564	303	762	464	580	452	718	544	496	566	426	644	637	382	526	590	475	792	396	767	0	740	780	688	319	516	741	334	419	380	358	480	323	558	752	629	648	652	625	526	735	747	585	
538	324	649	769	316	681	795	536	331	605	772	592	641	409	692	472	616	597	524	424	445	388	625	631	535	604	355	616	586	433	672	711	687	746	582	767	639	360	740	0	447	699	714	542	464	643	502	371	576	465	537	548	482	422	694	359	690	513	722	685	470	
546	593	574	469	485	635	603	493	531	524	625	592	316	714	486	710	667	713	606	796	612	316	625	584	532	676	718	411	571	627	784	790	746	381	648	604	694	459	780	447	0	732	349	722	668	321	595	630	797	342	353	527	720	348	608	447	624	311	673	775	649	
394	496	302	525	360	372	673	353	597	763	696	426	353	719	475	386	640	451	418	360	411	541	615	596	717	504	576	767	448	638	344	738	525	506	708	334	568	438	688	699	732	0	501	787	704	758	370	571	310	526	392	456	728	576	600	366	570	535	360	630	311	
585	594	704	394	437	687	693	486	733	407	740	649	705	761	317	367	562	403	328	724	577	479	410	499	425	610	387	622	731	320	499	702	781	793	507	304	501	374	319	714	349	501	0	534	660	441	668	642	752	546	572	645	345	540	396	438	572	621	565	449	418	
567	447	401	307	322	578	767	355	358	677	664	610	463	728	454	797	503	639	661	320	418	743	614	531	358	673	651	438	465	540	509	521	729	380	664	705	310	440	516	542	722	787	534	0	348	655	781	306	380	638	776	554	723	478	484	629	438	326	609	452	755	
579	756	514	313	417	720	665	543	349	660	305	780	513	327	563	496	624	422	458	307	377	635	477	647	736	714	624	353	338	421	659	533	622	455	792	755	748	421	741	464	668	704	660	348	0	484	736	473	385	305	527	320	303	340	303	639	652	487	600	524	516	
788	716	794	545	691	474	384	770	680	729	357	757	401	414	782	671	553	410	644	370	577	762	588	487	440	454	750	420	598	489	334	556	438	325	771	548	638	647	334	643	321	758	441	655	484	0	699	414	569	779	439	330	303	468	676	494	579	319	359	618	325	
325	605	327	525	525	606	740	577	596	601	786	713	550	591	461	680	658	514	740	707	717	636	453	496	672	341	690	630	752	623	578	756	603	776	393	550	613	528	419	502	595	370	668	781	736	699	0	661	584	324	468	676	606	427	571	636	413	653	610	594	531	
652	403	773	659	631	638	455	628	335	665	661	323	318	352	503	633	697	490	507	769	653	458	743	352	528	337	645	360	467	516	799	675	608	406	458	541	562	366	380	371	630	571	642	306	473	414	661	0	699	525	766	431	476	466	531	647	372	341	525	762	666	
689	434	307	689	322	607	461	778	793	307	766	583	708	782	507	555	423	757	438	386	709	424	304	706	324	516	593	422	419	350	507	478	372	351	359	638	357	701	358	576	797	310	752	380	385	569	584	699	0	355	754	354	322	686	696	352	385	680	506	655	483	
352	537	782	428	657	618	772	773	500	365	388	490	325	674	328	606	457	674	737	624	496	555	541	337	743	656	725	569	734	503	462	687	366	301	423	577	758	342	480	465	342	526	546	638	305	779	324	525	355	0	342	402	696	702	400	322	549	302	688	317	634	
460	553	452	671	520	546	460	630	657	634	391	663	584	360	799	369	696	706	423	528	749	536	536	756	583	511	662	448	382	486	632	521	397	581	484	601	701	562	323	537	353	392	572	776	527	439	468	766	754	342	0	395	693	414	590	572	438	795	753	570	653	
484	424	518	549	324	484	793	466	525	736	772	368	722	744	735	348	664	639	750	683	387	684	683	334	513	463	559	419	546	726	637	499	761	790	713	540	634	533	558	548	527	456	645	554	320	330	676	431	354	402	395	0	554	651	771	321	400	625	494	610	652	
602	417	602	619	469	571	670	796	377	650	637	409	631	549	560	564	761	386	417	450	770	370	561	327	608	318	654	498	641	651	552	753	315	750	491	549	369	638	752	482	720	728	345	723	303	303	606	476	322	696	693	554	0	715	384	643	499	625	756	302	623	
334	392	626	790	532	688	557	375	683	331	519	432	419	676	666	329	662	310	611	351	630	315	499	705	548	334	741	357	518	466	455	755	618	344	301	379	483	547	629	422	348	576	540	478	340	468	427	466	686	702	414	651	715	0	384	754	348	338	592	363	758	
496	499	410	541	324	435	658	569	626	654	410	632	644	536	482	317	610	483	446	715	551	741	711	460	455	477	359	342	573	367	384	660	427	529	597	479	362	637	648	694	608	600	396	484	303	676	571	531	696	400	590	771	384	384	0	463	703	782	605	587	740	
584	489	522	444	418	556	504	496	328	370	711	796	606	547	716	609	742	442	377	309	344	646	708	627	338	360	467	590	615	531	314	536	786	680	549	738	417	711	652	359	447	366	438	629	639	494	636	647	352	322	572	321	643	754	463	0	536	574	516	704	477	
683	670	380	611	412	635	797	678	479	602	504	562	472	548	619	625	362	539	553	750	635	573	534	433	594	311	435	766	538	673	565	378	480	749	306	496	470	760	625	690	624	570	572	438	652	579	413	372	385	549	438	400	499	348	703	536	0	391	570	651	390	
701	382	541	366	624	696	444	463	484	322	791	543	535	517	580	569	694	335	410	640	788	483	411	608	310	576	455	548	741	388	635	402	527	756	569	657	518	498	526	513	311	535	621	326	487	319	653	341	680	302	795	625	625	338	782	574	391	0	388	352	561	
707	775	503	732	624	790	798	487	476	758	754	463	409	674	413	707	646	336	431	697	345	570	607	455	337	511	590	559	564	530	440	558	710	624	704	526	363	661	735	722	673	360	565	609	600	359	610	525	506	688	753	494	756	592	605	516	570	388	0	349	328	
787	610	346	494	408	567	776	664	668	761	743	316	746	779	477	589	697	586	651	722	530	680	782	532	583	394	547	410	694	685	755	788	508	787	783	424	668	469	747	685	775	630	449	452	524	618	594	762	655	317	570	610	302	363	587	704	651	352	349	0	385	
518	770	684	337	322	314	633	382	457	370	546	519	364	439	334	371	397	609	781	778	395	447	358	318	645	779	401	543	328	618	384	780	766	584	341	305	321	727	585	470	649	311	418	755	516	325	531	666	483	634	653	652	623	758	740	477	390	561	328	385	0	
etats
Id_Station	Poids W	Min (P)	WSPT	Priorité	
1	1	300	33,33	1	
2	4	300	33,33	2	
3	2	303	33,67	3	
4	2	305	33,89	4	
5	3	309	34,33	5	
6	2	310	34,44	6	
7	3	315	35,00	7	
8	8	301	37,63	8	
9	7	301	37,63	9	
10	5	305	38,13	10	
11	6	306	38,25	11	
12	2	307	38,38	12	
13	5	308	38,50	13	
14	1	320	40,00	14	
15	7	301	43,00	15	
16	4	316	45,14	16	
17	6	318	45,43	17	
18	1	334	47,71	18	
19	5	301	50,17	19	
20	1	305	50,83	20	
21	3	305	50,83	21	
22	2	305	50,83	22	
23	6	307	51,17	23	
24	9	310	51,67	24	
25	1	310	51,67	25	
26	5	319	53,17	26	
27	8	305	61,00	27	
28	3	311	62,20	28	
29	1	311	62,20	29	
30	6	316	63,20	30	
31	9	306	76,50	31	
32	7	311	77,75	32	
33	1	311	77,75	33	
34	3	311	77,75	34	
35	8	316	79,00	35	
36	6	300	100,00	36	
37	8	302	100,67	37	
38	5	308	102,67	38	
39	4	317	105,67	39	
40	1	332	110,67	40	
41	1	301	150,50	41	
42	8	303	151,50	42	
43	1	305	152,50	43	
44	1	309	154,50	44	
45	1	312	156,00	45	
46	5	313	156,50	46	
47	6	321	160,50	47	
48	2	321	160,50	48	
49	4	300	300,00	49	
50	7	301	301,00	50	
51	5	306	306,00	51	
52	2	306	306,00	52	
53	9	306	306,00	53	
54	3	307	307,00	54	
55	6	309	309,00	55	
56	2	310	310,00	56	
57	6	312	312,00	57	
58	6	313	313,00	58	
59	7	315	315,00	59	
60	1	316	316,00	60	

