distances
0	540	702	646	342	544	385	580	744	685	410	471	488	617	755	475	560	539	585	415	558	625	725	479	318	582	664	540	586	419	467	754	484	697	797	509	529	727	470	654	597	587	378	684	696	335	790	794	402	779	427	442	777	640	785	594	476	643	610	708	702	
540	0	560	538	794	591	377	626	558	526	405	378	308	462	636	629	665	368	693	473	390	613	691	518	644	548	583	495	440	661	747	716	746	550	786	539	593	301	326	733	530	618	326	588	484	371	372	337	693	706	592	596	573	469	523	383	473	629	319	762	612	
702	560	0	578	587	558	348	433	309	389	620	663	581	347	499	703	509	435	744	588	605	665	523	738	718	569	604	681	763	504	366	460	545	509	600	602	456	681	795	737	498	731	769	699	726	599	444	729	780	514	486	759	613	471	345	467	358	617	689	716	491	
646	538	578	0	713	436	501	672	383	778	452	612	755	345	417	666	387	741	656	492	672	360	463	452	379	527	307	494	454	398	481	394	566	554	383	346	483	405	386	726	503	446	492	724	313	585	562	624	335	736	311	426	420	581	786	658	627	469	706	772	740	
342	794	587	713	0	699	429	756	375	577	643	740	518	769	434	306	441	514	700	736	365	352	728	579	518	435	382	799	792	597	524	717	550	567	411	647	538	545	566	657	711	314	597	530	633	563	792	362	448	680	411	544	540	651	498	389	698	465	775	425	763	
544	591	558	436	699	0	485	635	330	720	497	708	535	482	417	562	366	638	363	492	610	748	735	333	739	778	777	575	655	715	541	683	745	579	421	737	332	356	756	476	728	621	665	609	793	614	436	605	697	467	634	469	642	618	341	731	473	646	498	378	705	
385	377	348	501	429	485	0	673	511	695	386	682	590	693	653	469	412	704	588	405	674	769	555	385	478	628	340	540	375	468	593	553	314	539	398	627	669	556	417	330	543	481	425	698	379	777	537	698	771	716	367	314	745	630	633	642	420	315	507	314	413	
580	626	433	672	756	635	673	0	590	376	670	545	507	383	361	328	302	326	472	447	320	620	448	543	543	741	600	745	742	436	647	677	384	480	666	367	555	367	644	758	773	493	748	364	661	525	531	670	613	349	627	378	561	553	693	331	327	651	427	403	473	
744	558	309	383	375	330	511	590	0	314	661	734	465	461	461	617	640	318	316	302	567	509	329	723	585	636	543	511	553	309	755	361	365	564	582	676	643	377	682	784	581	504	551	439	753	676	464	544	401	486	515	573	324	448	451	625	563	633	798	480	646	
685	526	389	778	577	720	695	376	314	0	570	475	582	569	756	473	663	699	472	671	494	409	556	444	668	596	523	763	545	454	467	360	715	467	465	794	653	644	339	559	658	669	615	727	537	406	737	513	673	457	728	691	452	572	403	423	493	383	383	669	307	
410	405	620	452	643	497	386	670	661	570	0	307	743	373	348	444	782	398	405	527	332	713	746	330	790	613	567	762	718	558	703	546	668	359	313	572	323	695	577	485	795	618	780	501	366	421	432	604	347	344	776	503	334	538	531	719	675	471	665	582	720	
471	378	663	612	740	708	682	545	734	475	307	0	577	539	756	338	744	402	721	740	306	461	524	689	691	502	733	614	526	591	671	744	391	394	719	566	793	735	314	401	458	612	577	666	762	688	690	321	730	607	424	486	411	309	439	510	760	401	798	646	483	
488	308	581	755	518	535	590	507	465	582	743	577	0	736	600	336	744	436	561	319	707	563	759	468	356	640	733	712	738	510	360	520	451	718	559	612	380	337	395	391	756	683	620	320	474	633	417	371	711	776	370	556	428	332	739	495	773	400	683	608	457	
617	462	347	345	769	482	693	383	461	569	373	539	736	0	527	786	399	709	741	707	645	669	403	471	764	451	660	681	439	577	452	711	777	660	635	715	748	690	762	485	661	658	641	749	623	727	687	557	456	583	467	465	776	545	340	779	669	541	409	526	524	
755	636	499	417	434	417	653	361	461	756	348	756	600	527	0	532	407	696	483	464	670	622	759	712	515	638	606	502	727	572	633	359	764	658	784	594	428	532	462	774	727	564	698	753	740	541	503	306	557	664	457	301	701	542	585	628	721	335	665	695	579	
475	629	703	666	306	562	469	328	617	473	444	338	336	786	532	0	617	433	584	565	692	752	563	735	315	460	617	648	583	602	598	585	512	392	494	576	497	766	405	356	422	692	332	359	545	363	315	778	466	410	778	395	662	704	356	537	754	601	416	711	393	
560	665	509	387	441	366	412	302	640	663	782	744	744	399	407	617	0	595	363	577	459	497	783	304	355	696	648	484	736	459	626	521	696	369	435	583	679	318	307	638	543	499	486	461	743	615	510	685	679	555	626	572	372	684	605	664	332	743	725	725	320	
539	368	435	741	514	638	704	326	318	699	398	402	436	709	696	433	595	0	455	383	309	550	304	368	606	400	408	658	341	311	407	325	582	656	421	628	375	528	536	786	507	380	671	701	687	584	553	685	327	794	369	618	546	566	605	308	551	556	402	548	317	
585	693	744	656	700	363	588	472	316	472	405	721	561	741	483	584	363	455	0	751	427	645	354	645	382	708	687	398	343	448	362	340	342	631	623	373	353	546	601	362	403	318	469	729	735	452	430	786	432	493	337	542	650	667	332	343	385	701	500	666	776	
415	473	588	492	736	492	405	447	302	671	527	740	319	707	464	565	577	383	751	0	388	702	509	447	472	714	519	357	762	580	428	523	774	689	737	670	304	481	650	410	592	746	797	606	632	387	597	734	468	559	331	493	760	414	724	482	638	696	554	414	322	
558	390	605	672	365	610	674	320	567	494	332	306	707	645	670	692	459	309	427	388	0	473	640	746	653	660	303	441	439	383	318	497	412	615	386	789	465	333	318	607	372	741	765	346	666	431	590	422	794	798	533	785	771	376	304	600	630	799	393	558	487	
625	613	665	360	352	748	769	620	509	409	713	461	563	669	622	752	497	550	645	702	473	0	533	529	634	584	712	684	797	675	701	757	619	430	491	756	537	597	560	349	723	774	634	353	618	431	570	738	720	575	708	365	694	342	749	740	739	322	358	524	597	
725	691	523	463	728	735	555	448	329	556	746	524	759	403	759	563	783	304	354	509	640	533	0	331	685	536	575	628	407	709	407	453	343	690	546	753	676	433	594	763	765	520	426	613	518	610	580	481	379	321	396	729	685	774	492	301	450	349	519	546	376	
479	518	738	452	579	333	385	543	723	444	330	689	468	471	712	735	304	368	645	447	746	529	331	0	456	786	472	571	661	664	317	658	776	524	581	380	722	504	485	783	445	671	587	311	751	419	604	773	726	736	709	718	654	730	378	354	464	775	735	644	479	
318	644	718	379	518	739	478	543	585	668	790	691	356	764	515	315	355	606	382	472	653	634	685	456	0	588	463	733	603	724	455	714	442	792	718	611	585	578	306	451	611	502	633	328	407	582	455	455	640	466	571	694	368	518	623	361	785	606	610	684	460	
582	548	569	527	435	778	628	741	636	596	613	502	640	451	638	460	696	400	708	714	660	584	536	786	588	0	344	366	719	368	335	457	508	371	569	679	498	570	457	748	501	478	637	627	547	419	599	348	482	540	644	647	454	447	316	455	458	734	441	659	542	
664	583	604	307	382	777	340	600	543	523	567	733	733	660	606	617	648	408	687	519	303	712	575	472	463	344	0	305	580	350	537	742	582	763	458	588	529	422	394	676	687	665	500	609	397	726	617	402	588	559	720	534	406	394	413	424	488	333	608	586	628	
540	495	681	494	799	575	540	745	511	763	762	614	712	681	502	648	484	658	398	357	441	684	628	571	733	366	305	0	393	319	394	563	539	603	774	726	549	580	542	790	738	690	784	795	335	611	757	385	491	405	603	700	422	377	605	411	372	644	710	357	512	
586	440	763	454	792	655	375	742	553	545	718	526	738	439	727	583	736	341	343	762	439	797	407	661	603	719	580	393	0	680	567	765	435	659	326	428	362	607	648	534	799	346	536	324	583	542	578	553	401	723	696	747	473	342	619	528	308	560	566	634	684	
419	661	504	398	597	715	468	436	309	454	558	591	510	577	572	602	459	311	448	580	383	675	709	664	724	368	350	319	680	0	592	361	325	416	701	704	440	464	679	405	649	761	448	719	788	525	481	459	322	306	643	414	774	361	716	399	414	602	710	402	405	
467	747	366	481	524	541	593	647	755	467	703	671	360	452	633	598	626	407	362	428	318	701	407	317	455	335	537	394	567	592	0	749	331	537	567	630	542	790	465	612	655	789	585	758	555	437	308	636	666	528	510	601	749	383	331	320	363	439	525	350	736	
754	716	460	394	717	683	553	677	361	360	546	744	520	711	359	585	521	325	340	523	497	757	453	658	714	457	742	563	765	361	749	0	481	329	688	576	313	300	417	640	380	568	507	391	402	548	769	469	413	689	489	381	718	793	756	429	725	759	320	612	522	
484	746	545	566	550	745	314	384	365	715	668	391	451	777	764	512	696	582	342	774	412	619	343	776	442	508	582	539	435	325	331	481	0	364	773	483	542	690	548	310	443	484	349	542	476	563	426	711	519	765	484	582	776	730	377	567	563	781	718	434	331	
697	550	509	554	567	579	539	480	564	467	359	394	718	660	658	392	369	656	631	689	615	430	690	524	792	371	763	603	659	416	537	329	364	0	416	355	606	324	559	321	400	387	739	488	525	599	605	739	518	416	460	454	572	324	518	566	347	689	435	380	544	
797	786	600	383	411	421	398	666	582	465	313	719	559	635	784	494	435	421	623	737	386	491	546	581	718	569	458	774	326	701	567	688	773	416	0	605	581	418	579	766	468	339	782	413	510	765	635	505	493	380	520	701	329	658	307	677	743	673	539	544	509	
509	539	602	346	647	737	627	367	676	794	572	566	612	715	594	576	583	628	373	670	789	756	753	380	611	679	588	726	428	704	630	576	483	355	605	0	599	457	698	597	321	318	457	304	731	646	652	622	517	409	317	655	310	701	604	579	375	547	510	544	522	
529	593	456	483	538	332	669	555	643	653	323	793	380	748	428	497	679	375	353	304	465	537	676	722	585	498	529	549	362	440	542	313	542	606	581	599	0	539	700	741	358	653	608	442	591	477	593	467	730	369	500	697	341	590	559	395	663	595	429	418	342	
727	301	681	405	545	356	556	367	377	644	695	735	337	690	532	766	318	528	546	481	333	597	433	504	578	570	422	580	607	464	790	300	690	324	418	457	539	0	440	318	549	623	533	713	584	443	594	343	686	441	464	456	767	587	513	319	649	368	549	572	552	
470	326	795	386	566	756	417	644	682	339	577	314	395	762	462	405	307	536	601	650	318	560	594	485	306	457	394	542	648	679	465	417	548	559	579	698	700	440	0	649	392	708	585	559	607	599	382	310	673	377	469	417	695	444	647	415	711	621	468	451	608	
654	733	737	726	657	476	330	758	784	559	485	401	391	485	774	356	638	786	362	410	607	349	763	783	451	748	676	790	534	405	612	640	310	321	766	597	741	318	649	0	411	334	375	617	651	646	327	466	747	404	520	647	557	442	435	534	588	581	458	776	698	
597	530	498	503	711	728	543	773	581	658	795	458	756	661	727	422	543	507	403	592	372	723	765	445	611	501	687	738	799	649	655	380	443	400	468	321	358	549	392	411	0	464	380	356	693	749	452	523	360	364	772	543	383	679	340	425	489	685	615	517	500	
587	618	731	446	314	621	481	493	504	669	618	612	683	658	564	692	499	380	318	746	741	774	520	671	502	478	665	690	346	761	789	568	484	387	339	318	653	623	708	334	464	0	592	419	636	389	473	433	787	719	392	457	438	598	311	632	465	714	324	425	454	
378	326	769	492	597	665	425	748	551	615	780	577	620	641	698	332	486	671	469	797	765	634	426	587	633	637	500	784	536	448	585	507	349	739	782	457	608	533	585	375	380	592	0	438	656	666	373	759	724	376	615	401	714	362	783	679	384	359	404	411	746	
684	588	699	724	530	609	698	364	439	727	501	666	320	749	753	359	461	701	729	606	346	353	613	311	328	627	609	795	324	719	758	391	542	488	413	304	442	713	559	617	356	419	438	0	753	701	752	717	744	376	554	699	446	316	515	734	410	301	552	728	575	
696	484	726	313	633	793	379	661	753	537	366	762	474	623	740	545	743	687	735	632	666	618	518	751	407	547	397	335	583	788	555	402	476	525	510	731	591	584	607	651	693	636	656	753	0	432	613	590	780	665	586	718	521	445	549	316	639	666	778	680	308	
335	371	599	585	563	614	777	525	676	406	421	688	633	727	541	363	615	584	452	387	431	431	610	419	582	419	726	611	542	525	437	548	563	599	765	646	477	443	599	646	749	389	666	701	432	0	333	347	563	750	724	620	505	590	346	660	667	568	725	420	417	
790	372	444	562	792	436	537	531	464	737	432	690	417	687	503	315	510	553	430	597	590	570	580	604	455	599	617	757	578	481	308	769	426	605	635	652	593	594	382	327	452	473	373	752	613	333	0	501	755	595	309	489	447	406	624	694	576	654	541	353	759	
794	337	729	624	362	605	698	670	544	513	604	321	371	557	306	778	685	685	786	734	422	738	481	773	455	348	402	385	553	459	636	469	711	739	505	622	467	343	310	466	523	433	759	717	590	347	501	0	387	339	695	724	675	318	550	797	619	669	484	482	528	
402	693	780	335	448	697	771	613	401	673	347	730	711	456	557	466	679	327	432	468	794	720	379	726	640	482	588	491	401	322	666	413	519	518	493	517	730	686	673	747	360	787	724	744	780	563	755	387	0	566	656	756	626	502	670	657	603	562	702	795	392	
779	706	514	736	680	467	716	349	486	457	344	607	776	583	664	410	555	794	493	559	798	575	321	736	466	540	559	405	723	306	528	689	765	416	380	409	369	441	377	404	364	719	376	376	665	750	595	339	566	0	539	404	313	797	495	698	600	439	445	720	596	
427	592	486	311	411	634	367	627	515	728	776	424	370	467	457	778	626	369	337	331	533	708	396	709	571	644	720	603	696	643	510	489	484	460	520	317	500	464	469	520	772	392	615	554	586	724	309	695	656	539	0	576	402	525	361	340	411	574	472	394	566	
442	596	759	426	544	469	314	378	573	691	503	486	556	465	301	395	572	618	542	493	785	365	729	718	694	647	534	700	747	414	601	381	582	454	701	655	697	456	417	647	543	457	401	699	718	620	489	724	756	404	576	0	561	464	622	775	641	562	422	742	791	
777	573	613	420	540	642	745	561	324	452	334	411	428	776	701	662	372	546	650	760	771	694	685	654	368	454	406	422	473	774	749	718	776	572	329	310	341	767	695	557	383	438	714	446	521	505	447	675	626	313	402	561	0	786	443	337	334	654	559	719	682	
640	469	471	581	651	618	630	553	448	572	538	309	332	545	542	704	684	566	667	414	376	342	774	730	518	447	394	377	342	361	383	793	730	324	658	701	590	587	444	442	679	598	362	316	445	590	406	318	502	797	525	464	786	0	635	761	467	783	567	375	756	
785	523	345	786	498	341	633	693	451	403	531	439	739	340	585	356	605	605	332	724	304	749	492	378	623	316	413	605	619	716	331	756	377	518	307	604	559	513	647	435	340	311	783	515	549	346	624	550	670	495	361	622	443	635	0	392	496	444	349	596	417	
594	383	467	658	389	731	642	331	625	423	719	510	495	779	628	537	664	308	343	482	600	740	301	354	361	455	424	411	528	399	320	429	567	566	677	579	395	319	415	534	425	632	679	734	316	660	694	797	657	698	340	775	337	761	392	0	491	337	753	583	483	
476	473	358	627	698	473	420	327	563	493	675	760	773	669	721	754	332	551	385	638	630	739	450	464	785	458	488	372	308	414	363	725	563	347	743	375	663	649	711	588	489	465	384	410	639	667	576	619	603	600	411	641	334	467	496	491	0	433	701	756	411	
643	629	617	469	465	646	315	651	633	383	471	401	400	541	335	601	743	556	701	696	799	322	349	775	606	734	333	644	560	602	439	759	781	689	673	547	595	368	621	581	685	714	359	301	666	568	654	669	562	439	574	562	654	783	444	337	433	0	538	453	652	
610	319	689	706	775	498	507	427	798	383	665	798	683	409	665	416	725	402	500	554	393	358	519	735	610	441	608	710	566	710	525	320	718	435	539	510	429	549	468	458	615	324	404	552	778	725	541	484	702	445	472	422	559	567	349	753	701	538	0	781	737	
708	762	716	772	425	378	314	403	480	669	582	646	608	526	695	711	725	548	666	414	558	524	546	644	684	659	586	357	634	402	350	612	434	380	544	544	418	572	451	776	517	425	411	728	680	420	353	482	795	720	394	742	719	375	596	583	756	453	781	0	732	
702	612	491	740	763	705	413	473	646	307	720	483	457	524	579	393	320	317	776	322	487	597	376	479	460	542	628	512	684	405	736	522	331	544	509	522	342	552	608	698	500	454	746	575	308	417	759	528	392	596	566	791	682	756	417	483	411	652	737	732	0	
etats
Id_Station	Poids W	Min (P)	WSPT	Priorité	
1	8	300	33,33	1	
2	3	306	34,00	2	
3	8	312	34,67	3	
4	6	319	35,44	4	
5	2	303	37,88	5	
6	4	310	38,75	6	
7	3	312	39,00	7	
8	2	317	39,63	8	
9	4	326	40,75	9	
10	1	329	41,13	10	
11	7	300	42,86	11	
12	5	301	43,00	12	
13	6	306	43,71	13	
14	5	326	46,57	14	
15	5	347	49,57	15	
16	6	302	50,33	16	
17	7	304	50,67	17	
18	6	305	50,83	18	
19	5	308	51,33	19	
20	4	309	51,50	20	
21	3	313	52,17	21	
22	1	320	53,33	22	
23	2	301	60,20	23	
24	1	301	60,20	24	
25	5	304	60,80	25	
26	9	306	61,20	26	
27	7	318	63,60	27	
28	7	324	64,80	28	
29	1	328	65,60	29	
30	7	300	75,00	30	
31	1	301	75,25	31	
32	2	305	76,25	32	
33	7	309	77,25	33	
34	9	309	77,25	34	
35	4	313	78,25	35	
36	8	315	78,75	36	
37	5	300	100,00	37	
38	5	310	103,33	38	
39	3	314	104,67	39	
40	3	315	105,00	40	
41	8	328	109,33	41	
42	1	335	111,67	42	
43	7	345	115,00	43	
44	1	301	150,50	44	
45	3	305	152,50	45	
46	5	309	154,50	46	
47	1	315	157,50	47	
48	6	328	164,00	48	
49	5	301	301,00	49	
50	8	301	301,00	50	
51	1	301	301,00	51	
52	3	302	302,00	52	
53	6	303	303,00	53	
54	9	303	303,00	54	
55	1	304	304,00	55	
56	7	309	309,00	56	
57	2	317	317,00	57	
58	5	318	318,00	58	
59	1	322	322,00	59	
60	2	322	322,00	60	

